13 0.382812 0.396759 0.014583 0.095370
5 0.618229 0.545370 0.012500 0.040741
6 0.619010 0.539815 0.015104 0.051852
6 0.724479 0.510648 0.008333 0.030556
5 0.723958 0.517130 0.010417 0.023148
5 0.636979 0.582407 0.025000 0.061111
2 0.685937 0.559259 0.084375 0.125926
5 0.691927 0.587500 0.030729 0.080556
6 0.703906 0.548611 0.016146 0.050926
5 0.710417 0.603241 0.055208 0.091667
6 0.714063 0.555093 0.023958 0.056481
2 0.767188 0.549074 0.062500 0.079630
2 0.804427 0.567130 0.081771 0.115741
1 0.915625 0.479167 0.031250 0.049074
4 0.886198 0.486574 0.034896 0.067593
6 0.907292 0.493056 0.006250 0.026852
5 0.906510 0.500926 0.006771 0.022222
4 0.869010 0.508796 0.034896 0.058333
5 0.950260 0.490278 0.006771 0.017593
6 0.950000 0.481481 0.007292 0.016667
0 0.926042 0.495833 0.016667 0.034259
2 0.921875 0.500926 0.016667 0.033333
0 0.965104 0.520833 0.030208 0.043519
5 0.986198 0.544907 0.020313 0.054630
6 0.983594 0.529167 0.019271 0.060185
0 0.915885 0.558333 0.063021 0.088889
7 0.963021 0.535648 0.013542 0.073148
5 0.015625 0.633333 0.030208 0.072222
5 0.219531 0.862500 0.172396 0.275000
6 0.202083 0.788426 0.184375 0.423148
5 0.045573 0.864815 0.090104 0.266667
6 0.024740 0.818056 0.048438 0.056481
2 0.931771 0.488426 0.011458 0.026852
5 0.940625 0.498611 0.005208 0.013889
6 0.941146 0.491204 0.007292 0.023148