4 0.582552 0.535648 0.017188 0.032407
3 0.600521 0.548148 0.008333 0.014815
3 0.606510 0.547685 0.007812 0.017593
5 0.590104 0.549537 0.007292 0.019444
0 0.617969 0.549074 0.021354 0.031481
6 0.590104 0.542593 0.010417 0.027778
7 0.749740 0.568981 0.007812 0.021296
5 0.628385 0.555093 0.009896 0.025000
6 0.628125 0.544907 0.009375 0.028704
7 0.755729 0.574537 0.009375 0.023148
0 0.662240 0.571759 0.051562 0.069444
0 0.847656 0.642130 0.154688 0.175000
5 0.490885 0.540741 0.006771 0.014815
6 0.490625 0.534259 0.006250 0.020370
0 0.511719 0.546759 0.028646 0.045370
5 0.461979 0.550000 0.012500 0.037037
6 0.460938 0.542593 0.011458 0.040741
5 0.450781 0.540741 0.013021 0.022222
7 0.419531 0.541667 0.009896 0.035185
5 0.434375 0.553704 0.013542 0.031481
6 0.435677 0.540741 0.014063 0.038889