0 0.428125 0.534722 0.013542 0.021296
0 0.472135 0.537037 0.016146 0.018519
7 0.386198 0.532870 0.005729 0.019444
7 0.382031 0.533796 0.004687 0.021296
6 0.402604 0.530556 0.007292 0.016667
5 0.406771 0.548611 0.011458 0.032407
6 0.407813 0.541667 0.011458 0.037037
5 0.420833 0.554167 0.013542 0.036111
6 0.420052 0.546296 0.011979 0.038889
5 0.444010 0.568056 0.021354 0.050926
6 0.442969 0.555093 0.018229 0.062037
6 0.375260 0.531019 0.005729 0.021296
5 0.375000 0.535185 0.006250 0.016667
5 0.396354 0.565741 0.018750 0.055556
6 0.398177 0.552315 0.017188 0.060185
5 0.504687 0.544444 0.006250 0.014815
1 0.538542 0.535185 0.060417 0.074074
0 0.866406 0.598611 0.096354 0.082407
5 0.786719 0.612500 0.044271 0.080556
6 0.782813 0.586574 0.028125 0.095370
2 0.644010 0.561111 0.026562 0.038889
7 0.182031 0.592593 0.038021 0.116667
7 0.233073 0.601389 0.025521 0.115741
0 0.488802 0.541667 0.013021 0.022222
6 0.504167 0.537037 0.006250 0.016667
2 0.392448 0.522685 0.005729 0.012037