1 0.588281 0.512963 0.019271 0.042593
2 0.604688 0.520833 0.008333 0.021296
5 0.635677 0.528241 0.009896 0.023148
5 0.598177 0.530093 0.008854 0.025000
6 0.597135 0.521296 0.008854 0.024074
6 0.635938 0.521296 0.009375 0.025926
5 0.626823 0.529630 0.007812 0.020370
6 0.625260 0.519907 0.006771 0.023148
5 0.620313 0.531019 0.008333 0.023148
6 0.620052 0.517593 0.009896 0.016667
5 0.832031 0.550463 0.023438 0.043519
5 0.848958 0.544907 0.018750 0.041667
7 0.880729 0.552778 0.016667 0.070370
7 0.872135 0.561111 0.018229 0.074074
4 0.538281 0.509722 0.022396 0.050926
6 0.529687 0.526852 0.006250 0.033333
5 0.529687 0.538889 0.004167 0.014815
5 0.470052 0.525000 0.009896 0.020370
5 0.462500 0.526852 0.014583 0.029630
0 0.481510 0.523611 0.016146 0.030556
7 0.443229 0.516667 0.006250 0.020370
7 0.432812 0.539352 0.009375 0.047222
7 0.427083 0.539352 0.010417 0.045370
7 0.460156 0.515741 0.005729 0.012963
5 0.408333 0.542593 0.016667 0.037037
5 0.419792 0.554167 0.016667 0.043519
7 0.364323 0.509722 0.011979 0.060185
4 0.507812 0.540741 0.041667 0.075926
6 0.494792 0.509722 0.013542 0.049074
6 0.522135 0.506944 0.011979 0.049074
0 0.399740 0.524537 0.040104 0.039815
13 0.563542 0.383333 0.013542 0.012963
13 0.585938 0.454630 0.006250 0.042593
2 0.828385 0.535648 0.030729 0.058333
13 0.569792 0.452315 0.004167 0.019444