7 0.021875 0.767130 0.042708 0.269444
7 0.089583 0.784722 0.103125 0.421296
8 0.155990 0.711574 0.042188 0.149074
5 0.275521 0.670370 0.033333 0.101852
5 0.232552 0.781944 0.093229 0.247222
6 0.251563 0.685648 0.062500 0.176852
3 0.427083 0.468981 0.233333 0.562037
6 0.233854 0.698611 0.101042 0.267593
0 0.633333 0.565741 0.028125 0.042593
7 0.504167 0.560648 0.045833 0.126852
7 0.501823 0.711111 0.036979 0.312963
7 0.564844 0.574074 0.022396 0.033333
7 0.571875 0.597222 0.022917 0.061111
7 0.561198 0.753704 0.047396 0.355556
7 0.573438 0.737037 0.046875 0.320370
7 0.591406 0.567593 0.021354 0.062963
7 0.592969 0.595370 0.019271 0.068519
7 0.585677 0.605093 0.027604 0.054630
7 0.616667 0.754630 0.084375 0.403704
7 0.727604 0.550926 0.014583 0.037037
7 0.748958 0.621296 0.036458 0.142593
0 0.700000 0.653704 0.113542 0.212963
7 0.698177 0.727315 0.044271 0.295370
4 0.835156 0.612500 0.156771 0.271296
7 0.683854 0.711111 0.084375 0.409259
7 0.780729 0.643519 0.037500 0.211111
7 0.809375 0.643981 0.036458 0.247222
7 0.825781 0.651852 0.045312 0.268519
4 0.926562 0.654167 0.146875 0.510185
7 0.366146 0.753241 0.073958 0.493519
7 0.434115 0.774074 0.098437 0.451852
7 0.526823 0.762037 0.077604 0.472222