7 0.295052 0.571759 0.018229 0.106481
5 0.304688 0.579630 0.025000 0.088889
7 0.414583 0.536111 0.015625 0.042593
7 0.402865 0.538889 0.016146 0.046296
6 0.385937 0.546296 0.034375 0.044444
7 0.438281 0.543056 0.017188 0.034259
6 0.425781 0.539815 0.018229 0.035185
0 0.529167 0.497685 0.054167 0.021296
6 0.534896 0.475926 0.014583 0.046296
6 0.540365 0.479167 0.016146 0.052778
1 0.592187 0.511111 0.083333 0.118519
6 0.516927 0.494444 0.013021 0.022222
1 0.723958 0.514815 0.019792 0.035185
1 0.668750 0.511574 0.022917 0.021296
1 0.697917 0.513426 0.040625 0.047222
2 0.744010 0.527778 0.029687 0.020370
7 0.811198 0.546759 0.014063 0.039815
0 0.785417 0.555093 0.063542 0.065741
7 0.851042 0.544907 0.006250 0.032407
7 0.857552 0.539815 0.010937 0.042593
2 0.898438 0.541204 0.054167 0.041667
7 0.885938 0.545370 0.014583 0.027778
6 0.904687 0.540741 0.020833 0.035185
7 0.938281 0.544907 0.011979 0.025000
0 0.971354 0.530093 0.057292 0.067593
0 0.715365 0.530556 0.033854 0.014815
0 0.611979 0.576852 0.036458 0.090741
6 0.586458 0.575926 0.025000 0.111111
0 0.647656 0.595833 0.089063 0.136111
0 0.722396 0.640278 0.158333 0.210185
0 0.869792 0.751389 0.260417 0.393519
0 0.581510 0.600926 0.031771 0.146296
0 0.514323 0.619444 0.149479 0.240741
0 0.418229 0.772222 0.419792 0.453704
2 0.066927 0.643519 0.132812 0.300000
7 0.416927 0.518981 0.007812 0.019444
1 0.645833 0.516204 0.027083 0.019444