0 0.181510 0.558333 0.028646 0.085185
0 0.338802 0.543981 0.018229 0.021296
0 0.858854 0.717130 0.282292 0.380556
7 0.735156 0.594907 0.011979 0.028704
5 0.702344 0.637037 0.056771 0.146296
7 0.642188 0.584259 0.020833 0.129630
7 0.638542 0.534259 0.009375 0.035185
7 0.625781 0.544907 0.011979 0.034259
7 0.616927 0.544907 0.010937 0.025000
7 0.596875 0.541204 0.009375 0.032407
7 0.586719 0.540278 0.013021 0.030556
7 0.579688 0.536111 0.011458 0.037037
7 0.570052 0.543981 0.010937 0.032407
7 0.556250 0.543981 0.010417 0.021296
7 0.563281 0.549537 0.009896 0.015741
7 0.549219 0.543056 0.010937 0.019444
7 0.538021 0.549074 0.018750 0.046296
7 0.519271 0.564815 0.010417 0.040741
7 0.527083 0.544444 0.006250 0.018519
7 0.526563 0.552778 0.003125 0.009259
7 0.604688 0.612963 0.032292 0.172222
7 0.569010 0.646296 0.042188 0.181481
7 0.522135 0.650000 0.048438 0.194444
7 0.502604 0.574074 0.011458 0.066667
7 0.487500 0.575926 0.019792 0.087037
7 0.456510 0.600463 0.014063 0.054630
7 0.443490 0.580556 0.019271 0.088889
7 0.426042 0.544444 0.007292 0.018519
7 0.481771 0.544444 0.006250 0.020370
7 0.474219 0.558796 0.006771 0.023148
7 0.470833 0.552778 0.007292 0.033333
7 0.467187 0.556019 0.008333 0.030556
7 0.461198 0.554630 0.006771 0.033333
7 0.443750 0.590278 0.020833 0.110185
7 0.422396 0.574537 0.016667 0.054630
5 0.430469 0.575926 0.007812 0.035185
7 0.410677 0.582407 0.018229 0.120370
7 0.392708 0.540278 0.015625 0.036111
7 0.392969 0.584722 0.015104 0.076852
7 0.398958 0.611111 0.016667 0.062963
7 0.379167 0.550463 0.012500 0.025000
7 0.378385 0.596759 0.020313 0.104630
3 0.363542 0.533796 0.015625 0.015741
5 0.370573 0.560185 0.009896 0.025926
6 0.371615 0.552315 0.009896 0.028704
7 0.359635 0.568519 0.014063 0.059259
0 0.336719 0.552315 0.023438 0.017593
0 0.234115 0.572685 0.076563 0.075000
7 0.354948 0.545370 0.009896 0.033333
7 0.498177 0.577778 0.005729 0.035185