7 0.468750 0.545833 0.005208 0.015741
7 0.455208 0.548148 0.005208 0.016667
7 0.467187 0.562037 0.007292 0.029630
6 0.460677 0.561574 0.009896 0.030556
5 0.460417 0.575000 0.012500 0.037037
7 0.473177 0.566204 0.014063 0.065741
7 0.483073 0.563889 0.008854 0.059259
7 0.488281 0.572222 0.009896 0.059259
5 0.540885 0.578241 0.025521 0.052778
5 0.600000 0.593056 0.038542 0.082407
8 0.553125 0.586574 0.025000 0.037963
7 0.714063 0.503241 0.017708 0.123148
5 0.676823 0.586574 0.063021 0.100926
7 0.747135 0.587037 0.042188 0.240741
7 0.761719 0.630093 0.061979 0.312037
7 0.820833 0.631944 0.045833 0.241667
7 0.838281 0.625000 0.060937 0.248148
7 0.514583 0.665741 0.056250 0.301852
7 0.561719 0.691667 0.047396 0.192593
7 0.578906 0.684259 0.035937 0.181481
7 0.614583 0.665741 0.019792 0.175926
7 0.603385 0.719444 0.045312 0.238889
7 0.640885 0.667130 0.061979 0.267593
0 0.842969 0.803241 0.314063 0.393519
7 0.434115 0.553241 0.003646 0.008333
7 0.423958 0.553704 0.004167 0.007407
7 0.415104 0.550000 0.006250 0.012963
7 0.408594 0.575463 0.010937 0.052778
7 0.407031 0.550000 0.004687 0.014815
7 0.419271 0.572685 0.011458 0.063889
5 0.430208 0.582407 0.013542 0.042593
6 0.428906 0.569907 0.011979 0.052778
7 0.452865 0.559722 0.011979 0.041667
7 0.396875 0.559722 0.015625 0.054630
7 0.385937 0.551389 0.006250 0.021296
7 0.399479 0.597222 0.016667 0.083333
7 0.378385 0.566667 0.005729 0.020370
7 0.380729 0.566667 0.007292 0.025926
7 0.387760 0.598148 0.020313 0.094444
7 0.369792 0.565278 0.006250 0.015741
5 0.357552 0.601852 0.024479 0.040741
7 0.373958 0.659259 0.034375 0.187037
7 0.341927 0.618056 0.033854 0.158333
7 0.281250 0.580093 0.011458 0.063889
7 0.286719 0.582870 0.018229 0.073148
5 0.276823 0.608796 0.031771 0.067593
7 0.213802 0.560185 0.013021 0.057407
5 0.228906 0.736111 0.091146 0.164815
5 0.266667 0.678241 0.046875 0.078704
7 0.323177 0.604167 0.032813 0.097222
7 0.336198 0.713426 0.034896 0.200926
7 0.058854 0.597222 0.029167 0.148148
7 0.298698 0.722685 0.074479 0.312037
7 0.240365 0.710648 0.080729 0.410185
7 0.442969 0.657870 0.050521 0.245370
7 0.455469 0.696759 0.047396 0.239815