7 0.348958 0.568981 0.010417 0.047222
5 0.370833 0.579167 0.028125 0.028704
6 0.370833 0.567130 0.009375 0.034259
6 0.366146 0.568519 0.009375 0.033333
7 0.413021 0.571759 0.011458 0.047222
7 0.414844 0.583333 0.005729 0.033333
7 0.419010 0.575463 0.009896 0.049074
7 0.425521 0.567130 0.007292 0.054630
7 0.432552 0.572222 0.013021 0.057407
7 0.452083 0.556019 0.008333 0.025000
7 0.445833 0.571296 0.007292 0.046296
7 0.440625 0.569444 0.007292 0.051852
7 0.459115 0.627778 0.029687 0.174074
7 0.475000 0.560648 0.008333 0.032407
7 0.501563 0.561574 0.007292 0.041667
7 0.498177 0.572222 0.014063 0.042593
7 0.510677 0.592593 0.017188 0.035185
7 0.515885 0.568056 0.009896 0.037963
0 0.525260 0.545833 0.010937 0.012037
7 0.520052 0.547685 0.004687 0.015741
7 0.526563 0.548148 0.006250 0.018519
7 0.560677 0.569444 0.013021 0.053704
5 0.601823 0.612963 0.020313 0.079630
7 0.548438 0.558796 0.021875 0.082407
7 0.584896 0.638889 0.045833 0.220370
6 0.619531 0.678704 0.056771 0.298148
6 0.625260 0.693519 0.056771 0.296296
5 0.631771 0.725000 0.047917 0.183333
0 0.709896 0.568056 0.131250 0.136111
4 0.890365 0.620370 0.218229 0.401852
5 0.927604 0.868981 0.142708 0.262037
6 0.963021 0.762963 0.067708 0.474074
5 0.917188 0.977778 0.069792 0.040741
5 0.758073 0.877315 0.251563 0.245370
6 0.652344 0.777778 0.043229 0.444444
6 0.698698 0.768981 0.113021 0.458333
7 0.728906 0.591667 0.056771 0.120370
6 0.759115 0.780556 0.177604 0.438889
7 0.788281 0.654167 0.061979 0.202778
7 0.863021 0.656944 0.108333 0.302778
5 0.544271 0.731944 0.072917 0.213889
6 0.542448 0.682870 0.075521 0.275000
6 0.548698 0.681944 0.056771 0.189815
6 0.524219 0.571296 0.010937 0.031481
7 0.521094 0.558333 0.005729 0.020370
7 0.515885 0.552315 0.005729 0.017593
5 0.487760 0.678704 0.049479 0.150000
6 0.491146 0.631944 0.055208 0.163889
0 0.318750 0.587963 0.035417 0.074074
0 0.314583 0.597685 0.029167 0.073148
3 0.320312 0.651852 0.042708 0.090741
4 0.157031 0.500463 0.313021 0.999074
7 0.798177 0.717130 0.041146 0.080556