1 0.524740 0.504630 0.033854 0.038889
1 0.607031 0.504167 0.034896 0.037963
1 0.658073 0.505556 0.056771 0.062963
4 0.703646 0.502315 0.077083 0.062037
2 0.662760 0.529630 0.019271 0.040741
7 0.760417 0.525926 0.008333 0.024074
1 0.571615 0.512500 0.041146 0.069444
0 0.575521 0.544444 0.016667 0.050000
0 0.587760 0.546296 0.027604 0.055556
0 0.603646 0.541204 0.034375 0.045370
0 0.638281 0.578704 0.053646 0.098148
6 0.594792 0.575926 0.025000 0.107407
5 0.605469 0.642593 0.039062 0.127778
0 0.712500 0.618519 0.143750 0.174074
6 0.605990 0.605093 0.045312 0.145370
4 0.886719 0.641667 0.225521 0.570370
6 0.543490 0.499074 0.015104 0.040741
0 0.561719 0.563426 0.017188 0.075000
2 0.482552 0.535648 0.031771 0.034259
6 0.488281 0.537037 0.014063 0.024074
0 0.532552 0.586111 0.073438 0.133333
0 0.448958 0.543981 0.036458 0.037963
7 0.413542 0.563889 0.016667 0.037037
0 0.461719 0.637963 0.108854 0.177778
5 0.534115 0.710185 0.069271 0.229630
6 0.530990 0.652778 0.083854 0.220370
5 0.389323 0.564352 0.032813 0.062037
5 0.370833 0.631019 0.042708 0.099074
6 0.373177 0.598611 0.032813 0.113889
7 0.349479 0.543056 0.017708 0.073148
5 0.215625 0.842130 0.170833 0.313889
6 0.242188 0.777315 0.095833 0.417593
6 0.234375 0.785185 0.105208 0.425926
6 0.157812 0.797222 0.123958 0.401852
10 0.419792 0.488426 0.016667 0.047222