0 0.210156 0.608796 0.166146 0.184259
5 0.233333 0.706944 0.100000 0.226852
6 0.240885 0.632407 0.074479 0.220370
7 0.005729 0.705556 0.011458 0.075926
6 0.428646 0.536574 0.011458 0.030556
6 0.419271 0.537500 0.018750 0.028704
1 0.503125 0.505556 0.033333 0.033333
1 0.548958 0.516667 0.044792 0.074074
6 0.515365 0.504630 0.015104 0.022222
1 0.591406 0.520370 0.029687 0.040741
0 0.558073 0.551852 0.020313 0.050000
6 0.528906 0.493056 0.013021 0.050926
6 0.532552 0.493981 0.014063 0.054630
3 0.540885 0.557407 0.023438 0.088889
0 0.534635 0.581019 0.023438 0.099074
0 0.570312 0.550926 0.028125 0.050000
6 0.563542 0.568519 0.021875 0.083333
6 0.576042 0.581944 0.027083 0.110185
5 0.574219 0.601389 0.024479 0.091667
5 0.586198 0.712037 0.067187 0.237037
6 0.591146 0.643519 0.076042 0.237037
0 0.618750 0.560648 0.034375 0.062037
0 0.638542 0.541667 0.030208 0.029630
2 0.616406 0.532407 0.018229 0.022222
0 0.678646 0.541667 0.020833 0.014815
2 0.663281 0.536111 0.018229 0.020370
7 0.810417 0.544444 0.012500 0.025926
2 0.915885 0.590741 0.106771 0.161111
0 0.660677 0.612037 0.094271 0.144444
0 0.807031 0.712037 0.303646 0.325926
0 0.489844 0.606481 0.115104 0.201852
0 0.375000 0.741204 0.279167 0.399074
9 0.621875 0.224537 0.005208 0.008333
9 0.627083 0.258333 0.006250 0.007407
9 0.606510 0.255556 0.004687 0.007407
9 0.601302 0.263889 0.004687 0.007407
9 0.610417 0.265741 0.003125 0.007407
9 0.618750 0.261111 0.002083 0.005556
9 0.590104 0.288426 0.004167 0.006481
9 0.566927 0.258333 0.003646 0.007407
9 0.588542 0.298148 0.004167 0.005556
9 0.587760 0.305093 0.004687 0.006481
9 0.583333 0.322685 0.004167 0.006481
9 0.582552 0.327315 0.003646 0.006481
9 0.581510 0.338426 0.004687 0.004630
9 0.579688 0.343981 0.006250 0.006481
9 0.577865 0.347685 0.004687 0.004630
9 0.576823 0.352778 0.004687 0.007407
9 0.575521 0.359722 0.005208 0.006481
9 0.572135 0.368519 0.003646 0.011111
9 0.566146 0.381944 0.005208 0.008333
9 0.553385 0.386574 0.003646 0.006481
5 0.989062 0.611111 0.018750 0.062963