2 0.507812 0.522222 0.008333 0.016667
0 0.526042 0.522685 0.009375 0.015741
5 0.521094 0.531019 0.007812 0.017593
6 0.520312 0.523611 0.008333 0.025000
0 0.575260 0.523148 0.014063 0.022222
10 0.555469 0.494907 0.006771 0.012037
10 0.561198 0.496296 0.009896 0.016667
10 0.606250 0.509722 0.006250 0.013889
0 0.591927 0.523148 0.011979 0.014815
5 0.501042 0.532407 0.008333 0.020370
6 0.500781 0.525926 0.009896 0.025926
5 0.491406 0.555093 0.017188 0.049074
6 0.491406 0.545370 0.018229 0.048148
5 0.515104 0.526852 0.005208 0.009259
6 0.514844 0.521296 0.004687 0.012963
0 0.558333 0.538426 0.029167 0.043519
5 0.758594 0.547685 0.015104 0.043519
6 0.759115 0.537037 0.014063 0.042593
3 0.632552 0.519907 0.066146 0.089815
0 0.616667 0.569444 0.071875 0.094444
5 0.624479 0.625463 0.043750 0.102778
6 0.622396 0.587500 0.036458 0.126852
0 0.811719 0.562500 0.097396 0.117593
10 0.724219 0.574074 0.011979 0.027778
3 0.745313 0.531944 0.019792 0.043519
7 0.245052 0.522222 0.007812 0.029630