7 0.306510 0.618519 0.041146 0.125926
7 0.294271 0.629167 0.035417 0.128704
7 0.272135 0.663426 0.049479 0.258333
7 0.237240 0.675000 0.049479 0.312963
7 0.185156 0.583333 0.041146 0.127778
7 0.157031 0.638426 0.030729 0.178704
7 0.124219 0.660185 0.063021 0.311111
5 0.117448 0.689815 0.066146 0.198148
5 0.042969 0.743981 0.084896 0.178704
7 0.029167 0.655556 0.057292 0.235185
5 0.025781 0.810648 0.050521 0.184259
5 0.033073 0.910185 0.065104 0.179630
7 0.202604 0.762037 0.077083 0.475926
7 0.182292 0.813426 0.076042 0.373148
7 0.398438 0.629630 0.016667 0.185185
7 0.380469 0.646296 0.049479 0.264815
7 0.355729 0.660648 0.048958 0.226852
7 0.477604 0.617130 0.022917 0.119444
7 0.456771 0.593981 0.029167 0.162037
7 0.476042 0.555556 0.016667 0.050000
7 0.416406 0.542130 0.005729 0.004630
7 0.426042 0.535648 0.014583 0.017593
7 0.430469 0.536574 0.004687 0.013889
7 0.410938 0.530093 0.008333 0.023148
7 0.418229 0.529167 0.011458 0.028704
7 0.401823 0.527315 0.006771 0.023148
7 0.438802 0.527315 0.009896 0.030556
0 0.365365 0.527778 0.027604 0.031481
0 0.379167 0.533333 0.051042 0.027778
4 0.401823 0.513426 0.028646 0.060185
0 0.464062 0.525463 0.028125 0.021296
0 0.502083 0.529167 0.045833 0.034259
0 0.476302 0.547222 0.033854 0.062963
6 0.471094 0.531019 0.016146 0.036111
7 0.492448 0.539352 0.009896 0.049074
5 0.529167 0.579167 0.027083 0.082407
6 0.523698 0.557870 0.017188 0.080556
6 0.530469 0.563889 0.024479 0.066667
6 0.558333 0.546759 0.008333 0.065741
6 0.559115 0.549074 0.005729 0.046296
6 0.561979 0.546759 0.008333 0.058333
6 0.568750 0.545370 0.016667 0.057407
5 0.567708 0.556019 0.023958 0.054630
5 0.594792 0.582870 0.028125 0.071296
6 0.594271 0.556944 0.028125 0.087963
6 0.598958 0.559722 0.021875 0.080556
5 0.662760 0.528241 0.014063 0.039815
5 0.697917 0.528704 0.040625 0.025926
6 0.695573 0.519444 0.015104 0.038889
6 0.688802 0.519907 0.011979 0.037963
5 0.742448 0.526852 0.024479 0.027778
6 0.750521 0.519907 0.007292 0.039815
6 0.739323 0.520833 0.021354 0.037963
1 0.765104 0.496759 0.096875 0.086111
4 0.828385 0.505556 0.077604 0.075926
0 0.881771 0.503704 0.029167 0.046296
7 0.840625 0.525926 0.011458 0.031481
7 0.829688 0.525000 0.018750 0.035185
7 0.853385 0.526389 0.017188 0.058333
7 0.941667 0.688426 0.086458 0.323148
5 0.681250 0.815741 0.137500 0.316667
6 0.664062 0.699074 0.096875 0.333333