4 0.055990 0.635648 0.110937 0.219444
6 0.478125 0.530556 0.004167 0.014815
5 0.478385 0.534722 0.003646 0.010185
6 0.473698 0.533333 0.005729 0.014815
5 0.474479 0.538426 0.005208 0.012037
6 0.487240 0.533333 0.006771 0.016667
5 0.487240 0.537963 0.004687 0.012963
5 0.496094 0.550926 0.010937 0.031481
6 0.496615 0.541667 0.010937 0.037037
5 0.457813 0.548611 0.010417 0.025000
6 0.458333 0.541667 0.009375 0.033333
5 0.447396 0.552778 0.012500 0.037037
6 0.447656 0.543981 0.011979 0.039815
5 0.424479 0.575926 0.018750 0.048148
6 0.424479 0.553241 0.016667 0.056481
5 0.414062 0.602778 0.030208 0.074074
6 0.414583 0.577315 0.027083 0.100926
6 0.411979 0.571296 0.031250 0.100000
0 0.523177 0.529630 0.003646 0.007407
0 0.540625 0.534722 0.016667 0.015741
5 0.570052 0.537037 0.005729 0.011111
0 0.607031 0.540278 0.035937 0.039815
6 0.637760 0.537963 0.010937 0.038889
5 0.637500 0.555556 0.015625 0.040741
0 0.670833 0.563426 0.070833 0.082407
7 0.720052 0.562037 0.008854 0.025926
5 0.775000 0.579630 0.034375 0.074074
6 0.775781 0.557870 0.025521 0.084259
2 0.879687 0.564352 0.076042 0.106481
5 0.818490 0.596296 0.044271 0.109259
6 0.816406 0.573611 0.027604 0.104630
7 0.262500 0.593056 0.021875 0.056481