3 0.484896 0.522685 0.005208 0.015741
5 0.485938 0.529630 0.004167 0.007407
6 0.485938 0.525000 0.004167 0.011111
5 0.488542 0.530556 0.004167 0.009259
6 0.488542 0.524537 0.004167 0.010185
4 0.503125 0.530093 0.030208 0.063889
2 0.431771 0.545833 0.015625 0.034259
7 0.413542 0.556019 0.012500 0.050926
5 0.392708 0.573611 0.014583 0.039815
6 0.393750 0.562037 0.019792 0.061111
6 0.391927 0.550926 0.010937 0.029630
7 0.551302 0.530556 0.004687 0.016667
7 0.571875 0.533333 0.005208 0.018519
7 0.575260 0.533333 0.004687 0.020370
6 0.578646 0.537037 0.008333 0.022222
5 0.578646 0.543981 0.007292 0.017593
0 0.595833 0.544444 0.023958 0.031481
0 0.639323 0.544907 0.018229 0.028704
0 0.665104 0.543519 0.040625 0.044444
7 0.691146 0.547685 0.007292 0.037963
7 0.699219 0.546759 0.008854 0.039815
7 0.764323 0.545833 0.011979 0.039815
7 0.779167 0.548148 0.013542 0.044444
7 0.789323 0.551389 0.015104 0.045370
7 0.563802 0.545370 0.009896 0.038889
5 0.628125 0.550926 0.011458 0.027778
6 0.627344 0.542593 0.009896 0.033333
5 0.498698 0.562500 0.014063 0.032407
6 0.497135 0.545370 0.010937 0.038889
6 0.498698 0.548148 0.014063 0.046296
4 0.464323 0.552315 0.039062 0.080556
7 0.454688 0.526852 0.011458 0.042593
7 0.476302 0.522222 0.011979 0.051852
5 0.318229 0.706019 0.073958 0.189815
6 0.326562 0.631019 0.051042 0.173148
6 0.316146 0.647222 0.073958 0.227778
10 0.497917 0.479630 0.006250 0.005556
3 0.578906 0.527315 0.005729 0.012037