1 0.474219 0.493981 0.039062 0.026852
1 0.529687 0.501389 0.046875 0.063889
2 0.558333 0.512037 0.013542 0.016667
1 0.595833 0.500000 0.061458 0.061111
6 0.630729 0.524537 0.014583 0.034259
5 0.645312 0.539815 0.011458 0.024074
1 0.716146 0.499074 0.138542 0.109259
7 0.700000 0.517593 0.020833 0.038889
2 0.850000 0.551389 0.062500 0.073148
2 0.948958 0.583796 0.100000 0.165741
4 0.991406 0.476389 0.016146 0.125000
4 0.508073 0.523148 0.043229 0.053704
6 0.485156 0.498611 0.013021 0.017593
6 0.499740 0.480556 0.009896 0.048148
6 0.502344 0.487500 0.016146 0.049074
0 0.536458 0.538426 0.020833 0.043519
0 0.576823 0.543056 0.046354 0.047222
0 0.613281 0.586574 0.072396 0.121296
0 0.521875 0.575926 0.025000 0.103704
6 0.544271 0.569907 0.031250 0.100926
5 0.546615 0.613889 0.030729 0.096296
5 0.573698 0.639352 0.051562 0.156481
6 0.576562 0.600926 0.052083 0.166667
2 0.422656 0.529167 0.024479 0.041667
0 0.472396 0.597685 0.106250 0.187963
0 0.737760 0.665741 0.235937 0.257407
0 0.370312 0.531481 0.050000 0.031481
6 0.383594 0.530093 0.019271 0.030556
6 0.405729 0.527315 0.010417 0.030556
5 0.271354 0.565741 0.057292 0.092593
7 0.199219 0.518519 0.021354 0.088889
5 0.244010 0.599537 0.028646 0.095370
0 0.370052 0.703704 0.227604 0.325926
5 0.216667 0.717130 0.089583 0.226852
6 0.229427 0.659259 0.053646 0.233333
6 0.184896 0.664815 0.075000 0.238889
10 0.323958 0.461111 0.019792 0.074074