3 0.492969 0.541667 0.005729 0.011111
5 0.487500 0.554167 0.006250 0.015741
6 0.488281 0.544444 0.006771 0.020370
4 0.538542 0.525463 0.092708 0.125000
3 0.601823 0.535648 0.008854 0.012037
4 0.642448 0.510648 0.072396 0.075000
13 0.657813 0.359259 0.010417 0.020370
13 0.657031 0.417130 0.011979 0.084259
4 0.675000 0.560185 0.093750 0.120370
0 0.725260 0.556019 0.026562 0.052778
2 0.815885 0.571296 0.042188 0.070370
5 0.902865 0.596759 0.040104 0.065741
6 0.891667 0.572222 0.016667 0.064815
6 0.904687 0.576852 0.023958 0.068519
5 0.762240 0.775463 0.055729 0.184259
6 0.756510 0.681019 0.067187 0.315741
6 0.756771 0.608333 0.057292 0.194444
5 0.450000 0.553241 0.011458 0.021296
0 0.408073 0.551852 0.053646 0.051852
7 0.438021 0.550926 0.012500 0.055556
7 0.416927 0.552778 0.013021 0.064815
5 0.304427 0.600463 0.056771 0.084259
6 0.305990 0.580093 0.031771 0.119444
7 0.121615 0.505093 0.013021 0.045370
5 0.160938 0.541204 0.045833 0.056481
7 0.196875 0.521296 0.016667 0.070370
5 0.070312 0.505093 0.030208 0.047222
7 0.032813 0.502315 0.010417 0.058333
7 0.028646 0.514352 0.023958 0.078704
5 0.062500 0.688889 0.033333 0.098148
6 0.097396 0.560648 0.037500 0.067593
5 0.073698 0.756944 0.054688 0.143519
6 0.086198 0.616204 0.057813 0.156481
5 0.278646 0.745370 0.086458 0.240741
6 0.276823 0.702778 0.076563 0.329630
6 0.247135 0.687500 0.082812 0.267593
5 0.471354 0.814815 0.135417 0.366667
6 0.477083 0.740278 0.122917 0.423148
5 0.890104 0.780093 0.105208 0.306481
6 0.921354 0.710648 0.123958 0.391667
6 0.942448 0.735648 0.109896 0.437963
5 0.944271 0.876852 0.108333 0.244444
5 0.653906 0.840278 0.201563 0.312037
6 0.660677 0.761574 0.192188 0.469444
5 0.377865 0.889815 0.149479 0.216667
6 0.388281 0.775463 0.146354 0.447222
5 0.041146 0.808796 0.081250 0.287963
5 0.173698 0.849537 0.172396 0.299074
6 0.025781 0.841204 0.050521 0.317593
6 0.223958 0.770833 0.147917 0.454630
6 0.168750 0.769444 0.175000 0.451852