6 0.527865 0.523148 0.004687 0.012963
5 0.527604 0.526852 0.005208 0.012963
6 0.516406 0.525000 0.006771 0.018519
6 0.517969 0.529630 0.007812 0.027778
5 0.518229 0.539352 0.010417 0.021296
5 0.501042 0.528704 0.005208 0.014815
6 0.501042 0.523611 0.005208 0.015741
5 0.506771 0.562037 0.015625 0.044444
6 0.507552 0.549074 0.015104 0.057407
4 0.583333 0.522222 0.019792 0.040741
4 0.631510 0.535185 0.050521 0.090741
7 0.669010 0.533796 0.006771 0.026852
7 0.704427 0.543981 0.007812 0.023148
7 0.698177 0.539352 0.009896 0.043519
5 0.755990 0.562037 0.022396 0.062963
6 0.757292 0.546759 0.018750 0.078704
5 0.730729 0.572685 0.026042 0.058333
6 0.727604 0.550926 0.029167 0.077778
7 0.816146 0.555093 0.012500 0.028704
5 0.477604 0.543056 0.011458 0.028704
6 0.477865 0.534722 0.008854 0.034259
5 0.461719 0.548611 0.015104 0.041667
6 0.461719 0.539352 0.014063 0.041667
5 0.445312 0.581019 0.018750 0.065741
6 0.445312 0.562500 0.022917 0.073148
5 0.277083 0.774074 0.105208 0.250000
6 0.288281 0.693519 0.071354 0.307407
6 0.267969 0.687037 0.093229 0.281481
5 0.081510 0.787037 0.121354 0.287037
6 0.093229 0.703241 0.086458 0.273148