3 0.532292 0.513889 0.007292 0.012963
0 0.554427 0.521296 0.010937 0.012963
4 0.731771 0.551389 0.039583 0.045370
0 0.807552 0.562500 0.058854 0.049074
4 0.621875 0.539352 0.122917 0.212037
6 0.514844 0.519907 0.004687 0.010185
6 0.532552 0.526389 0.004687 0.006481
5 0.525781 0.546296 0.007812 0.027778
6 0.536979 0.528704 0.005208 0.009259
6 0.526302 0.537963 0.009896 0.029630
6 0.535156 0.528241 0.004687 0.008333
5 0.505729 0.540278 0.005208 0.013889
5 0.501042 0.548148 0.008333 0.018519
6 0.506771 0.530093 0.006250 0.013889
6 0.500781 0.534722 0.009896 0.021296
5 0.510156 0.552778 0.006771 0.020370
6 0.512240 0.541204 0.009896 0.037963
5 0.491927 0.564815 0.015104 0.044444
6 0.493490 0.550463 0.015104 0.056481
5 0.541406 0.627315 0.039062 0.104630
6 0.539583 0.584259 0.039583 0.120370
6 0.542708 0.585648 0.039583 0.117593
5 0.515885 0.565741 0.011979 0.031481
6 0.515885 0.543981 0.016146 0.039815
0 0.475521 0.534259 0.013542 0.024074
3 0.348958 0.547222 0.034375 0.098148
4 0.296615 0.564352 0.089063 0.110185
5 0.380208 0.587037 0.030208 0.064815
6 0.386198 0.575926 0.016146 0.090741
6 0.376042 0.565741 0.022917 0.083333
5 0.430208 0.614815 0.027083 0.090741
6 0.440625 0.548148 0.011458 0.018519
6 0.426563 0.580093 0.041667 0.108333
5 0.467708 0.670833 0.060417 0.184259
6 0.466667 0.621296 0.056250 0.179630
6 0.462240 0.611574 0.061979 0.182407
7 0.267188 0.524074 0.014583 0.022222