0 0.624219 0.542593 0.021354 0.022222
4 0.526042 0.540278 0.031250 0.047222
4 0.560937 0.537037 0.046875 0.050000
6 0.576302 0.554167 0.013021 0.034259
5 0.575781 0.568981 0.008854 0.025000
0 0.600521 0.583333 0.054167 0.083333
5 0.526563 0.567130 0.013542 0.026852
6 0.527604 0.557870 0.010417 0.026852
5 0.450000 0.571296 0.014583 0.020370
5 0.435937 0.574074 0.018750 0.025926
5 0.428906 0.576852 0.022396 0.031481
5 0.460677 0.611111 0.020313 0.068519
6 0.460938 0.594907 0.020833 0.076852
5 0.501302 0.606481 0.024479 0.070370
6 0.499740 0.589815 0.023438 0.083333
5 0.488281 0.625463 0.033854 0.093519
6 0.485677 0.600463 0.029687 0.110185
6 0.483594 0.599537 0.028646 0.106481
0 0.871094 0.520370 0.059896 0.070370
6 0.914583 0.519907 0.012500 0.037963
4 0.796354 0.506019 0.039583 0.058333
6 0.779167 0.520833 0.007292 0.013889
0 0.826302 0.526389 0.014063 0.034259
6 0.814583 0.525000 0.013542 0.027778
5 0.815625 0.532407 0.012500 0.018519
0 0.942969 0.531481 0.021354 0.051852
0 0.980729 0.533333 0.031250 0.068519
5 0.338802 0.666667 0.050521 0.131481
6 0.341406 0.632407 0.042188 0.146296
5 0.293750 0.612037 0.041667 0.048148