7 0.010417 0.554167 0.013542 0.043519
7 0.017448 0.561574 0.011979 0.060185
7 0.019531 0.601852 0.018229 0.112963
7 0.008594 0.617130 0.017188 0.141667
7 0.004167 0.637037 0.008333 0.109259
7 0.060417 0.585185 0.025000 0.105556
7 0.054427 0.626852 0.030729 0.087037
7 0.051823 0.691204 0.044271 0.208333
6 0.100260 0.634259 0.036979 0.116667
6 0.130990 0.624074 0.032813 0.137037
7 0.145313 0.718981 0.058333 0.230556
5 0.126042 0.715278 0.108333 0.149074
7 0.048698 0.725463 0.069271 0.254630
5 0.019531 0.746759 0.036979 0.130556
5 0.283073 0.598611 0.018229 0.082407
5 0.235937 0.655093 0.017708 0.062037
7 0.227604 0.682870 0.016667 0.149074
5 0.352344 0.633796 0.046354 0.084259
7 0.373177 0.560648 0.022396 0.086111
7 0.426823 0.531944 0.020313 0.052778
7 0.417969 0.542130 0.013021 0.045370
7 0.425000 0.589352 0.019792 0.071296
7 0.447396 0.666204 0.031250 0.263889
7 0.390885 0.730556 0.113021 0.529630
7 0.281250 0.780556 0.118750 0.438889
7 0.263542 0.787963 0.093750 0.424074
7 0.454688 0.542130 0.014583 0.050926
7 0.461719 0.545370 0.014063 0.046296
7 0.471354 0.545370 0.014583 0.057407
5 0.481250 0.560185 0.018750 0.020370
7 0.488802 0.541667 0.013021 0.051852
5 0.522396 0.567593 0.017708 0.033333
6 0.519010 0.551389 0.008854 0.045370
7 0.541146 0.544444 0.006250 0.025926
5 0.539062 0.584722 0.019792 0.062037
6 0.540625 0.575463 0.020833 0.089815
4 0.565885 0.546296 0.025521 0.048148
5 0.574479 0.569444 0.014583 0.042593
6 0.573177 0.560648 0.015104 0.050926
7 0.599740 0.549537 0.009896 0.019444
3 0.599479 0.548148 0.012500 0.025926
5 0.615365 0.571759 0.018229 0.045370
7 0.606250 0.579167 0.018750 0.071296
5 0.589063 0.598611 0.022917 0.067593
6 0.590104 0.572685 0.020833 0.076852
5 0.626302 0.567130 0.014063 0.032407
5 0.644531 0.587037 0.023438 0.051852
5 0.687500 0.628241 0.034375 0.113889
7 0.638281 0.650000 0.046354 0.220370
0 0.485417 0.668056 0.125000 0.206481
7 0.384896 0.791204 0.104167 0.410185
2 0.552344 0.548148 0.009896 0.035185