2 0.493229 0.527778 0.013542 0.020370
7 0.479167 0.537037 0.005208 0.018519
7 0.482031 0.540278 0.009896 0.025000
2 0.506510 0.531481 0.013021 0.016667
7 0.552865 0.528704 0.006771 0.027778
7 0.569010 0.531019 0.006771 0.037963
7 0.540365 0.534722 0.007812 0.021296
7 0.532031 0.534722 0.005729 0.017593
7 0.553125 0.550000 0.008333 0.027778
7 0.559115 0.556019 0.011979 0.045370
7 0.523698 0.528241 0.004687 0.013889
7 0.526042 0.533796 0.006250 0.012037
7 0.516406 0.535648 0.006771 0.010185
7 0.510156 0.537500 0.006771 0.013889
0 0.522917 0.550000 0.028125 0.024074
4 0.469531 0.550000 0.011979 0.035185
7 0.609896 0.544444 0.009375 0.025926
7 0.603385 0.553241 0.007812 0.030556
7 0.601042 0.562963 0.014583 0.050000
7 0.664844 0.588426 0.025521 0.139815
7 0.700260 0.586574 0.021354 0.112037
7 0.641406 0.599537 0.023438 0.112037
7 0.721354 0.616667 0.025000 0.159259
7 0.742708 0.616667 0.025000 0.150000
7 0.767708 0.619907 0.028125 0.145370
5 0.619010 0.640278 0.045312 0.115741
6 0.615885 0.601389 0.024479 0.123148
6 0.622656 0.600926 0.031771 0.112963
6 0.534115 0.566667 0.027604 0.061111
6 0.475781 0.555556 0.008854 0.029630
7 0.484115 0.586574 0.026562 0.093519
7 0.510156 0.583333 0.023438 0.085185
7 0.517188 0.568519 0.015625 0.038889
7 0.540365 0.655556 0.034896 0.222222
7 0.592448 0.670833 0.043229 0.232407
7 0.558073 0.675463 0.046354 0.249074
7 0.519792 0.711574 0.018750 0.180556
7 0.496615 0.690278 0.050521 0.280556
4 0.377344 0.661111 0.176563 0.331481
6 0.414323 0.641667 0.051562 0.216667
7 0.380208 0.716204 0.059375 0.287963
7 0.337760 0.740741 0.038021 0.255556
4 0.907552 0.531019 0.183854 0.643519
7 0.844531 0.793056 0.065104 0.337963
7 0.915885 0.748611 0.114062 0.493519
7 0.474219 0.523148 0.005729 0.016667
7 0.066406 0.464815 0.004687 0.011111
7 0.467708 0.521296 0.006250 0.025926
7 0.468750 0.610185 0.014583 0.111111