7 0.292448 0.589352 0.025521 0.125000
7 0.306510 0.603241 0.018229 0.091667
7 0.357552 0.583796 0.014063 0.110185
7 0.343490 0.593056 0.016146 0.117593
7 0.185938 0.598611 0.105208 0.132407
7 0.316927 0.606481 0.013021 0.090741
3 0.572396 0.546759 0.051042 0.117593
7 0.538021 0.590278 0.013542 0.093519
7 0.529167 0.580093 0.016667 0.110185
0 0.185417 0.603241 0.103125 0.136111
7 0.208854 0.616204 0.028125 0.112037
7 0.214844 0.615741 0.026562 0.157407
7 0.088542 0.619907 0.014583 0.043519
5 0.122656 0.732407 0.097396 0.183333
6 0.112500 0.644907 0.068750 0.180556
5 0.087500 0.814815 0.173958 0.261111
6 0.038542 0.737037 0.076042 0.325926
3 0.922656 0.518981 0.013021 0.028704
3 0.910677 0.521296 0.010937 0.012963
7 0.930990 0.536111 0.006771 0.038889
7 0.923177 0.535185 0.005729 0.035185
7 0.932031 0.540278 0.005729 0.025000
7 0.928385 0.543519 0.006771 0.024074
7 0.943490 0.538889 0.007812 0.035185
7 0.954427 0.554167 0.015104 0.078704
0 0.976562 0.534722 0.034375 0.045370
0 0.883594 0.526852 0.020313 0.024074
7 0.883333 0.554630 0.010417 0.064815
7 0.902083 0.550463 0.012500 0.080556
7 0.893490 0.552315 0.011979 0.069444
7 0.865104 0.553241 0.013542 0.075000
7 0.842187 0.554630 0.014583 0.072222
7 0.855208 0.549537 0.009375 0.075000
5 0.816406 0.570370 0.048438 0.051852
7 0.828646 0.528241 0.008333 0.032407
7 0.820052 0.562037 0.015104 0.096296
7 0.829427 0.569907 0.015104 0.078704
7 0.801042 0.536111 0.013542 0.048148
5 0.781510 0.573611 0.036979 0.058333
7 0.783333 0.535185 0.013542 0.046296
7 0.766146 0.549537 0.015625 0.097222
7 0.755208 0.551852 0.012500 0.085185
0 0.724479 0.553241 0.042708 0.075000
7 0.745573 0.550463 0.013021 0.086111
0 0.667448 0.558333 0.084896 0.068519
5 0.665365 0.571759 0.044271 0.056481
7 0.626042 0.571296 0.032292 0.066667
7 0.656510 0.572222 0.023438 0.066667
5 0.627865 0.559722 0.016146 0.021296
0 0.994010 0.589352 0.010937 0.075000