5 0.057552 0.880556 0.115104 0.238889
7 0.513802 0.544907 0.014063 0.075000
7 0.487240 0.658333 0.065104 0.300000
7 0.543490 0.653241 0.059896 0.308333
0 0.708333 0.588889 0.096875 0.118519
5 0.765885 0.589352 0.030729 0.060185
6 0.776302 0.545833 0.013021 0.039815
6 0.768490 0.560648 0.018229 0.075000
7 0.758333 0.612500 0.027083 0.141667
0 0.807552 0.552315 0.024479 0.047222
5 0.811458 0.567593 0.019792 0.042593
6 0.811719 0.556019 0.014063 0.060185
5 0.965104 0.569444 0.040625 0.048148
6 0.960417 0.556019 0.026042 0.065741
5 0.993229 0.654630 0.013542 0.064815
3 0.902344 0.561574 0.015104 0.047222