5 0.017448 0.583333 0.034896 0.120370
7 0.371354 0.550000 0.012500 0.040741
5 0.396615 0.574537 0.017188 0.049074
6 0.394792 0.567130 0.018750 0.067593
7 0.407813 0.566667 0.015625 0.074074
7 0.419792 0.563426 0.014583 0.071296
2 0.226562 0.650926 0.229167 0.372222
5 0.111198 0.841667 0.222396 0.314815
6 0.122396 0.760648 0.137500 0.410185
5 0.363802 0.776852 0.116146 0.311111
6 0.367448 0.698611 0.078646 0.276852
7 0.433073 0.569907 0.007812 0.047222
7 0.441146 0.551389 0.006250 0.032407
5 0.450000 0.551852 0.007292 0.020370
6 0.449740 0.546296 0.007812 0.027778
5 0.458333 0.553241 0.006250 0.015741
6 0.459635 0.547685 0.006771 0.021296
6 0.463281 0.553241 0.007812 0.019444
6 0.469271 0.550463 0.007292 0.017593
1 0.515625 0.524074 0.035417 0.037037
6 0.509375 0.522222 0.011458 0.022222
6 0.522135 0.509259 0.015104 0.042593
6 0.509375 0.525926 0.010417 0.016667
6 0.522917 0.516204 0.013542 0.052778
3 0.532552 0.537037 0.027604 0.020370
1 0.568490 0.537037 0.064062 0.105556
0 0.550781 0.587500 0.033854 0.087963
0 0.578646 0.575926 0.017708 0.062963
7 0.609375 0.538426 0.006250 0.012037
0 0.598958 0.587500 0.054167 0.089815
1 0.616146 0.535185 0.028125 0.022222
0 0.610677 0.540741 0.017188 0.014815
3 0.633854 0.540741 0.012500 0.009259
1 0.644010 0.531944 0.025521 0.019444
1 0.665625 0.534259 0.021875 0.024074
3 0.657292 0.541204 0.014583 0.017593
0 0.668750 0.563426 0.036458 0.050926
4 0.684375 0.547685 0.044792 0.056481
1 0.711979 0.529167 0.027083 0.030556
6 0.716927 0.550463 0.021354 0.052778
0 0.736979 0.555556 0.057292 0.051852
1 0.782292 0.536111 0.118750 0.109259
2 0.946875 0.547685 0.043750 0.026852
2 0.927083 0.575463 0.061458 0.078704
0 0.864062 0.593981 0.147917 0.171296
0 0.965365 0.638889 0.069271 0.185185
0 0.644010 0.611111 0.093229 0.131481
0 0.764583 0.682407 0.197917 0.244444
0 0.509115 0.575000 0.080729 0.090741
0 0.487760 0.666204 0.140104 0.223148
0 0.940104 0.883333 0.119792 0.233333