7 0.683854 0.500926 0.005208 0.011111
7 0.673177 0.506944 0.006771 0.012037
0 0.686719 0.512500 0.013021 0.013889
5 0.679948 0.522685 0.005729 0.010185
2 0.709635 0.512037 0.014063 0.011111
6 0.690625 0.512037 0.007292 0.014815
7 0.733854 0.516204 0.008333 0.025000
7 0.779948 0.505093 0.009896 0.015741
7 0.759635 0.509259 0.010937 0.020370
7 0.745573 0.516204 0.011979 0.034259
7 0.721615 0.531481 0.016146 0.059259
7 0.717969 0.547222 0.020313 0.048148
4 0.634375 0.514352 0.058333 0.032407
6 0.637240 0.523148 0.007812 0.011111
6 0.631250 0.523148 0.009375 0.012963
7 0.748177 0.530093 0.011979 0.032407
4 0.859635 0.494907 0.148438 0.200926
2 0.802344 0.598611 0.096354 0.184259
5 0.814323 0.642593 0.021354 0.088889
6 0.815625 0.558333 0.027083 0.083333
6 0.804948 0.575926 0.028646 0.114815
7 0.870573 0.545833 0.017188 0.058333
7 0.851042 0.671759 0.059375 0.341667
7 0.805208 0.682870 0.054167 0.326852
7 0.788021 0.663426 0.079167 0.293519
7 0.745833 0.614352 0.038542 0.154630
7 0.519531 0.516667 0.016146 0.048148
0 0.468229 0.570370 0.131250 0.168519
7 0.344271 0.561111 0.022917 0.044444
7 0.486719 0.625463 0.061979 0.243519
7 0.335938 0.612037 0.041667 0.122222
7 0.964063 0.567130 0.034375 0.362037
7 0.932292 0.665278 0.095833 0.613889
7 0.980469 0.635185 0.036979 0.351852
7 0.908594 0.744907 0.127604 0.508333
0 0.643229 0.757407 0.328125 0.481481
7 0.292708 0.761111 0.098958 0.475926
7 0.017708 0.606944 0.034375 0.189815
7 0.350781 0.779167 0.088021 0.439815
7 0.428646 0.771296 0.169792 0.457407
7 0.545052 0.834259 0.200521 0.329630
7 0.054948 0.843056 0.108854 0.312037