7 0.494531 0.544907 0.006771 0.021296
5 0.496875 0.567130 0.014583 0.037963
6 0.497917 0.558333 0.011458 0.044444
4 0.521875 0.559722 0.038542 0.076852
7 0.538802 0.614352 0.022396 0.137963
7 0.519271 0.607870 0.028125 0.154630
7 0.554427 0.615741 0.020313 0.133333
5 0.562240 0.568981 0.010937 0.030556
7 0.576823 0.644444 0.042188 0.201852
5 0.645052 0.625463 0.045312 0.099074
5 0.755729 0.681481 0.075000 0.205556
7 0.688281 0.707407 0.073438 0.198148
7 0.934635 0.710648 0.092188 0.284259
7 0.641927 0.694907 0.068229 0.289815
7 0.488542 0.544444 0.005208 0.024074
7 0.489583 0.549074 0.008333 0.022222
7 0.492969 0.567130 0.011979 0.041667
7 0.462240 0.538889 0.006771 0.022222
7 0.454167 0.533796 0.005208 0.012037
7 0.459635 0.541667 0.010937 0.025926
6 0.461719 0.566667 0.015104 0.053704
7 0.435937 0.556019 0.010417 0.028704
7 0.427865 0.568981 0.020313 0.060185
6 0.442708 0.589815 0.023958 0.090741
6 0.444792 0.603241 0.040625 0.117593
5 0.448177 0.643519 0.035937 0.096296
7 0.387240 0.556019 0.010937 0.026852
5 0.395052 0.558333 0.009896 0.018519
5 0.323698 0.599537 0.023438 0.080556
7 0.370312 0.566667 0.020833 0.048148
7 0.381771 0.582870 0.016667 0.049074
7 0.414844 0.637037 0.047396 0.270370
7 0.365104 0.606944 0.035417 0.089815
7 0.318229 0.723611 0.044792 0.260185
7 0.393490 0.751852 0.068229 0.338889
7 0.335938 0.786111 0.089583 0.418519
7 0.255208 0.797222 0.118750 0.403704
2 0.253646 0.626389 0.143750 0.280556
7 0.092969 0.658333 0.044271 0.346296
7 0.107292 0.669444 0.059375 0.370370
7 0.221094 0.711111 0.077604 0.353704
7 0.477083 0.537037 0.009375 0.018519
7 0.468229 0.534722 0.006250 0.017593
5 0.483073 0.686574 0.043229 0.158333
6 0.479427 0.628241 0.053646 0.173148
6 0.482552 0.631019 0.059896 0.175000
4 0.169271 0.581481 0.108333 0.190741