0 0.630208 0.531019 0.027083 0.043519
0 0.532031 0.531019 0.008854 0.017593
3 0.517448 0.524537 0.017188 0.037963
0 0.523177 0.531019 0.017188 0.025000
5 0.504427 0.539352 0.008854 0.021296
6 0.504687 0.529167 0.011458 0.028704
5 0.521354 0.539352 0.007292 0.019444
6 0.521875 0.531481 0.008333 0.025926
5 0.487760 0.539352 0.006771 0.017593
6 0.485417 0.524074 0.006250 0.012963
6 0.485938 0.529630 0.011458 0.027778
1 0.555729 0.516667 0.044792 0.081481
0 0.463802 0.534722 0.030729 0.039815
0 0.576302 0.564352 0.050521 0.078704
1 0.822396 0.500000 0.353125 0.998148
10 0.039062 0.431481 0.077083 0.181481