7 0.259115 0.545370 0.024479 0.138889
6 0.235417 0.693981 0.081250 0.289815
5 0.216667 0.778241 0.128125 0.286111
6 0.210417 0.698148 0.118750 0.288889
5 0.378385 0.574537 0.021354 0.034259
5 0.365625 0.588889 0.025000 0.051852
6 0.429688 0.552315 0.021875 0.039815
6 0.446615 0.547222 0.008854 0.029630
1 0.507031 0.515278 0.047396 0.045370
1 0.581771 0.529630 0.061458 0.120370
6 0.525260 0.513889 0.014063 0.035185
6 0.525260 0.517593 0.016146 0.027778
6 0.542708 0.498148 0.018750 0.075926
6 0.543490 0.498611 0.020313 0.065741
0 0.588542 0.577778 0.031250 0.077778
3 0.556771 0.550000 0.022917 0.059259
6 0.564063 0.592130 0.026042 0.108333
5 0.571875 0.643056 0.023958 0.095370
0 0.663542 0.545370 0.013542 0.011111
1 0.615625 0.523611 0.013542 0.030556
6 0.618229 0.533796 0.006250 0.008333
2 0.688021 0.543981 0.027083 0.026852
1 0.788021 0.525000 0.176042 0.185185
5 0.884115 0.593519 0.029687 0.059259
6 0.881510 0.582407 0.015104 0.070370
5 0.916927 0.601852 0.023438 0.044444
0 0.961719 0.592593 0.076563 0.087037
0 0.626823 0.571759 0.066146 0.071296
0 0.671094 0.625000 0.098437 0.157407
0 0.780990 0.680093 0.198437 0.243519
0 0.900000 0.792130 0.200000 0.415741
5 0.605729 0.663426 0.054167 0.132407
6 0.608073 0.631944 0.055729 0.189815
0 0.504687 0.605556 0.125000 0.166667
0 0.454948 0.777315 0.279687 0.434259
9 0.727344 0.050463 0.008854 0.017593
9 0.693750 0.065278 0.006250 0.010185
9 0.692969 0.030093 0.005729 0.006481
9 0.685937 0.068519 0.004167 0.009259
9 0.673438 0.071296 0.005208 0.007407
9 0.667448 0.090278 0.002604 0.013889
9 0.619271 0.059722 0.006250 0.012037
9 0.658594 0.118981 0.006771 0.008333
9 0.655208 0.140278 0.005208 0.012037
9 0.650260 0.156944 0.005729 0.015741
9 0.641927 0.191667 0.007812 0.012963
9 0.639062 0.201852 0.007292 0.012963
9 0.633333 0.229630 0.007292 0.009259
9 0.629427 0.238426 0.007812 0.013889
9 0.626302 0.251389 0.007812 0.015741
9 0.619271 0.276389 0.009375 0.013889
9 0.613542 0.293056 0.010417 0.013889
9 0.608333 0.304167 0.007292 0.013889
9 0.600260 0.323611 0.007812 0.012037
9 0.525000 0.227778 0.008333 0.014815