7 0.769271 0.529630 0.004167 0.016667
7 0.774479 0.532407 0.006250 0.014815
6 0.780990 0.531944 0.004687 0.008333
5 0.781510 0.537500 0.006771 0.010185
7 0.809635 0.554167 0.013021 0.052778
7 0.802083 0.558333 0.023958 0.072222
7 0.816927 0.562500 0.011979 0.039815
7 0.823177 0.549074 0.014063 0.042593
6 0.836198 0.576852 0.035937 0.129630
6 0.865625 0.638889 0.085417 0.231481
5 0.879687 0.758333 0.083333 0.218519
7 0.881250 0.545833 0.012500 0.056481
7 0.888802 0.546759 0.020313 0.060185
6 0.900781 0.557407 0.032813 0.109259
6 0.924219 0.616667 0.053646 0.181481
0 0.923698 0.550000 0.095312 0.111111
4 0.955729 0.537037 0.086458 0.144444
5 0.955208 0.820833 0.089583 0.358333
6 0.934115 0.728704 0.056771 0.375926
6 0.964583 0.766667 0.066667 0.466667
7 0.715104 0.540741 0.006250 0.012963
6 0.709115 0.545833 0.009896 0.023148
6 0.700521 0.555093 0.021875 0.037963
6 0.765104 0.533333 0.008333 0.011111
0 0.766667 0.593056 0.119792 0.113889
6 0.698958 0.577315 0.015625 0.034259
6 0.738802 0.606944 0.039062 0.108333
6 0.673958 0.562963 0.021875 0.057407
6 0.882552 0.901389 0.098437 0.193519
7 0.785156 0.768981 0.147396 0.460185
5 0.954688 0.821296 0.090625 0.357407
7 0.721615 0.651852 0.032813 0.133333
7 0.676302 0.600926 0.019271 0.050000
7 0.688281 0.789352 0.079687 0.412037
7 0.646615 0.539815 0.041146 0.112963
7 0.659375 0.584259 0.026042 0.083333
7 0.634375 0.755556 0.083333 0.412963
7 0.693750 0.789815 0.089583 0.411111
7 0.603906 0.831944 0.103646 0.336111
4 0.472396 0.496759 0.308333 0.658333
7 0.539583 0.713426 0.094792 0.554630
7 0.494271 0.847685 0.076042 0.302778
7 0.438021 0.798148 0.177083 0.403704
7 0.306771 0.706944 0.059375 0.304630
8 0.133073 0.729630 0.050521 0.190741
7 0.232552 0.719907 0.174479 0.560185
7 0.093490 0.870370 0.081771 0.259259
7 0.546875 0.897685 0.053125 0.200926
6 0.699479 0.557407 0.009375 0.018519