9 0.555990 0.318519 0.003646 0.005556
9 0.565625 0.326852 0.004167 0.005556
9 0.553125 0.330556 0.002083 0.005556
9 0.548438 0.331944 0.004167 0.006481
9 0.538802 0.353241 0.002604 0.004630
9 0.538021 0.357870 0.004167 0.004630
9 0.535677 0.368981 0.002604 0.004630
9 0.535417 0.373611 0.003125 0.004630
9 0.534115 0.380093 0.002604 0.004630
9 0.532813 0.385185 0.004167 0.005556
9 0.530208 0.393519 0.004167 0.005556
9 0.528906 0.400463 0.003646 0.006481
9 0.524740 0.408796 0.003646 0.004630
9 0.522396 0.326852 0.002083 0.003704
1 0.471875 0.501852 0.037500 0.035185
6 0.484896 0.500926 0.010417 0.025926
6 0.483333 0.505556 0.012500 0.020370
6 0.493490 0.488889 0.010937 0.051852
6 0.502344 0.490278 0.024479 0.052778
3 0.505990 0.522222 0.022396 0.038889
1 0.527344 0.512037 0.046354 0.074074
3 0.560156 0.524537 0.015104 0.013889
0 0.570573 0.523148 0.010937 0.014815
1 0.624740 0.509722 0.079687 0.082407
5 0.682031 0.547222 0.015104 0.018519
5 0.662500 0.561574 0.021875 0.041667
6 0.663542 0.550000 0.018750 0.057407
6 0.710938 0.535648 0.016667 0.034259
6 0.738281 0.526389 0.020313 0.039815
1 0.822917 0.531481 0.228125 0.222222
5 0.984896 0.607407 0.030208 0.053704
0 0.514062 0.581481 0.022917 0.105556
0 0.534635 0.542593 0.022396 0.037037
0 0.554427 0.539352 0.028646 0.032407
0 0.589063 0.546759 0.033333 0.039815
0 0.615625 0.600463 0.079167 0.134259
5 0.534115 0.618056 0.031771 0.100926
6 0.534635 0.584722 0.031771 0.119444
5 0.565885 0.638426 0.047396 0.145370
6 0.564323 0.599074 0.052604 0.153704
5 0.397656 0.542593 0.013021 0.025926
6 0.397656 0.533333 0.010937 0.042593
6 0.383333 0.537500 0.023958 0.041667
0 0.352083 0.543519 0.047917 0.048148
6 0.274740 0.545833 0.018229 0.028704
7 0.138802 0.535185 0.027604 0.129630
5 0.186458 0.613889 0.037500 0.118519
0 0.461198 0.616204 0.120313 0.219444
0 0.319010 0.758333 0.306771 0.424074
0 0.756250 0.681019 0.264583 0.284259
5 0.221875 0.567130 0.046875 0.112037