2 0.011458 0.881019 0.021875 0.237963
5 0.152604 0.633796 0.056250 0.175000
2 0.272396 0.632870 0.223958 0.363889
4 0.467969 0.513426 0.036979 0.037963
6 0.393490 0.601389 0.036979 0.149074
5 0.397656 0.647685 0.053646 0.126852
5 0.316146 0.828241 0.137500 0.336111
6 0.353125 0.743056 0.064583 0.393519
6 0.315104 0.717130 0.117708 0.341667
0 0.416406 0.587037 0.083854 0.140741
2 0.464844 0.539352 0.053646 0.058333
3 0.521615 0.534259 0.063021 0.044444
1 0.538021 0.505093 0.062500 0.078704
6 0.508594 0.505093 0.015104 0.032407
6 0.503125 0.516667 0.018750 0.033333
6 0.520052 0.491204 0.021354 0.073148
6 0.522135 0.499537 0.020313 0.076852
0 0.533854 0.549537 0.062500 0.036111
1 0.657552 0.523148 0.192188 0.298148
0 0.521094 0.744444 0.243229 0.390741
0 0.766667 0.532407 0.025000 0.018519
0 0.760156 0.536111 0.017188 0.012963
0 0.803385 0.526389 0.046354 0.025000
3 0.860938 0.529167 0.043750 0.026852
3 0.897656 0.525463 0.035937 0.023148
2 0.946094 0.532870 0.054688 0.028704
0 0.909115 0.544907 0.051562 0.023148
0 0.858854 0.559722 0.078125 0.063889
3 0.985156 0.528241 0.028646 0.032407
1 0.916927 0.507870 0.142187 0.104630
1 0.993750 0.492593 0.012500 0.079630
0 0.780990 0.657870 0.188021 0.250926
0 0.884635 0.763889 0.230729 0.472222