5 0.530990 0.561111 0.005729 0.020370
6 0.529948 0.550000 0.008854 0.031481
5 0.523438 0.564352 0.009375 0.028704
6 0.524740 0.554167 0.010937 0.037963
7 0.551042 0.534259 0.004167 0.007407
3 0.554948 0.541667 0.010937 0.018519
7 0.544010 0.563889 0.020313 0.100000
7 0.558854 0.571759 0.011458 0.080556
7 0.564583 0.576852 0.016667 0.087037
7 0.589583 0.563426 0.017708 0.086111
7 0.689323 0.532870 0.016146 0.036111
7 0.690104 0.559722 0.014583 0.104630
7 0.704427 0.558333 0.015104 0.083333
7 0.668229 0.608333 0.037500 0.153704
5 0.742448 0.755556 0.109896 0.242593
2 0.819271 0.593519 0.177083 0.290741
6 0.741406 0.666204 0.093229 0.265741
5 0.890885 0.852315 0.218229 0.295370
6 0.894271 0.744907 0.150000 0.441667
5 0.979167 0.832407 0.041667 0.244444
7 0.517188 0.543056 0.005208 0.017593
7 0.500000 0.541667 0.005208 0.011111
7 0.502604 0.539815 0.004167 0.011111
7 0.504167 0.550926 0.011458 0.038889
7 0.497917 0.553241 0.009375 0.036111
7 0.493229 0.548611 0.011458 0.028704
7 0.486719 0.543056 0.007812 0.013889
7 0.475781 0.543519 0.017188 0.025926
7 0.461198 0.550463 0.006771 0.010185
7 0.452083 0.550000 0.008333 0.016667
7 0.455208 0.552315 0.007292 0.010185
7 0.444010 0.572222 0.009896 0.040741
7 0.434115 0.574074 0.011979 0.040741
0 0.469010 0.608796 0.066146 0.115741
6 0.516406 0.604630 0.031771 0.124074
6 0.509375 0.612963 0.032292 0.140741
5 0.518229 0.634722 0.040625 0.117593
5 0.421615 0.672685 0.045312 0.154630
6 0.421875 0.625926 0.047917 0.166667
7 0.329427 0.712037 0.042188 0.216667
7 0.272656 0.631481 0.019271 0.070370
7 0.292708 0.709722 0.035417 0.213889
7 0.233854 0.600926 0.068750 0.144444
7 0.194010 0.633333 0.021354 0.088889
7 0.178385 0.756019 0.079687 0.487963
7 0.040625 0.721759 0.069792 0.358333
7 0.072396 0.755556 0.096875 0.488889
7 0.113802 0.776852 0.120313 0.446296
7 0.235937 0.783796 0.122917 0.432407