0 0.511198 0.538426 0.005729 0.012037
4 0.501563 0.540278 0.021875 0.041667
3 0.518750 0.536111 0.009375 0.018519
0 0.488281 0.538889 0.008854 0.014815
4 0.528125 0.544907 0.013542 0.026852
4 0.552604 0.531944 0.046875 0.086111
13 0.658854 0.358796 0.010417 0.019444
13 0.656250 0.416667 0.013542 0.090741
4 0.650781 0.511574 0.063021 0.073148
4 0.719531 0.556481 0.060937 0.109259
5 0.806250 0.582870 0.022917 0.045370
6 0.801302 0.567130 0.015104 0.054630
6 0.805729 0.566204 0.014583 0.049074
5 0.764323 0.783796 0.065104 0.189815
6 0.745833 0.574074 0.041667 0.116667
6 0.764323 0.606019 0.059896 0.189815
6 0.723698 0.628704 0.068229 0.216667
4 0.351562 0.516667 0.227083 0.164815
5 0.069792 0.506481 0.032292 0.042593
7 0.122396 0.506019 0.015625 0.052778
5 0.147396 0.531944 0.030208 0.036111
6 0.146875 0.512500 0.020833 0.050926
5 0.162240 0.541667 0.041146 0.048148
5 0.069792 0.762500 0.056250 0.162037
6 0.086198 0.617130 0.056771 0.167593
6 0.158073 0.612500 0.021354 0.050926
5 0.274740 0.740278 0.096354 0.245370
6 0.274219 0.701852 0.080729 0.327778
6 0.248958 0.682407 0.090625 0.277778
5 0.474219 0.815741 0.125521 0.366667
6 0.487500 0.740278 0.103125 0.426852
5 0.394792 0.861111 0.182292 0.270370
6 0.401823 0.773611 0.130729 0.449074
5 0.176042 0.845833 0.180208 0.299074
6 0.223438 0.774074 0.145833 0.450000
6 0.166406 0.765741 0.173437 0.450000
5 0.889323 0.780556 0.113021 0.292593
6 0.920573 0.707870 0.109896 0.393519
6 0.942448 0.739815 0.113021 0.422222
5 0.939844 0.875000 0.117188 0.246296
5 0.653646 0.838889 0.207292 0.312963
6 0.657813 0.756481 0.188542 0.479630
5 0.038281 0.815741 0.075521 0.288889
6 0.020573 0.843981 0.039062 0.308333
4 0.612500 0.524537 0.015625 0.021296
7 0.043229 0.497222 0.006250 0.046296