5 0.050000 0.868519 0.098958 0.262963
6 0.034635 0.874074 0.068229 0.251852
2 0.277344 0.643519 0.247396 0.375926
5 0.408073 0.769907 0.114062 0.286111
6 0.408594 0.685648 0.086979 0.286111
3 0.498437 0.518981 0.011458 0.015741
1 0.521094 0.518056 0.038021 0.049074
6 0.516667 0.511574 0.006250 0.021296
6 0.514062 0.514815 0.008333 0.020370
6 0.523958 0.505556 0.012500 0.046296
6 0.526042 0.506019 0.012500 0.043519
3 0.526823 0.531481 0.042188 0.027778
1 0.566667 0.516204 0.045833 0.073148
0 0.582812 0.548611 0.036458 0.041667
0 0.533073 0.542130 0.034896 0.025000
0 0.476562 0.588889 0.078125 0.138889
0 0.537760 0.652778 0.143229 0.224074
0 0.616667 0.579630 0.064583 0.100000
0 0.684115 0.632870 0.128646 0.187963
4 0.617188 0.509259 0.047917 0.081481
0 0.631510 0.529630 0.019271 0.016667
0 0.646094 0.530093 0.009896 0.008333
0 0.649479 0.537500 0.011458 0.015741
3 0.654167 0.523148 0.011458 0.014815
5 0.671875 0.517130 0.018750 0.026852
5 0.690625 0.512963 0.029167 0.029630
5 0.722135 0.515278 0.032813 0.036111
5 0.752865 0.512500 0.035937 0.041667
3 0.694271 0.533796 0.017708 0.023148
6 0.696094 0.534722 0.009896 0.021296
0 0.720313 0.530556 0.040625 0.033333
0 0.749219 0.523611 0.008854 0.012037
0 0.739062 0.540741 0.035417 0.031481
0 0.760938 0.559259 0.028125 0.072222
5 0.745052 0.569907 0.027604 0.067593
6 0.744010 0.553241 0.024479 0.080556
0 0.670833 0.536111 0.039583 0.035185
3 0.813542 0.524074 0.093750 0.151852
1 0.898438 0.502315 0.125000 0.106481
0 0.937760 0.543519 0.117188 0.046296
1 0.983594 0.509722 0.031771 0.084259
7 0.981510 0.525000 0.007812 0.035185
7 0.989323 0.534259 0.009896 0.035185
7 0.972135 0.520370 0.013021 0.016667
5 0.544531 0.797222 0.111979 0.375926
6 0.538021 0.738426 0.109375 0.387963
0 0.851042 0.769907 0.297917 0.460185