0 0.403125 0.541204 0.009375 0.015741
5 0.398177 0.550000 0.005729 0.011111
6 0.399219 0.540278 0.006771 0.013889
7 0.394792 0.544444 0.007292 0.024074
0 0.338021 0.558796 0.032292 0.054630
4 0.168750 0.498611 0.337500 0.995370
0 0.427604 0.541204 0.008333 0.015741
4 0.416927 0.536574 0.018229 0.037963
4 0.444271 0.529630 0.029167 0.038889
3 0.486979 0.531944 0.014583 0.021296
4 0.572396 0.538889 0.018750 0.022222
4 0.551302 0.535185 0.016146 0.031481
0 0.542448 0.538889 0.019271 0.033333
5 0.586979 0.549537 0.011458 0.034259
6 0.587500 0.542130 0.011458 0.037963
1 0.745313 0.535648 0.134375 0.152778
1 0.647135 0.542593 0.111979 0.168519
5 0.758594 0.593981 0.032813 0.063889
6 0.750000 0.569444 0.013542 0.072222
6 0.760156 0.571759 0.027604 0.080556
5 0.905990 0.627778 0.023438 0.074074
6 0.891927 0.575000 0.028646 0.055556
5 0.898177 0.649537 0.042188 0.137963
6 0.887760 0.575463 0.034896 0.063889
0 0.438021 0.544907 0.007292 0.025000
4 0.452344 0.542130 0.025521 0.056481
6 0.481250 0.535648 0.012500 0.021296
0 0.500260 0.602315 0.084896 0.132407
5 0.857031 0.813889 0.156771 0.357407
6 0.841146 0.705093 0.115625 0.358333
3 0.561979 0.537037 0.008333 0.024074