0 0.481771 0.546759 0.009375 0.010185
7 0.505469 0.559259 0.009896 0.020370
7 0.510677 0.583796 0.015104 0.080556
7 0.483073 0.546759 0.005729 0.010185
6 0.473438 0.576389 0.007292 0.041667
6 0.492708 0.679630 0.075000 0.255556
6 0.503385 0.676852 0.058854 0.187037
7 0.497656 0.573611 0.024479 0.073148
7 0.476302 0.547222 0.003646 0.011111
7 0.470052 0.550000 0.007812 0.016667
7 0.460677 0.562500 0.027604 0.071296
7 0.428906 0.566667 0.011979 0.037037
7 0.412760 0.569907 0.007812 0.054630
7 0.419010 0.571296 0.011979 0.061111
7 0.405729 0.568519 0.007292 0.044444
7 0.400521 0.580556 0.013542 0.057407
7 0.389583 0.573611 0.011458 0.058333
7 0.376042 0.580556 0.011458 0.059259
7 0.378646 0.576852 0.007292 0.055556
7 0.370052 0.586111 0.008854 0.033333
7 0.361198 0.575463 0.011979 0.049074
5 0.495573 0.715741 0.069271 0.192593
5 0.446875 0.674537 0.050000 0.145370
6 0.445312 0.626389 0.041667 0.165741
0 0.655469 0.567130 0.116146 0.132407
4 0.853125 0.711111 0.292708 0.577778
6 0.789583 0.631481 0.052083 0.185185
7 0.633854 0.618981 0.051042 0.162037
7 0.673177 0.652315 0.048438 0.204630
7 0.677083 0.701852 0.040625 0.114815
7 0.723958 0.625926 0.057292 0.214815
5 0.828125 0.743519 0.105208 0.166667
5 0.542969 0.612037 0.018229 0.042593
5 0.617188 0.839352 0.163542 0.269444
6 0.546354 0.732870 0.034375 0.352778
6 0.582031 0.729630 0.085938 0.379630
6 0.615365 0.778704 0.145313 0.440741
5 0.771094 0.893981 0.298438 0.210185
6 0.762760 0.796759 0.156771 0.404630
5 0.315104 0.581019 0.029167 0.030556
6 0.316146 0.570833 0.010417 0.039815
6 0.308333 0.567130 0.008333 0.036111
6 0.311458 0.566204 0.004167 0.030556
0 0.282552 0.594907 0.025521 0.078704
0 0.277344 0.603704 0.023438 0.075926
3 0.283333 0.653704 0.039583 0.085185
4 0.140104 0.498611 0.279167 0.995370