3 0.953125 0.717593 0.091667 0.546296
7 0.434115 0.552315 0.016146 0.054630
5 0.466667 0.561574 0.047917 0.069444
7 0.495052 0.562037 0.017188 0.075926
5 0.569792 0.564815 0.026042 0.044444
6 0.570052 0.548611 0.015104 0.052778
7 0.577344 0.533333 0.009896 0.025926
7 0.583073 0.552778 0.013021 0.068519
7 0.596615 0.553704 0.010937 0.068519
5 0.611719 0.574074 0.010937 0.046296
7 0.603906 0.560185 0.013021 0.083333
5 0.588802 0.577778 0.023438 0.057407
7 0.649740 0.530093 0.015104 0.063889
7 0.655208 0.556944 0.017708 0.084259
7 0.663802 0.532407 0.006771 0.048148
7 0.686458 0.525463 0.020833 0.076852
7 0.733333 0.554630 0.020833 0.070370
7 0.758073 0.617593 0.043229 0.194444
7 0.862500 0.583333 0.045833 0.118519
7 0.887240 0.585648 0.064062 0.132407
5 0.869271 0.658333 0.126042 0.194444
5 0.852865 0.775000 0.179688 0.218519
5 0.737500 0.806481 0.161458 0.383333
6 0.739062 0.696759 0.134375 0.380556
5 0.638542 0.629630 0.044792 0.100000
5 0.662240 0.685185 0.071354 0.127778
6 0.669531 0.626389 0.047396 0.186111
5 0.371615 0.684259 0.059896 0.185185
7 0.405208 0.718519 0.077083 0.335185
6 0.372135 0.635185 0.053646 0.187037
5 0.212240 0.688889 0.072396 0.196296
5 0.130990 0.771296 0.122396 0.283333
6 0.371875 0.644907 0.050000 0.178704