4 0.483594 0.600000 0.084896 0.161111
0 0.522135 0.557407 0.011979 0.033333
0 0.533073 0.568519 0.023438 0.025926
7 0.540885 0.552778 0.003646 0.018519
6 0.548698 0.560648 0.011979 0.034259
7 0.530729 0.597685 0.019792 0.104630
5 0.547656 0.600000 0.019271 0.057407
5 0.561458 0.597222 0.026042 0.051852
5 0.577083 0.630556 0.075000 0.111111
7 0.675521 0.705556 0.075000 0.290741
5 0.782031 0.642593 0.080729 0.146296
5 0.856510 0.834722 0.172396 0.328704
7 0.034115 0.568056 0.040104 0.104630
5 0.128385 0.781481 0.133854 0.348148
5 0.228906 0.727315 0.084896 0.208333
5 0.277083 0.695833 0.064583 0.163889
5 0.305469 0.656481 0.056771 0.168519
7 0.227083 0.582407 0.019792 0.138889
7 0.245573 0.590741 0.025521 0.151852
7 0.276562 0.569444 0.027083 0.112963
5 0.332552 0.646296 0.043229 0.120370
5 0.363281 0.623148 0.024479 0.085185
5 0.380990 0.616204 0.024479 0.075000
7 0.357812 0.549074 0.011458 0.064815
7 0.376563 0.567593 0.016667 0.064815
7 0.418490 0.562963 0.006771 0.042593
5 0.432292 0.572222 0.014583 0.037037
5 0.439323 0.570370 0.009896 0.037037
6 0.439583 0.559722 0.007292 0.034259
7 0.427344 0.551389 0.008854 0.030556
5 0.415625 0.585185 0.016667 0.051852