5 0.705990 0.574074 0.015104 0.031481
6 0.706771 0.551389 0.015625 0.037963
0 0.767708 0.639815 0.131250 0.207407
7 0.624479 0.534722 0.026042 0.125000
7 0.647135 0.691667 0.058854 0.450000
7 0.655990 0.541667 0.007812 0.014815
7 0.660937 0.574537 0.013542 0.056481
7 0.682552 0.575926 0.022396 0.068519
7 0.689323 0.613426 0.034896 0.100926
7 0.694792 0.789352 0.109375 0.421296
7 0.652344 0.704167 0.050521 0.189815
7 0.765625 0.700463 0.088542 0.328704
7 0.755990 0.804167 0.064062 0.391667
7 0.821875 0.818519 0.062500 0.248148
7 0.545573 0.726389 0.145313 0.547222
7 0.764844 0.535185 0.006771 0.012963
7 0.772656 0.532407 0.006771 0.014815
7 0.781250 0.533333 0.007292 0.016667
7 0.776823 0.536111 0.008854 0.012963
7 0.786719 0.538426 0.006771 0.012037
7 0.810937 0.562500 0.030208 0.056481
0 0.916927 0.569444 0.086979 0.155556
7 0.840885 0.609722 0.034896 0.199074
7 0.871875 0.639352 0.032292 0.202778
7 0.868229 0.650463 0.034375 0.260185
7 0.903646 0.637500 0.032292 0.236111
7 0.889844 0.680093 0.047396 0.263889
7 0.933333 0.615278 0.043750 0.186111
7 0.346354 0.697222 0.154167 0.605556
5 0.956771 0.888426 0.078125 0.223148
6 0.951042 0.749074 0.080208 0.501852
6 0.961458 0.764815 0.076042 0.470370
4 0.463281 0.496759 0.326562 0.787963
7 0.185156 0.810185 0.194271 0.379630
7 0.060677 0.780556 0.120313 0.438889