7 0.662500 0.553241 0.005208 0.019444
2 0.656510 0.550926 0.010937 0.024074
7 0.651823 0.553241 0.008854 0.047222
7 0.648698 0.566667 0.011979 0.064815
7 0.629687 0.540741 0.008333 0.024074
7 0.636979 0.553241 0.015625 0.062037
7 0.634635 0.581944 0.017188 0.084259
7 0.615104 0.555093 0.010417 0.032407
7 0.622917 0.582407 0.020833 0.092593
7 0.596615 0.542593 0.004687 0.018519
7 0.600781 0.545370 0.009896 0.027778
7 0.590885 0.554167 0.018229 0.050926
6 0.604167 0.612963 0.039583 0.127778
5 0.604167 0.643519 0.044792 0.125926
6 0.592969 0.612500 0.056771 0.139815
7 0.555208 0.548148 0.015625 0.044444
7 0.546875 0.549537 0.010417 0.049074
7 0.583854 0.567130 0.009375 0.067593
0 0.515104 0.550000 0.023958 0.048148
7 0.514844 0.554630 0.015104 0.083333
7 0.528906 0.554630 0.016146 0.061111
5 0.560417 0.574074 0.042708 0.062963
5 0.555469 0.586111 0.046354 0.066667
5 0.547135 0.590741 0.053646 0.062963
5 0.551042 0.606944 0.042708 0.100926
7 0.443229 0.581019 0.020833 0.106481
7 0.500000 0.550000 0.012500 0.070370
5 0.686198 0.569907 0.015104 0.049074
6 0.685156 0.558333 0.015104 0.057407
7 0.675000 0.550926 0.008333 0.042593
7 0.680208 0.543519 0.006250 0.014815
6 0.707552 0.548148 0.007812 0.033333
5 0.703906 0.563889 0.006771 0.020370
7 0.939844 0.652315 0.036979 0.230556
7 0.978385 0.587963 0.033854 0.133333
7 0.997135 0.571296 0.005729 0.083333
5 0.973958 0.676852 0.052083 0.162963
6 0.985677 0.628241 0.026562 0.180556
5 0.484115 0.819907 0.129688 0.360185
6 0.483594 0.750463 0.108854 0.421296
2 0.815885 0.750000 0.301563 0.500000