7 0.672917 0.502778 0.005208 0.012963
6 0.698438 0.505556 0.005208 0.011111
7 0.721615 0.512963 0.007812 0.016667
7 0.661719 0.506019 0.007812 0.012037
0 0.675260 0.510185 0.010937 0.011111
6 0.679948 0.510648 0.008854 0.013889
3 0.695052 0.523148 0.019271 0.020370
0 0.726823 0.529630 0.011979 0.016667
7 0.711719 0.523611 0.020313 0.049074
7 0.701302 0.540741 0.013021 0.037037
7 0.731771 0.526852 0.011458 0.059259
7 0.742188 0.514815 0.010417 0.031481
4 0.832552 0.482407 0.132812 0.174074
4 0.621615 0.512963 0.058854 0.029630
6 0.617708 0.521296 0.008333 0.009259
2 0.787240 0.573611 0.089063 0.136111
5 0.797135 0.649537 0.025521 0.110185
6 0.797656 0.550926 0.031771 0.072222
6 0.796875 0.617130 0.041667 0.199074
7 0.738542 0.559722 0.022917 0.065741
7 0.785677 0.680093 0.056771 0.319444
7 0.753385 0.692130 0.042188 0.330556
7 0.728646 0.626852 0.040625 0.181481
7 0.895052 0.531481 0.019271 0.062963
7 0.509375 0.518981 0.015625 0.058333
0 0.456250 0.559722 0.126042 0.141667
7 0.461198 0.608796 0.063021 0.197222
7 0.321875 0.615741 0.039583 0.133333
7 0.267448 0.739352 0.093229 0.426852
7 0.945052 0.604167 0.029687 0.330556
7 0.914062 0.661111 0.095833 0.592593
7 0.970313 0.630556 0.057292 0.340741
7 0.833594 0.662037 0.057813 0.329630
7 0.992708 0.634259 0.010417 0.246296
7 0.877344 0.747685 0.146354 0.502778
0 0.617969 0.756944 0.339062 0.486111
7 0.342708 0.777778 0.082292 0.437037
7 0.407031 0.768981 0.146354 0.460185
7 0.505469 0.829167 0.197396 0.337963
7 0.019792 0.757407 0.038542 0.481481
7 0.022917 0.847685 0.041667 0.300926