0 0.525260 0.547685 0.013021 0.015741
7 0.518490 0.553704 0.006771 0.027778
7 0.526563 0.552315 0.007292 0.026852
7 0.553906 0.557870 0.013021 0.030556
7 0.556771 0.551852 0.009375 0.025926
5 0.599740 0.622222 0.029687 0.072222
7 0.619531 0.612963 0.029687 0.185185
0 0.696615 0.581944 0.101562 0.162037
7 0.760938 0.591204 0.023958 0.119444
4 0.891146 0.652315 0.217708 0.462037
5 0.965885 0.914815 0.067187 0.170370
7 0.822656 0.710648 0.052604 0.326852
7 0.906510 0.688889 0.121354 0.366667
5 0.821615 0.894444 0.279687 0.209259
6 0.699740 0.778241 0.050521 0.443519
6 0.754687 0.756481 0.125000 0.448148
6 0.823698 0.777778 0.208854 0.437037
5 0.648958 0.785648 0.095833 0.297222
6 0.637500 0.697222 0.097917 0.325926
6 0.646094 0.714815 0.104688 0.342593
7 0.571354 0.614815 0.040625 0.190741
5 0.546094 0.731944 0.067187 0.215741
6 0.529167 0.572685 0.010417 0.032407
6 0.544531 0.683796 0.076563 0.271296
6 0.552604 0.690278 0.057292 0.189815
7 0.514323 0.599537 0.015104 0.049074
7 0.502604 0.583333 0.016667 0.064815
7 0.514844 0.571296 0.010937 0.037037
7 0.507812 0.554167 0.006250 0.023148
7 0.496875 0.552778 0.010417 0.025926
7 0.490885 0.559259 0.008854 0.029630
7 0.472656 0.562037 0.010937 0.037037
7 0.468229 0.560185 0.008333 0.037037
7 0.452865 0.568056 0.008854 0.043519
7 0.461458 0.587500 0.014583 0.065741
7 0.439323 0.635185 0.038021 0.192593
7 0.430729 0.556944 0.006250 0.023148
7 0.419531 0.575926 0.008854 0.051852
7 0.414844 0.584722 0.005729 0.032407
7 0.420312 0.577778 0.008333 0.048148
5 0.405729 0.577778 0.023958 0.029630
6 0.407031 0.568981 0.008854 0.036111
6 0.402344 0.568981 0.008854 0.036111
7 0.362500 0.571296 0.009375 0.046296
0 0.318490 0.593519 0.035937 0.081481
0 0.314583 0.598148 0.031250 0.074074
3 0.320052 0.654630 0.045312 0.092593
4 0.155990 0.499537 0.310937 0.997222
6 0.486979 0.631019 0.042708 0.167593
5 0.490104 0.683796 0.057292 0.152778