7 0.421094 0.523611 0.009896 0.025000
7 0.406510 0.519907 0.006771 0.019444
7 0.394010 0.523611 0.006771 0.030556
7 0.387760 0.521759 0.011979 0.036111
7 0.378906 0.515741 0.007812 0.025926
7 0.364063 0.553704 0.020833 0.083333
7 0.339844 0.516204 0.008854 0.021296
7 0.431510 0.537037 0.021354 0.046296
7 0.441927 0.521296 0.006771 0.018519
7 0.461458 0.526389 0.008333 0.028704
2 0.470313 0.526852 0.015625 0.024074
7 0.484896 0.525000 0.009375 0.027778
7 0.495052 0.521759 0.004687 0.012037
7 0.492969 0.544907 0.007812 0.062037
7 0.497135 0.530093 0.008854 0.028704
7 0.509635 0.527778 0.007812 0.025926
7 0.502083 0.547222 0.011458 0.059259
7 0.514583 0.529630 0.008333 0.016667
5 0.546354 0.552778 0.011458 0.027778
6 0.553646 0.556019 0.013542 0.065741
6 0.561719 0.558333 0.019271 0.074074
5 0.558333 0.577778 0.025000 0.059259
5 0.597656 0.593056 0.016146 0.052778
5 0.634635 0.592593 0.011979 0.050000
5 0.616927 0.593519 0.034896 0.079630
5 0.663802 0.575463 0.049479 0.043519
5 0.689063 0.582407 0.036458 0.051852
7 0.759896 0.498148 0.010417 0.018519
7 0.705729 0.549537 0.030208 0.097222
5 0.722396 0.591204 0.045833 0.054630
5 0.709115 0.650000 0.074479 0.111111
5 0.739062 0.690278 0.020833 0.104630
5 0.746354 0.700926 0.018750 0.125926
7 0.716667 0.675926 0.064583 0.233333
7 0.766406 0.687500 0.055729 0.287963
7 0.825521 0.722685 0.056250 0.358333
7 0.937240 0.740741 0.044271 0.370370
7 0.885417 0.731019 0.056250 0.282407
7 0.905729 0.783796 0.128125 0.430556
7 0.661979 0.544444 0.015625 0.061111
6 0.619010 0.569444 0.029687 0.092593
7 0.609635 0.553704 0.011979 0.044444
7 0.451823 0.528241 0.014063 0.032407
7 0.462500 0.529167 0.007292 0.021296
6 0.475260 0.536574 0.014063 0.036111
5 0.487500 0.576389 0.019792 0.052778
6 0.486979 0.547685 0.021875 0.052778
7 0.464062 0.562037 0.011458 0.068519
7 0.412500 0.561111 0.012500 0.077778
7 0.432031 0.536111 0.020313 0.046296
7 0.420833 0.568981 0.018750 0.076852
7 0.453906 0.576852 0.025521 0.100000
7 0.436198 0.578241 0.021354 0.097222
7 0.398177 0.578241 0.030729 0.108333
7 0.535677 0.553704 0.013021 0.064815
6 0.510417 0.560185 0.017708 0.074074
5 0.510938 0.578241 0.015625 0.065741
7 0.522396 0.569907 0.021875 0.099074
7 0.253906 0.563426 0.029687 0.119444
5 0.161979 0.636574 0.073958 0.121296
7 0.172656 0.599537 0.034896 0.208333
7 0.133073 0.618056 0.058854 0.228704
7 0.071354 0.598148 0.035417 0.194444
7 0.092448 0.683796 0.077604 0.299074
7 0.149740 0.614352 0.058854 0.258333
6 0.578646 0.540741 0.018750 0.044444
7 0.811458 0.750463 0.078125 0.412037
7 0.248177 0.609259 0.036979 0.109259
7 0.260677 0.683796 0.054688 0.273148
7 0.338802 0.606481 0.035937 0.094444
7 0.428906 0.701389 0.047396 0.215741
7 0.470833 0.685648 0.053125 0.265741
7 0.654687 0.684722 0.053125 0.263889
7 0.575521 0.668519 0.050000 0.255556
7 0.564323 0.584722 0.023438 0.076852
7 0.286979 0.770833 0.081250 0.458333
7 0.372396 0.762963 0.110417 0.474074
7 0.217708 0.748148 0.111458 0.501852
5 0.008073 0.704167 0.014063 0.117593