5 0.484375 0.552315 0.005208 0.012037
6 0.484375 0.547685 0.005208 0.012037
0 0.580990 0.530093 0.014063 0.015741
5 0.770312 0.518519 0.014583 0.022222
6 0.768490 0.511574 0.008854 0.030556
0 0.615625 0.528241 0.011458 0.017593
4 0.577865 0.522222 0.021354 0.024074
4 0.609115 0.523148 0.052604 0.029630
4 0.655729 0.518056 0.026042 0.030556
6 0.738542 0.521296 0.008333 0.027778
5 0.739062 0.528704 0.011458 0.018519
0 0.825521 0.521296 0.045833 0.042593
6 0.892448 0.520370 0.018229 0.037037
0 0.944792 0.519907 0.054167 0.058333
0 0.526302 0.563426 0.028646 0.045370
5 0.547917 0.559722 0.011458 0.028704
6 0.546875 0.550463 0.010417 0.036111
5 0.575521 0.559259 0.013542 0.033333
6 0.576302 0.546759 0.014063 0.043519
0 0.598698 0.543981 0.036979 0.052778
5 0.563542 0.601852 0.029167 0.087037
6 0.564063 0.580556 0.029167 0.112963
5 0.625521 0.626852 0.043750 0.120370
6 0.624479 0.588889 0.048958 0.135185
3 0.372135 0.548148 0.119271 0.096296
7 0.383333 0.575926 0.018750 0.092593
4 0.269010 0.560185 0.089063 0.090741
3 0.177344 0.557870 0.165104 0.152778
10 0.195052 0.517593 0.007812 0.024074
5 0.022396 0.619907 0.043750 0.060185
6 0.018750 0.603241 0.028125 0.078704
5 0.226562 0.618981 0.037500 0.073148
6 0.224479 0.593981 0.023958 0.086111
6 0.967708 0.519907 0.013542 0.049074
5 0.993750 0.537037 0.012500 0.037037