8 0.109896 0.678241 0.027083 0.108333
7 0.023698 0.831019 0.046354 0.336111
7 0.180729 0.726389 0.072917 0.410185
7 0.236198 0.756944 0.076563 0.393519
7 0.294010 0.693981 0.048438 0.315741
7 0.344010 0.683333 0.046354 0.238889
7 0.351823 0.684722 0.074479 0.323148
7 0.379427 0.548611 0.027604 0.073148
7 0.377604 0.672685 0.039583 0.254630
7 0.390625 0.578241 0.020833 0.054630
7 0.392448 0.667593 0.030729 0.201852
7 0.405729 0.656944 0.027083 0.180556
7 0.414062 0.556481 0.011458 0.022222
7 0.416406 0.568981 0.010937 0.021296
5 0.458333 0.594444 0.026042 0.070370
6 0.457813 0.579630 0.021875 0.075926
6 0.442448 0.576852 0.020313 0.072222
7 0.429167 0.657870 0.038542 0.225000
7 0.456771 0.679630 0.026042 0.112963
6 0.477344 0.554630 0.010937 0.016667
0 0.502604 0.607407 0.080208 0.131481
3 0.513021 0.541667 0.018750 0.009259
6 0.513281 0.540278 0.007812 0.008333
7 0.534896 0.547222 0.006250 0.020370
7 0.538542 0.549074 0.005208 0.018519
7 0.546354 0.554167 0.010417 0.036111
7 0.550521 0.566667 0.013542 0.042593
7 0.560156 0.551852 0.018229 0.037037
7 0.530990 0.617593 0.036979 0.135185
4 0.610938 0.541204 0.073958 0.100926
5 0.571615 0.705556 0.113021 0.188889
6 0.568229 0.654630 0.110417 0.257407
4 0.692448 0.589352 0.189062 0.302778
7 0.587500 0.698148 0.082292 0.388889
7 0.813281 0.698611 0.103646 0.454630
3 0.317708 0.551389 0.160417 0.360185