7 0.034115 0.558796 0.011979 0.058333
7 0.056250 0.531019 0.009375 0.021296
7 0.044531 0.558333 0.009896 0.055556
5 0.163281 0.565741 0.017188 0.033333
2 0.109635 0.625926 0.139063 0.192593
5 0.038802 0.719907 0.076563 0.189815
9 0.982292 0.568981 0.028125 0.032407
5 0.863542 0.565278 0.042708 0.084259
7 0.853646 0.543981 0.021875 0.106481
7 0.834635 0.546759 0.020313 0.112037
5 0.621875 0.579630 0.062500 0.075926
3 0.463281 0.553704 0.036979 0.072222
5 0.390885 0.559259 0.014063 0.035185
5 0.408333 0.574074 0.014583 0.035185
6 0.406771 0.565741 0.011458 0.042593