13 0.375521 0.391667 0.013542 0.096296
5 0.463542 0.608333 0.065625 0.081481
5 0.544531 0.602315 0.070312 0.093519
6 0.543229 0.587963 0.028125 0.107407
6 0.562760 0.581944 0.023438 0.100926
2 0.700521 0.579630 0.041667 0.133333
2 0.646094 0.587500 0.121354 0.143519
6 0.853385 0.513889 0.010937 0.040741
5 0.853385 0.524537 0.013021 0.036111
1 0.901042 0.500463 0.067708 0.160185
4 0.963542 0.505093 0.072917 0.234259
6 0.469271 0.588889 0.030208 0.105556
6 0.485677 0.587500 0.019271 0.100926
5 0.297656 0.628241 0.095312 0.110185
6 0.300000 0.602315 0.039583 0.126852
6 0.327344 0.595833 0.032813 0.123148
2 0.073177 0.621759 0.145313 0.225000
5 0.150260 0.894907 0.168229 0.210185
6 0.110677 0.800463 0.220312 0.399074
6 0.291146 0.598148 0.018750 0.074074