7 0.521094 0.499537 0.004687 0.023148
7 0.555990 0.515278 0.004687 0.025000
7 0.564844 0.504167 0.003646 0.012037
7 0.559896 0.510185 0.003125 0.018519
7 0.561719 0.516204 0.004687 0.023148
7 0.586719 0.505556 0.002604 0.011111
7 0.594010 0.515741 0.007812 0.037037
7 0.588802 0.520370 0.006771 0.037037
4 0.600260 0.514815 0.005729 0.035185
0 0.578125 0.518519 0.016667 0.035185
5 0.572656 0.529630 0.008854 0.025926
6 0.572656 0.522685 0.007812 0.036111
7 0.566667 0.518056 0.006250 0.028704
3 0.538281 0.500463 0.029687 0.062037
7 0.545833 0.522222 0.007292 0.016667
7 0.552344 0.522685 0.008854 0.021296
7 0.521354 0.512037 0.005208 0.020370
7 0.517448 0.515278 0.005729 0.012037
7 0.414844 0.627315 0.020313 0.195370
7 0.397396 0.593056 0.036458 0.171296
7 0.309896 0.515278 0.008333 0.034259
7 0.298177 0.497222 0.007812 0.014815
7 0.276823 0.502315 0.009896 0.030556
7 0.280729 0.506944 0.008333 0.021296
7 0.240625 0.500000 0.013542 0.029630
7 0.025521 0.520833 0.032292 0.052778
7 0.062500 0.518056 0.054167 0.054630
5 0.254688 0.699074 0.138542 0.127778
6 0.255729 0.614815 0.040625 0.172222
6 0.228906 0.623148 0.042188 0.161111
7 0.305729 0.661574 0.020833 0.160185
7 0.337240 0.661111 0.031771 0.196296
3 0.354427 0.585648 0.066146 0.165741
2 0.491146 0.640741 0.156250 0.262963
7 0.577344 0.545833 0.015104 0.025000
7 0.575260 0.587037 0.018229 0.096296
6 0.613281 0.524537 0.004687 0.012037
6 0.610677 0.536574 0.011979 0.036111
5 0.596354 0.619907 0.037500 0.104630
6 0.588021 0.584722 0.014583 0.093519
6 0.597135 0.585648 0.028646 0.106481
7 0.608333 0.556481 0.011458 0.040741
4 0.663802 0.526389 0.061979 0.071296
7 0.707031 0.506944 0.011979 0.036111
7 0.715365 0.505093 0.010937 0.032407
7 0.724479 0.506944 0.011458 0.034259
2 0.709375 0.577315 0.050000 0.115741
7 0.659635 0.536574 0.021354 0.049074
7 0.648958 0.600926 0.023958 0.151852
7 0.665885 0.606019 0.022396 0.134259
7 0.681250 0.574074 0.017708 0.101852
7 0.698958 0.624537 0.050000 0.173148
5 0.768229 0.597222 0.034375 0.087037
7 0.794531 0.561574 0.013021 0.084259
7 0.781771 0.558796 0.020833 0.091667
7 0.736719 0.620833 0.043229 0.187963
7 0.811198 0.616667 0.032813 0.179630
7 0.830729 0.610648 0.030208 0.134259
6 0.849479 0.600926 0.040625 0.157407
8 0.821875 0.666667 0.088542 0.129630
5 0.614844 0.782870 0.082812 0.260185
6 0.607552 0.698148 0.093229 0.342593
5 0.284375 0.739815 0.153125 0.214815
6 0.301302 0.692130 0.083854 0.302778
7 0.386719 0.762963 0.104688 0.435185
5 0.035417 0.684722 0.068750 0.167593
7 0.023698 0.900463 0.046354 0.199074
7 0.125000 0.731481 0.178125 0.535185