5 0.344531 0.579167 0.028646 0.026852
6 0.345573 0.571759 0.006771 0.039815
6 0.341146 0.566204 0.008333 0.034259
6 0.335938 0.566204 0.008333 0.041667
7 0.390625 0.571759 0.010417 0.049074
7 0.400781 0.584259 0.005729 0.033333
7 0.405729 0.575926 0.010417 0.053704
0 0.510938 0.543981 0.009375 0.004630
7 0.509375 0.542593 0.003125 0.007407
7 0.547656 0.556481 0.009896 0.027778
7 0.541146 0.589815 0.040625 0.118519
5 0.587500 0.617130 0.042708 0.075000
6 0.591406 0.649537 0.041146 0.226852
6 0.594792 0.662500 0.048958 0.234259
5 0.600521 0.691667 0.047917 0.164815
0 0.693229 0.568519 0.126042 0.131481
4 0.877865 0.635648 0.244271 0.417593
5 0.882812 0.808796 0.226042 0.212037
6 0.861979 0.626389 0.082292 0.189815
7 0.789062 0.640278 0.070833 0.247222
7 0.736198 0.702315 0.036979 0.076852
7 0.733854 0.610648 0.056250 0.123148
7 0.681250 0.598148 0.062500 0.129630
5 0.853385 0.918519 0.293229 0.162963
6 0.874479 0.785185 0.153125 0.429630
5 0.684635 0.868519 0.179688 0.262963
6 0.609115 0.754630 0.032813 0.403704
6 0.650781 0.742130 0.098437 0.400926
6 0.689844 0.776852 0.163021 0.442593
7 0.495052 0.564352 0.025521 0.078704
5 0.528125 0.725000 0.072917 0.205556
6 0.503125 0.568981 0.010417 0.039815
6 0.523177 0.678241 0.068229 0.263889
6 0.534635 0.684259 0.069271 0.192593
0 0.309375 0.593056 0.030208 0.080556
0 0.304427 0.598611 0.026562 0.073148
3 0.310156 0.650926 0.043229 0.085185
4 0.152083 0.500463 0.303125 0.999074
5 0.472656 0.677315 0.047396 0.147222
6 0.472917 0.628704 0.042708 0.164815
7 0.477604 0.562963 0.005208 0.022222
7 0.483594 0.563889 0.006771 0.027778
7 0.504948 0.544907 0.003646 0.010185
7 0.450781 0.571759 0.007812 0.060185
7 0.440104 0.567593 0.008333 0.053704
7 0.440104 0.576852 0.010417 0.044444
7 0.430729 0.576852 0.012500 0.061111
7 0.416667 0.576389 0.010417 0.063889
7 0.418229 0.573611 0.013542 0.056481