7 0.063542 0.872685 0.064583 0.252778
7 0.172917 0.711574 0.173958 0.576852
7 0.298438 0.717593 0.067708 0.325926
3 0.473438 0.486111 0.315625 0.651852
6 0.709115 0.546759 0.010937 0.023148
5 0.696354 0.571759 0.019792 0.036111
6 0.699479 0.554167 0.019792 0.039815
6 0.699219 0.555556 0.011979 0.014815
7 0.674740 0.565278 0.029687 0.076852
7 0.648438 0.538889 0.043750 0.114815
7 0.674479 0.567593 0.028125 0.074074
7 0.657292 0.606944 0.038542 0.128704
7 0.708594 0.590741 0.029687 0.068519
0 0.754948 0.604167 0.092188 0.137963
7 0.738021 0.629630 0.053125 0.144444
7 0.734115 0.642130 0.035937 0.110185
7 0.709635 0.768981 0.051562 0.354630
7 0.620833 0.752778 0.083333 0.405556
7 0.676302 0.793981 0.088021 0.408333
7 0.773958 0.773148 0.180208 0.451852
7 0.524479 0.688426 0.095833 0.510185
7 0.398698 0.801389 0.173437 0.395370
7 0.473698 0.852778 0.082812 0.290741
7 0.569531 0.834259 0.086979 0.329630
7 0.563281 0.943056 0.134896 0.112037
7 0.769010 0.534722 0.005729 0.012037
7 0.775000 0.532407 0.006250 0.011111
7 0.794271 0.540278 0.018750 0.036111
7 0.780729 0.535648 0.008333 0.015741
7 0.809115 0.542130 0.021354 0.034259
0 0.921094 0.546759 0.091146 0.112037
7 0.864062 0.557407 0.016667 0.066667
7 0.874740 0.567593 0.020313 0.066667
5 0.863542 0.757870 0.100000 0.239815
6 0.829948 0.574537 0.031771 0.128704
6 0.852865 0.613426 0.083854 0.178704
5 0.916146 0.693981 0.063542 0.134259
6 0.887240 0.567130 0.038021 0.126852
6 0.899479 0.609259 0.039583 0.170370
7 0.885417 0.908796 0.101042 0.178704
5 0.944531 0.818519 0.108854 0.359259
6 0.921094 0.717593 0.044271 0.348148
6 0.954427 0.766204 0.089063 0.465741
4 0.954688 0.530556 0.088542 0.138889
8 0.127344 0.690741 0.039062 0.096296