13 0.143229 0.352778 0.020833 0.159259
5 0.528646 0.556019 0.013542 0.028704
5 0.680469 0.526852 0.007812 0.018519
6 0.679948 0.523148 0.007812 0.024074
5 0.449219 0.610648 0.036979 0.086111
6 0.448958 0.595370 0.028125 0.083333
6 0.439583 0.595833 0.030208 0.087963
5 0.241927 0.700926 0.055729 0.164815
6 0.236979 0.667593 0.059375 0.177778
5 0.291406 0.796296 0.106771 0.261111
6 0.300521 0.721759 0.082292 0.265741
5 0.275000 0.880093 0.143750 0.232407
6 0.229687 0.806944 0.204167 0.382407
0 0.021354 0.921759 0.041667 0.156481
6 0.110417 0.802315 0.161458 0.393519
0 0.828385 0.512500 0.014063 0.032407
0 0.817969 0.521296 0.023438 0.044444
2 0.806771 0.537037 0.022917 0.050000
5 0.780208 0.548611 0.013542 0.034259
6 0.780208 0.538889 0.012500 0.040741
0 0.860156 0.502315 0.008854 0.019444
5 0.849219 0.511111 0.005729 0.007407
6 0.849740 0.503241 0.005729 0.012037
5 0.862240 0.511111 0.010937 0.011111
6 0.861458 0.507407 0.005208 0.014815
5 0.886198 0.555093 0.016146 0.043519
6 0.883854 0.533333 0.016667 0.038889
0 0.858854 0.552778 0.057292 0.075926
0 0.985156 0.547685 0.029687 0.069444
0 0.942187 0.572222 0.103125 0.120370