3 0.517708 0.535185 0.009375 0.022222
4 0.527865 0.545833 0.015104 0.028704
5 0.489063 0.543981 0.007292 0.013889
6 0.488542 0.540741 0.005208 0.011111
7 0.449219 0.543981 0.008854 0.032407
6 0.486979 0.547222 0.008333 0.029630
4 0.500781 0.537963 0.022396 0.044444
4 0.554167 0.530093 0.047917 0.091667
5 0.573958 0.563889 0.014583 0.037037
6 0.571875 0.549074 0.013542 0.040741
6 0.573438 0.549074 0.017708 0.044444
4 0.648438 0.501389 0.062500 0.056481
5 0.788281 0.578241 0.016146 0.041667
6 0.785417 0.556944 0.012500 0.030556
2 0.719531 0.561574 0.050521 0.099074
13 0.657031 0.415278 0.013021 0.091667
5 0.069271 0.503241 0.033333 0.045370
7 0.121354 0.501852 0.014583 0.038889
5 0.141927 0.528241 0.035937 0.039815
6 0.146615 0.519444 0.024479 0.062963
5 0.161458 0.537963 0.048958 0.059259
4 0.327865 0.514815 0.231771 0.166667
5 0.066146 0.765741 0.056250 0.170370
5 0.029948 0.825463 0.056771 0.306481
5 0.281510 0.742130 0.080729 0.250926
5 0.173698 0.841204 0.173437 0.312037
5 0.478906 0.817130 0.116146 0.365741
5 0.376042 0.862963 0.151042 0.274074
5 0.644271 0.842130 0.186458 0.315741
5 0.764844 0.786111 0.060937 0.200000
5 0.885156 0.781481 0.104688 0.301852
5 0.941667 0.874074 0.113542 0.251852
6 0.090104 0.618981 0.058333 0.176852
6 0.154167 0.611574 0.017708 0.045370
6 0.273177 0.702778 0.092188 0.335185
6 0.247135 0.683796 0.094271 0.275000
6 0.225781 0.769444 0.146354 0.455556
6 0.166927 0.768981 0.177604 0.458333
6 0.476042 0.743981 0.132292 0.434259
6 0.399740 0.773148 0.129688 0.448148
6 0.744271 0.562963 0.040625 0.098148
6 0.763802 0.610185 0.061979 0.194444
6 0.723437 0.629630 0.066667 0.216667
6 0.660417 0.758333 0.194792 0.483333
6 0.916927 0.713889 0.106771 0.411111
6 0.941667 0.733796 0.114583 0.413889
6 0.951302 0.817130 0.095312 0.110185
6 0.009115 0.730556 0.017188 0.025926
13 0.658073 0.360185 0.008854 0.016667
5 0.194792 0.628704 0.019792 0.040741
5 0.679688 0.829630 0.148958 0.305556
7 0.043750 0.499537 0.013542 0.045370