2 0.181250 0.682407 0.345833 0.520370
5 0.281771 0.881019 0.122917 0.237963
6 0.232031 0.774537 0.218229 0.450926
5 0.351302 0.635648 0.034896 0.104630
6 0.353125 0.593056 0.033333 0.134259
7 0.382292 0.559259 0.012500 0.070370
7 0.370833 0.564815 0.016667 0.085185
7 0.388021 0.532407 0.007292 0.016667
2 0.466667 0.554630 0.034375 0.083333
2 0.487500 0.534722 0.017708 0.039815
4 0.482552 0.518519 0.026562 0.033333
0 0.422396 0.588889 0.087500 0.144444
3 0.528125 0.538889 0.073958 0.044444
6 0.503906 0.505556 0.016146 0.029630
6 0.517188 0.499074 0.014583 0.077778
6 0.513802 0.504167 0.035937 0.076852
6 0.505469 0.510648 0.015104 0.036111
1 0.538281 0.509259 0.056771 0.085185
1 0.623958 0.530093 0.128125 0.208333
3 0.700781 0.530556 0.015104 0.018519
0 0.535677 0.556944 0.053646 0.039815
0 0.527604 0.663889 0.137500 0.237037
0 0.660937 0.603704 0.063542 0.127778
0 0.756250 0.666204 0.229167 0.265741
5 0.442708 0.836574 0.108333 0.295370
6 0.444531 0.719907 0.115104 0.337963
0 0.916927 0.796759 0.166146 0.406481
0 0.709375 0.540278 0.025000 0.012037
2 0.811458 0.559259 0.030208 0.053704
1 0.800000 0.518056 0.056250 0.047222
4 0.908333 0.558796 0.179167 0.226852