5 0.009115 0.744444 0.018229 0.092593
5 0.112500 0.712963 0.107292 0.183333
6 0.118750 0.662963 0.063542 0.211111
2 0.264062 0.644907 0.214583 0.358333
7 0.370312 0.556944 0.014583 0.058333
7 0.387500 0.545833 0.015625 0.049074
7 0.397135 0.539352 0.008854 0.034259
7 0.392708 0.567130 0.017708 0.067593
7 0.413281 0.555556 0.015104 0.044444
1 0.513021 0.512963 0.036458 0.040741
3 0.492188 0.518519 0.010417 0.018519
3 0.520312 0.534722 0.042708 0.043519
6 0.508333 0.516667 0.011458 0.033333
6 0.521875 0.503704 0.015625 0.053704
6 0.519271 0.502315 0.015625 0.047222
1 0.558594 0.513889 0.047396 0.074074
4 0.605729 0.511111 0.041667 0.077778
0 0.578125 0.543056 0.040625 0.032407
0 0.615885 0.530556 0.021354 0.018519
0 0.645312 0.537963 0.035417 0.044444
1 0.661979 0.512500 0.027083 0.023148
1 0.682552 0.511574 0.015104 0.026852
3 0.715885 0.516204 0.054688 0.069444
6 0.687240 0.538426 0.008854 0.034259
0 0.679948 0.532407 0.022396 0.038889
5 0.670573 0.551389 0.020313 0.036111
6 0.671615 0.543519 0.019271 0.057407
1 0.761719 0.510648 0.040104 0.043519
2 0.764062 0.523148 0.030208 0.018519
0 0.770052 0.571759 0.082812 0.104630
1 0.845573 0.522685 0.133854 0.117593
5 0.836458 0.558796 0.021875 0.039815
6 0.839323 0.546759 0.015104 0.049074
6 0.952344 0.532870 0.010937 0.017593
6 0.956250 0.538426 0.013542 0.030556
6 0.963802 0.544444 0.019271 0.050000
6 0.979688 0.552778 0.030208 0.068519
0 0.898177 0.586574 0.138021 0.137963
0 0.885417 0.783796 0.229167 0.432407
0 0.526823 0.549537 0.041146 0.039815
0 0.629948 0.584722 0.072396 0.110185
0 0.727344 0.660185 0.177604 0.240741
0 0.460156 0.591204 0.092188 0.145370
0 0.546615 0.696759 0.191146 0.302778
5 0.403646 0.823148 0.155208 0.353704
5 0.318750 0.800000 0.102083 0.320370
6 0.323958 0.707407 0.079167 0.318519
6 0.403646 0.750000 0.113542 0.381481