0 0.196094 0.547685 0.096354 0.091667
5 0.191406 0.580093 0.036979 0.097222
4 0.360677 0.525463 0.086979 0.113889
7 0.414583 0.549537 0.012500 0.060185
0 0.423438 0.538889 0.016667 0.033333
0 0.438802 0.531944 0.014063 0.013889
0 0.433333 0.566667 0.028125 0.070370
2 0.474479 0.578241 0.066667 0.137963
3 0.499219 0.506481 0.008854 0.018519
0 0.513281 0.512500 0.006771 0.013889
0 0.504948 0.512963 0.008854 0.014815
4 0.511979 0.529167 0.012500 0.030556
5 0.511979 0.551852 0.008333 0.029630
6 0.511979 0.543519 0.009375 0.037037
6 0.489583 0.507870 0.003125 0.006481
6 0.495312 0.509259 0.003125 0.007407
0 0.533333 0.518519 0.007292 0.012963
3 0.545573 0.519444 0.009896 0.016667
0 0.557552 0.516204 0.010937 0.015741
5 0.557813 0.525000 0.005208 0.009259
6 0.558073 0.523148 0.003646 0.014815
6 0.554427 0.519907 0.003646 0.010185
7 0.559635 0.523148 0.004687 0.014815
3 0.569271 0.516204 0.012500 0.013889
0 0.576302 0.530556 0.013021 0.018519
4 0.580469 0.515741 0.011979 0.020370
4 0.616667 0.527315 0.064583 0.097222
1 0.653125 0.527778 0.019792 0.035185
5 0.656250 0.563889 0.010417 0.022222
6 0.656510 0.559722 0.010937 0.036111
5 0.668229 0.560185 0.012500 0.024074
6 0.669271 0.555556 0.012500 0.031481
7 0.682292 0.563889 0.008333 0.038889
7 0.690104 0.564815 0.008333 0.044444
7 0.696354 0.567130 0.008333 0.039815
0 0.701302 0.562500 0.026562 0.037963
0 0.778646 0.590741 0.058333 0.064815
4 0.875260 0.568056 0.140104 0.097222
7 0.901823 0.525463 0.010937 0.052778
7 0.913542 0.531019 0.013542 0.052778
7 0.959896 0.579167 0.014583 0.069444
7 0.934635 0.543981 0.013021 0.028704
7 0.629427 0.572222 0.016146 0.111111
7 0.725260 0.551852 0.008854 0.048148