13 0.534635 0.485648 0.003646 0.025000
5 0.490625 0.538426 0.009375 0.015741
2 0.500781 0.534259 0.020313 0.038889
4 0.525521 0.526852 0.027083 0.031481
6 0.516667 0.512963 0.006250 0.012963
6 0.521094 0.511111 0.006771 0.012963
5 0.569010 0.542130 0.014063 0.019444
6 0.568750 0.537500 0.008333 0.026852
0 0.672656 0.541667 0.014063 0.012963
0 0.659375 0.540278 0.018750 0.026852
0 0.643750 0.537963 0.017708 0.031481
6 0.646875 0.545370 0.012500 0.037037
5 0.646875 0.556944 0.012500 0.032407
1 0.607031 0.526852 0.055729 0.103704
5 0.634375 0.550000 0.004167 0.022222
13 0.533854 0.422685 0.013542 0.008333
5 0.518490 0.540741 0.005729 0.014815
6 0.518490 0.530093 0.005729 0.015741
5 0.523958 0.547685 0.009375 0.023148
6 0.523177 0.538889 0.007812 0.029630
13 0.402344 0.493981 0.005729 0.019444
2 0.419531 0.551852 0.023438 0.044444
0 0.444531 0.556944 0.028646 0.041667
5 0.460417 0.569444 0.012500 0.037037
6 0.461198 0.561111 0.011979 0.046296
7 0.364844 0.555093 0.011979 0.030556
7 0.358333 0.556481 0.009375 0.031481
7 0.394010 0.563426 0.007812 0.030556
0 0.311198 0.549537 0.032813 0.017593
2 0.277344 0.532870 0.023438 0.025000
5 0.352344 0.588426 0.016146 0.058333
6 0.351562 0.578241 0.019792 0.065741
5 0.222656 0.593519 0.017188 0.046296
6 0.222396 0.581019 0.026042 0.082407
5 0.245312 0.712037 0.086458 0.211111
6 0.250781 0.660648 0.067187 0.215741
4 0.789323 0.528241 0.242188 0.319444
10 0.171875 0.484722 0.055208 0.034259