2 0.850521 0.747222 0.297917 0.501852
7 0.350000 0.587037 0.054167 0.250000
5 0.393750 0.639815 0.057292 0.192593
7 0.511458 0.571296 0.014583 0.072222
2 0.519271 0.543981 0.018750 0.043519
7 0.538542 0.561574 0.016667 0.082407
7 0.551823 0.561574 0.015104 0.084259
5 0.572135 0.552315 0.011979 0.032407
6 0.572135 0.544907 0.010937 0.036111
7 0.607031 0.555093 0.007812 0.049074
7 0.601562 0.559722 0.010417 0.052778
5 0.694010 0.582870 0.036979 0.075000
5 0.718490 0.608796 0.022396 0.069444
2 0.642188 0.603241 0.081250 0.171296
7 0.741146 0.272222 0.013542 0.044444
7 0.734635 0.275000 0.010937 0.053704