0 0.115885 0.682407 0.230729 0.290741
1 0.503906 0.518056 0.033854 0.037963
6 0.525521 0.498148 0.009375 0.051852
6 0.532552 0.504630 0.013021 0.053704
1 0.554948 0.521759 0.041146 0.075000
1 0.585417 0.521759 0.007292 0.017593
3 0.575781 0.523611 0.007812 0.013889
1 0.605729 0.527778 0.036458 0.051852
3 0.629427 0.543519 0.011979 0.020370
2 0.660677 0.538426 0.026562 0.026852
6 0.678125 0.540741 0.013542 0.029630
0 0.702865 0.559722 0.032813 0.039815
0 0.780729 0.546296 0.067708 0.037037
3 0.552083 0.537037 0.010417 0.020370
0 0.559115 0.558796 0.023438 0.054630
7 0.875260 0.563426 0.016146 0.063889
7 0.884896 0.570370 0.013542 0.066667
0 0.577083 0.556944 0.033333 0.050926
0 0.600000 0.565278 0.044792 0.056481
0 0.654687 0.608796 0.085417 0.134259
5 0.914583 0.584259 0.025000 0.044444
3 0.542708 0.554167 0.020833 0.062037
0 0.534635 0.576852 0.025521 0.094444
5 0.575260 0.609259 0.027604 0.100000
6 0.573438 0.580556 0.036458 0.101852
5 0.604167 0.632407 0.043750 0.129630
6 0.605208 0.601389 0.041667 0.145370
0 0.793490 0.699074 0.271354 0.307407
5 0.898438 0.885185 0.202083 0.227778
6 0.905990 0.762500 0.188021 0.475000
6 0.397135 0.545833 0.009896 0.015741
6 0.432292 0.542130 0.007292 0.017593
0 0.496615 0.607407 0.096354 0.181481
0 0.416667 0.707870 0.225000 0.321296
9 0.634896 0.191204 0.006250 0.006481
9 0.636979 0.237500 0.005208 0.006481
9 0.616406 0.230556 0.005729 0.009259
9 0.610417 0.241204 0.004167 0.008333
9 0.628646 0.242130 0.003125 0.006481
9 0.618490 0.244907 0.003646 0.006481
9 0.612240 0.247222 0.002604 0.007407
9 0.604688 0.248611 0.003125 0.004630
9 0.597656 0.272685 0.003646 0.006481
9 0.595313 0.282407 0.003125 0.005556
9 0.594010 0.291204 0.003646 0.006481
9 0.589583 0.310648 0.003125 0.006481
9 0.589063 0.316204 0.004167 0.006481
9 0.587240 0.328704 0.004687 0.005556
9 0.586458 0.334722 0.005208 0.006481
9 0.584375 0.338889 0.004167 0.005556
9 0.582812 0.345370 0.004167 0.007407
9 0.580469 0.354167 0.005729 0.006481
9 0.576823 0.364815 0.004687 0.011111
9 0.574219 0.369907 0.002604 0.006481
9 0.570833 0.377315 0.004167 0.006481
9 0.569271 0.381944 0.004167 0.006481
9 0.556771 0.386111 0.003125 0.005556
9 0.571354 0.240741 0.003125 0.007407