6 0.475521 0.545833 0.007292 0.039815
5 0.479687 0.559722 0.008333 0.026852
6 0.501302 0.550463 0.013021 0.043519
5 0.504167 0.575463 0.015625 0.052778
6 0.503385 0.560648 0.015104 0.063889
5 0.521354 0.585648 0.023958 0.065741
6 0.519792 0.562963 0.022917 0.074074
5 0.536979 0.575926 0.018750 0.053704
6 0.533333 0.560185 0.009375 0.066667
6 0.536979 0.562037 0.016667 0.064815
6 0.553646 0.569907 0.026042 0.082407
5 0.554427 0.591667 0.025521 0.083333
5 0.570312 0.575463 0.021875 0.047222
6 0.567708 0.555093 0.014583 0.054630
5 0.591406 0.575000 0.026562 0.059259
7 0.581250 0.573148 0.017708 0.100000
0 0.633594 0.582407 0.060937 0.087037
5 0.653646 0.597685 0.029167 0.075000
5 0.613021 0.596759 0.028125 0.082407
6 0.614062 0.573611 0.020833 0.069444
6 0.613021 0.583333 0.029167 0.105556
5 0.691406 0.639815 0.051562 0.127778
5 0.717448 0.624074 0.031771 0.129630
5 0.753385 0.643056 0.057813 0.160185
5 0.353125 0.722685 0.086458 0.241667
7 0.484635 0.585185 0.015104 0.103704
7 0.491667 0.587037 0.023958 0.116667
5 0.470833 0.591667 0.025000 0.083333
6 0.469271 0.563889 0.019792 0.074074
5 0.448177 0.593056 0.029687 0.097222
7 0.431510 0.588889 0.017188 0.090741
7 0.423698 0.577778 0.014063 0.105556
7 0.416406 0.580556 0.016146 0.100000
7 0.405208 0.584722 0.014583 0.087963
5 0.203906 0.565741 0.026562 0.040741