3 0.547656 0.524537 0.007812 0.013889
3 0.574479 0.530093 0.030208 0.028704
0 0.553906 0.530093 0.008854 0.015741
5 0.547917 0.554167 0.013542 0.032407
6 0.547917 0.546759 0.012500 0.032407
6 0.502083 0.533333 0.008333 0.011111
7 0.493229 0.530093 0.006250 0.010185
6 0.520833 0.540278 0.007292 0.017593
5 0.491927 0.557407 0.009896 0.024074
6 0.492448 0.539352 0.007812 0.015741
6 0.493490 0.547222 0.011979 0.029630
7 0.482812 0.542593 0.005208 0.020370
6 0.472656 0.535185 0.006771 0.014815
7 0.461719 0.531019 0.006771 0.013889
5 0.502344 0.569907 0.011979 0.025000
6 0.502865 0.554167 0.014063 0.045370
5 0.528906 0.568056 0.014063 0.036111
6 0.528385 0.551389 0.016146 0.047222
5 0.514583 0.581019 0.016667 0.047222
6 0.514323 0.558333 0.018229 0.055556
3 0.456510 0.538426 0.014063 0.023148
5 0.443750 0.574074 0.016667 0.044444
6 0.444271 0.554167 0.016667 0.043519
5 0.467969 0.581944 0.021354 0.054630
6 0.467969 0.563426 0.018229 0.065741
0 0.384635 0.538426 0.023438 0.025000
5 0.296094 0.594907 0.049479 0.086111
5 0.427083 0.620370 0.034375 0.083333
6 0.425781 0.584259 0.035937 0.118519
5 0.378906 0.793981 0.128646 0.339815
6 0.405208 0.694444 0.065625 0.309259
6 0.371875 0.687037 0.114583 0.325926
5 0.257812 0.561574 0.042708 0.041667
7 0.089844 0.542130 0.018229 0.028704
7 0.112240 0.533796 0.016146 0.021296
5 0.047917 0.599537 0.050000 0.078704
5 0.016667 0.604167 0.029167 0.089815
4 0.713021 0.540741 0.259375 0.383333
5 0.680469 0.815741 0.141146 0.333333
6 0.662760 0.694907 0.095312 0.354630
6 0.687240 0.697222 0.111979 0.329630