4 0.433854 0.503704 0.044792 0.059259
4 0.505990 0.510185 0.017188 0.046296
0 0.553125 0.516667 0.029167 0.027778
5 0.571875 0.525926 0.009375 0.024074
6 0.570833 0.517593 0.010417 0.035185
0 0.599479 0.526852 0.031250 0.048148
4 0.474219 0.500000 0.054688 0.057407
5 0.519531 0.553241 0.019271 0.056481
6 0.518490 0.537500 0.019271 0.063889
5 0.475521 0.543981 0.019792 0.047222
6 0.473698 0.527315 0.017188 0.045370
5 0.492969 0.575000 0.030729 0.087037
6 0.495312 0.555556 0.021875 0.090741
6 0.488802 0.554167 0.029687 0.093519
5 0.453385 0.553704 0.021354 0.053704
6 0.453646 0.544444 0.019792 0.068519
6 0.420573 0.537500 0.022396 0.058333
5 0.439844 0.700463 0.073438 0.176852
6 0.437500 0.637037 0.068750 0.218519
6 0.430469 0.625000 0.063021 0.212963
5 0.309375 0.536574 0.033333 0.039815
5 0.265365 0.532407 0.019271 0.027778
5 0.255990 0.545833 0.035937 0.054630
5 0.280990 0.572222 0.034896 0.068519
6 0.283073 0.550000 0.017188 0.072222
6 0.296094 0.552315 0.017188 0.076852
0 0.780729 0.508333 0.019792 0.020370
0 0.800000 0.508796 0.026042 0.025000
0 0.825000 0.512500 0.046875 0.037963
4 0.983854 0.473148 0.031250 0.129630
7 0.932292 0.513889 0.010417 0.035185
5 0.105729 0.873148 0.210417 0.250000
6 0.101823 0.771759 0.197396 0.454630