3 0.531250 0.527315 0.007292 0.017593
0 0.546615 0.524537 0.010937 0.013889
4 0.513021 0.519444 0.014583 0.033333
5 0.520833 0.538889 0.008333 0.020370
5 0.611979 0.531944 0.007292 0.019444
6 0.611979 0.521759 0.004167 0.008333
5 0.624479 0.533333 0.006250 0.014815
6 0.624479 0.524074 0.006250 0.014815
6 0.660156 0.467593 0.022396 0.037037
3 0.734896 0.514352 0.013542 0.047222
4 0.751563 0.519907 0.022917 0.034259
4 0.804948 0.512037 0.038021 0.038889
4 0.843490 0.498611 0.022396 0.032407
7 0.876563 0.525463 0.006250 0.030556
7 0.860938 0.537500 0.011458 0.054630
7 0.392708 0.529630 0.005208 0.025926
7 0.449479 0.531481 0.006250 0.022222
6 0.520312 0.532407 0.007292 0.020370
5 0.509635 0.540278 0.010937 0.026852
6 0.509896 0.536111 0.008333 0.027778
7 0.489844 0.544907 0.006771 0.039815
5 0.496354 0.559259 0.017708 0.044444
6 0.495833 0.547222 0.016667 0.050000
0 0.541667 0.539352 0.021875 0.036111
4 0.589063 0.525463 0.045833 0.045370
5 0.895573 0.750463 0.146354 0.319444
6 0.882552 0.664352 0.110937 0.297222
4 0.714583 0.517130 0.045833 0.073148
4 0.513542 0.514815 0.013542 0.029630
3 0.996354 0.597685 0.005208 0.054630
0 0.865365 0.534259 0.014063 0.040741