7 0.650521 0.505556 0.007292 0.014815
0 0.663021 0.509259 0.008333 0.011111
7 0.679688 0.508796 0.007292 0.010185
7 0.708333 0.514815 0.009375 0.024074
7 0.724219 0.512963 0.008854 0.029630
5 0.667708 0.518519 0.007292 0.014815
6 0.666406 0.510648 0.008854 0.013889
4 0.608333 0.514352 0.059375 0.026852
6 0.603646 0.521296 0.009375 0.007407
0 0.675781 0.530556 0.017188 0.016667
7 0.717187 0.539352 0.019792 0.093519
7 0.696354 0.525463 0.019792 0.045370
7 0.691406 0.553704 0.019271 0.070370
7 0.719010 0.559722 0.020313 0.067593
7 0.752865 0.506019 0.006771 0.008333
4 0.811979 0.476389 0.130208 0.169444
2 0.773177 0.562500 0.093229 0.117593
5 0.780990 0.646296 0.016146 0.107407
6 0.781250 0.569444 0.027083 0.107407
6 0.779687 0.614352 0.044792 0.195370
7 0.767448 0.675463 0.055729 0.315741
7 0.735417 0.692593 0.044792 0.329630
7 0.712760 0.633796 0.044271 0.195370
7 0.496875 0.518981 0.013542 0.054630
0 0.441146 0.561111 0.125000 0.142593
7 0.444792 0.588889 0.057292 0.162963
7 0.320573 0.553241 0.023438 0.030556
7 0.307552 0.706944 0.046354 0.321296
7 0.251042 0.738889 0.094792 0.425926
7 0.836458 0.544444 0.018750 0.055556
7 0.814844 0.653241 0.053646 0.308333
7 0.923698 0.610648 0.038021 0.300926
7 0.889062 0.651389 0.089583 0.580556
7 0.952344 0.628241 0.050521 0.336111
7 0.987760 0.508333 0.017188 0.031481
7 0.981510 0.626389 0.031771 0.236111
7 0.988021 0.649537 0.020833 0.295370
7 0.852604 0.746759 0.150000 0.502778
7 0.976042 0.863889 0.045833 0.268519
0 0.610938 0.756481 0.298958 0.485185
7 0.329948 0.775926 0.081771 0.444444
7 0.381510 0.763426 0.107813 0.462037
7 0.437760 0.829167 0.190104 0.339815
7 0.017969 0.756944 0.034896 0.478704