7 0.516406 0.535185 0.011979 0.027778
7 0.508854 0.537037 0.013542 0.042593
7 0.540365 0.526852 0.008854 0.014815
6 0.536979 0.538889 0.012500 0.040741
6 0.532292 0.537963 0.010417 0.029630
7 0.554948 0.536111 0.007812 0.027778
5 0.550000 0.573148 0.011458 0.042593
6 0.551562 0.560648 0.015625 0.062037
7 0.539583 0.565278 0.010417 0.039815
7 0.562760 0.612500 0.031771 0.165741
7 0.621094 0.612037 0.048438 0.172222
4 0.601823 0.587963 0.090104 0.190741
7 0.711198 0.634259 0.035937 0.242593
5 0.723177 0.654167 0.075521 0.160185
7 0.758854 0.508333 0.020833 0.098148
7 0.825000 0.475926 0.033333 0.201852
7 0.835156 0.657870 0.043229 0.269444
5 0.788281 0.698148 0.106771 0.214815
7 0.786719 0.654167 0.066146 0.300926
7 0.495052 0.519907 0.005729 0.012037
7 0.486458 0.529167 0.007292 0.028704
7 0.493490 0.528241 0.010937 0.030556
7 0.496615 0.531019 0.011979 0.023148
7 0.507292 0.534722 0.009375 0.034259
7 0.511979 0.537037 0.008333 0.024074
7 0.510156 0.575000 0.013021 0.075926
7 0.502083 0.573148 0.012500 0.087037
7 0.494271 0.543981 0.009375 0.025000
7 0.484115 0.531944 0.006771 0.008333
7 0.483594 0.537500 0.007812 0.010185
7 0.477344 0.537037 0.006771 0.012963
7 0.472396 0.525926 0.007292 0.018519
7 0.467448 0.528241 0.008854 0.021296
7 0.463021 0.528704 0.010417 0.025926
7 0.471094 0.534259 0.008854 0.014815
7 0.477083 0.536111 0.006250 0.011111
7 0.452865 0.547685 0.009896 0.034259
7 0.447656 0.550926 0.007812 0.033333
0 0.473438 0.580556 0.055208 0.083333
7 0.460156 0.583796 0.021354 0.115741
7 0.419792 0.538426 0.010417 0.034259
7 0.430990 0.593056 0.026562 0.115741
7 0.419271 0.597685 0.027083 0.117593
7 0.355990 0.550926 0.008854 0.037037
7 0.362760 0.570370 0.015104 0.061111
5 0.391927 0.630093 0.032813 0.113889
7 0.324740 0.572222 0.008854 0.025926
5 0.321615 0.615278 0.026562 0.071296
7 0.286198 0.583333 0.031771 0.070370
5 0.296615 0.625463 0.046354 0.125000
7 0.167187 0.605556 0.032292 0.111111
7 0.178385 0.699074 0.057813 0.220370
7 0.021615 0.824074 0.043229 0.350000
7 0.096615 0.806944 0.135937 0.384259
7 0.236979 0.814815 0.157292 0.370370
7 0.344792 0.707407 0.083333 0.487037
7 0.526823 0.618981 0.038021 0.199074
5 0.523958 0.604167 0.031250 0.093519