7 0.777604 0.748611 0.122917 0.500926
0 0.847656 0.613889 0.304688 0.235185
0 0.650521 0.606944 0.116667 0.152778
0 0.842187 0.482870 0.052083 0.032407
0 0.789062 0.486574 0.048958 0.030556
5 0.975521 0.548148 0.021875 0.040741
5 0.957292 0.548148 0.018750 0.027778
7 0.988542 0.541204 0.011458 0.065741
7 0.952344 0.526389 0.008854 0.050926
7 0.614323 0.548148 0.007812 0.033333
7 0.609375 0.550463 0.013542 0.037963
7 0.594271 0.554167 0.017708 0.037963
0 0.581771 0.552778 0.019792 0.022222
0 0.538542 0.571759 0.061458 0.058333
7 0.541406 0.539815 0.007812 0.007407
5 0.585938 0.610185 0.023958 0.083333
5 0.548177 0.616204 0.078646 0.087963
6 0.571094 0.564352 0.011979 0.023148
6 0.565104 0.567130 0.027083 0.067593
6 0.539583 0.587037 0.010417 0.057407
0 0.537500 0.516667 0.010417 0.020370
5 0.529948 0.520833 0.004687 0.015741
7 0.526042 0.531481 0.007292 0.022222
7 0.505990 0.546296 0.002604 0.011111
7 0.503906 0.558796 0.006771 0.041667
7 0.501302 0.567130 0.005729 0.037963
7 0.496875 0.567593 0.007292 0.040741
7 0.479427 0.575463 0.005729 0.032407
7 0.473958 0.576852 0.006250 0.038889
7 0.464323 0.573148 0.006771 0.050000
7 0.467969 0.576852 0.007812 0.042593
7 0.455208 0.581944 0.005208 0.032407
7 0.487500 0.599074 0.029167 0.112963
1 0.462500 0.551852 0.064583 0.077778
4 0.419792 0.553704 0.028125 0.066667
4 0.391146 0.553704 0.042708 0.072222
1 0.338802 0.557407 0.053646 0.064815
7 0.353906 0.576852 0.014063 0.066667
7 0.348438 0.581944 0.014583 0.062037
7 0.323958 0.582870 0.010417 0.060185
7 0.313281 0.586574 0.015104 0.071296
3 0.309115 0.574074 0.011979 0.033333
7 0.298958 0.592593 0.011458 0.062963
7 0.279167 0.580556 0.010417 0.061111
7 0.287760 0.592593 0.016146 0.072222
7 0.271094 0.591204 0.006771 0.041667
7 0.258333 0.567593 0.004167 0.020370
8 0.238021 0.603241 0.050000 0.063889
7 0.205729 0.592130 0.009375 0.050926
7 0.199479 0.585648 0.008333 0.050926
7 0.192708 0.586574 0.012500 0.052778
7 0.192448 0.598148 0.007812 0.033333
3 0.178125 0.579167 0.018750 0.045370
7 0.168750 0.583796 0.011458 0.050926
7 0.155208 0.588426 0.013542 0.060185
7 0.145573 0.581481 0.005729 0.038889
7 0.140104 0.589352 0.009375 0.045370
7 0.130990 0.587963 0.011979 0.051852
3 0.097396 0.579167 0.025000 0.041667
7 0.092708 0.588426 0.010417 0.054630
7 0.085156 0.592130 0.014063 0.047222
7 0.121094 0.581019 0.006771 0.039815
0 0.065625 0.575926 0.023958 0.024074
7 0.032552 0.569907 0.003646 0.010185
7 0.036458 0.571296 0.004167 0.009259
7 0.047917 0.578704 0.007292 0.020370
0 0.013281 0.576852 0.018229 0.025926
0 0.024740 0.592130 0.038021 0.041667
5 0.053646 0.653704 0.047917 0.085185
6 0.044271 0.606019 0.028125 0.063889
6 0.051823 0.632407 0.045312 0.131481
7 0.047396 0.568519 0.006250 0.012963