0 0.587760 0.532870 0.013021 0.013889
3 0.601302 0.529167 0.008854 0.015741
7 0.608333 0.542593 0.005208 0.009259
7 0.606771 0.533333 0.004167 0.012963
7 0.604688 0.539815 0.003125 0.014815
7 0.598958 0.556481 0.009375 0.050000
7 0.594531 0.556019 0.007812 0.043519
7 0.588802 0.555093 0.011979 0.041667
3 0.568490 0.541204 0.016146 0.023148
7 0.572656 0.558333 0.010937 0.042593
7 0.579948 0.552315 0.009896 0.054630
7 0.545573 0.550926 0.008854 0.048148
7 0.558073 0.585648 0.029687 0.130556
6 0.582812 0.661574 0.032292 0.173148
6 0.619271 0.665741 0.084375 0.238889
5 0.616406 0.737500 0.096354 0.236111
7 0.640365 0.587037 0.025521 0.120370
7 0.663021 0.636574 0.044792 0.208333
7 0.725260 0.664815 0.058854 0.225926
7 0.738021 0.605556 0.032292 0.087037
5 0.773177 0.673148 0.075521 0.164815
7 0.834115 0.776389 0.051562 0.273148
7 0.867969 0.730556 0.081771 0.368519
7 0.915365 0.768981 0.061979 0.275000
5 0.984635 0.921759 0.029687 0.156481
6 0.993750 0.827778 0.012500 0.240741
0 0.931510 0.618981 0.136979 0.323148
7 0.533594 0.543056 0.007812 0.017593
6 0.515365 0.558796 0.015104 0.041667
6 0.528385 0.610648 0.042188 0.147222
5 0.525781 0.651852 0.042188 0.120370
7 0.496094 0.559259 0.010937 0.046296
5 0.479687 0.627778 0.035417 0.094444
6 0.479687 0.593981 0.031250 0.113889
5 0.429688 0.580556 0.029167 0.061111
6 0.420312 0.548611 0.008333 0.036111
6 0.423698 0.548611 0.011979 0.034259
6 0.428906 0.564815 0.015104 0.066667
7 0.384115 0.553704 0.009896 0.051852
7 0.387760 0.557870 0.010937 0.045370
5 0.405208 0.590278 0.029167 0.056481
6 0.406510 0.571759 0.022396 0.075000
4 0.340365 0.545370 0.041146 0.062963
7 0.362240 0.599074 0.030729 0.174074
7 0.329167 0.609722 0.039583 0.197222
0 0.266146 0.567593 0.115625 0.068519
7 0.311719 0.626852 0.015104 0.144444
7 0.302604 0.635648 0.026042 0.143519
0 0.231510 0.625926 0.138021 0.148148
7 0.275260 0.693056 0.054688 0.230556
7 0.107292 0.614815 0.027083 0.151852
7 0.119271 0.614352 0.034375 0.150926
7 0.153906 0.726852 0.086979 0.403704
3 0.165885 0.741667 0.199479 0.216667