4 0.391146 0.493981 0.032292 0.043519
0 0.410156 0.520370 0.031771 0.027778
7 0.393229 0.518056 0.011458 0.030556
7 0.429688 0.506944 0.008333 0.012037
6 0.425781 0.512037 0.008854 0.018519
6 0.415625 0.518056 0.012500 0.034259
5 0.416146 0.526852 0.014583 0.012963
7 0.430729 0.521759 0.011458 0.026852
7 0.424479 0.529167 0.009375 0.012037
0 0.358333 0.519907 0.041667 0.036111
0 0.368490 0.522685 0.047396 0.023148
6 0.438281 0.527778 0.010937 0.050000
0 0.461979 0.522685 0.018750 0.039815
0 0.490365 0.520833 0.054688 0.045370
5 0.472396 0.542130 0.012500 0.025000
6 0.473438 0.531019 0.012500 0.052778
6 0.478385 0.520370 0.017188 0.033333
7 0.470573 0.557870 0.017188 0.043519
7 0.450521 0.543056 0.021875 0.080556
7 0.502083 0.531944 0.015625 0.058333
7 0.451823 0.653241 0.040104 0.228704
7 0.492188 0.644444 0.054167 0.237037
7 0.362500 0.649537 0.063542 0.308333
7 0.359635 0.663889 0.067187 0.216667
7 0.325000 0.668981 0.054167 0.254630
7 0.279167 0.616667 0.042708 0.137037
7 0.260937 0.630093 0.052083 0.139815
7 0.229427 0.634722 0.039062 0.147222
7 0.209896 0.643519 0.025000 0.137037
7 0.190625 0.675926 0.053125 0.290741
7 0.171094 0.696759 0.085938 0.369444
7 0.139583 0.690278 0.087500 0.352778
7 0.114323 0.687500 0.064062 0.286111
7 0.057292 0.675463 0.067708 0.356481
5 0.062500 0.718056 0.101042 0.250926
5 0.657552 0.512500 0.011979 0.037963
5 0.621094 0.616667 0.042188 0.137037
6 0.626823 0.532407 0.020313 0.037037
6 0.623437 0.581944 0.046875 0.134259
7 0.669010 0.589815 0.033854 0.164815
2 0.686198 0.504167 0.027604 0.054630
1 0.762240 0.481019 0.099479 0.091667
4 0.830469 0.487963 0.080729 0.075926
0 0.885156 0.490278 0.035937 0.050926
7 0.843229 0.509259 0.011458 0.035185
7 0.833073 0.508796 0.016146 0.037963
7 0.813542 0.502778 0.018750 0.038889
7 0.814323 0.635185 0.049479 0.237037
7 0.873958 0.706944 0.084375 0.328704
7 0.932813 0.688426 0.063542 0.315741
7 0.977344 0.676852 0.045312 0.305556