4 0.689063 0.522685 0.011458 0.026852
0 0.703646 0.526852 0.009375 0.012963
5 0.730208 0.531944 0.007292 0.021296
6 0.730469 0.525463 0.007812 0.025000
1 0.638021 0.515741 0.052083 0.111111
5 0.580729 0.554167 0.007292 0.012037
7 0.575781 0.547222 0.005729 0.027778
6 0.580729 0.547685 0.007292 0.023148
0 0.614844 0.563889 0.045312 0.085185
5 0.553125 0.582870 0.021875 0.063889
6 0.551042 0.567130 0.021875 0.065741
6 0.550260 0.562963 0.022396 0.068519
5 0.629948 0.615278 0.035937 0.100926
6 0.630729 0.581944 0.032292 0.112037
0 0.787240 0.635648 0.186979 0.221296
5 0.487500 0.610185 0.023958 0.046296
6 0.490885 0.581019 0.031771 0.078704
8 0.750260 0.526389 0.005729 0.008333
6 0.750260 0.517130 0.005729 0.019444