0 0.250260 0.610648 0.189062 0.152778
5 0.331250 0.570370 0.039583 0.046296
7 0.372396 0.565278 0.021875 0.100926
5 0.435937 0.571759 0.045833 0.052778
5 0.458854 0.615278 0.066667 0.097222
6 0.471615 0.593519 0.034896 0.107407
7 0.396875 0.749537 0.089583 0.499074
7 0.514323 0.742130 0.099479 0.515741
5 0.656250 0.626389 0.076042 0.102778
6 0.658333 0.602778 0.036458 0.109259
5 0.727344 0.589352 0.019271 0.047222
6 0.727604 0.574537 0.016667 0.054630
2 0.743229 0.575000 0.027083 0.068519
0 0.759115 0.567130 0.010937 0.036111
0 0.767969 0.570370 0.015104 0.040741
6 0.762240 0.561574 0.004687 0.015741
0 0.783073 0.572685 0.034896 0.041667
6 0.801823 0.555093 0.004687 0.012037
6 0.809896 0.555556 0.005208 0.012963
0 0.802865 0.599537 0.107813 0.080556
7 0.855208 0.572685 0.016667 0.043519
6 0.864583 0.566667 0.011458 0.033333
7 0.877083 0.595370 0.022917 0.092593
7 0.821094 0.656944 0.046354 0.158333
5 0.871354 0.826389 0.127083 0.308333
6 0.874740 0.725926 0.096354 0.309259
5 0.745313 0.594444 0.023958 0.050000
6 0.745573 0.575463 0.022396 0.063889