7 0.230729 0.529167 0.027083 0.145370
6 0.420573 0.552315 0.021354 0.045370
5 0.367188 0.566204 0.020833 0.039815
1 0.510156 0.508796 0.041146 0.050926
6 0.527344 0.501852 0.018229 0.035185
6 0.527344 0.505093 0.015104 0.028704
6 0.541927 0.483333 0.026562 0.070370
6 0.545833 0.488889 0.020833 0.070370
1 0.579167 0.521759 0.059375 0.113889
1 0.621094 0.511111 0.033854 0.046296
0 0.600521 0.558796 0.045833 0.063889
0 0.642448 0.587963 0.068229 0.116667
2 0.761198 0.539352 0.031771 0.039815
0 0.791406 0.564815 0.085938 0.077778
2 0.896354 0.546296 0.081250 0.064815
0 0.699219 0.632407 0.136979 0.192593
0 0.862760 0.721296 0.274479 0.331481
0 0.976302 0.902315 0.047396 0.195370
3 0.556771 0.548148 0.035417 0.085185
0 0.504948 0.606944 0.156771 0.186111
5 0.598437 0.637500 0.043750 0.136111
6 0.602344 0.613889 0.046354 0.175926
0 0.413021 0.782870 0.468750 0.434259
5 0.979948 0.597222 0.035937 0.061111
9 0.631250 0.006944 0.006250 0.010185
9 0.704948 0.016204 0.005729 0.010185
9 0.715104 0.012037 0.005208 0.009259
9 0.684635 0.037500 0.004687 0.010185
9 0.676042 0.072685 0.007292 0.010185
9 0.670573 0.094907 0.004687 0.010185
9 0.666146 0.115278 0.006250 0.010185
9 0.654427 0.158333 0.004687 0.007407
9 0.652604 0.165741 0.005208 0.007407
9 0.644010 0.196296 0.005729 0.009259
9 0.642708 0.206481 0.006250 0.009259
9 0.639844 0.213426 0.006771 0.010185
9 0.637500 0.220833 0.006250 0.010185
9 0.635417 0.231481 0.006250 0.009259
9 0.632812 0.237963 0.005208 0.009259
9 0.629948 0.246759 0.005729 0.008333
9 0.626823 0.253241 0.004687 0.010185
9 0.623437 0.265278 0.005208 0.010185
9 0.621875 0.271759 0.005208 0.010185
9 0.618750 0.277778 0.005208 0.009259
9 0.616146 0.284259 0.006250 0.009259
9 0.608854 0.300926 0.006250 0.009259
9 0.605208 0.307407 0.005208 0.007407
9 0.602865 0.311111 0.004687 0.007407
9 0.580208 0.333333 0.004167 0.007407
5 0.322917 0.573611 0.043750 0.075000