3 0.477344 0.517130 0.007812 0.015741
0 0.490885 0.520833 0.007812 0.012037
0 0.531250 0.530556 0.005208 0.009259
4 0.510677 0.526852 0.039062 0.088889
0 0.491667 0.526852 0.009375 0.012963
5 0.483333 0.530556 0.005208 0.011111
6 0.483333 0.524074 0.004167 0.011111
0 0.535417 0.531944 0.010417 0.013889
7 0.479948 0.531944 0.002604 0.013889
5 0.485677 0.539352 0.006771 0.015741
6 0.485677 0.534722 0.006771 0.019444
0 0.544531 0.538889 0.014063 0.029630
0 0.600781 0.545370 0.024479 0.046296
5 0.725260 0.580556 0.025521 0.059259
6 0.718750 0.548148 0.012500 0.025926
7 0.850000 0.576852 0.015625 0.048148
6 0.723698 0.567593 0.022396 0.064815
5 0.842448 0.625926 0.030729 0.085185
6 0.834635 0.571759 0.028646 0.065741
5 0.822135 0.675463 0.076563 0.149074
6 0.798958 0.612037 0.025000 0.138889
6 0.817448 0.629630 0.045312 0.148148
4 0.569531 0.528241 0.045312 0.082407
0 0.623177 0.560185 0.038021 0.055556
4 0.471354 0.511574 0.008333 0.015741
4 0.461198 0.544907 0.036979 0.071296
5 0.501042 0.571759 0.015625 0.041667
6 0.453125 0.528241 0.010417 0.028704
6 0.503125 0.530556 0.007292 0.012963
6 0.500521 0.553704 0.030208 0.057407
5 0.379167 0.599537 0.031250 0.073148
6 0.385937 0.576852 0.017708 0.074074
6 0.378385 0.576389 0.026562 0.080556
5 0.180990 0.732407 0.109896 0.238889
6 0.190625 0.662963 0.080208 0.240741