1 0.471094 0.494907 0.040104 0.026852
1 0.527344 0.508796 0.046354 0.078704
2 0.418750 0.530093 0.026042 0.034259
2 0.561719 0.516204 0.015104 0.012037
1 0.599479 0.503704 0.063542 0.064815
6 0.632292 0.527315 0.008333 0.021296
6 0.638542 0.533333 0.014583 0.037037
5 0.639323 0.547685 0.013021 0.032407
1 0.727604 0.503704 0.151042 0.114815
7 0.706771 0.521296 0.021875 0.035185
2 0.852344 0.556019 0.065104 0.073148
5 0.944792 0.590741 0.032292 0.070370
2 0.976562 0.591204 0.045833 0.169444
0 0.534635 0.542130 0.021354 0.045370
0 0.554167 0.536574 0.021875 0.037963
0 0.575000 0.550463 0.045833 0.052778
0 0.613021 0.588889 0.079167 0.116667
0 0.739583 0.662963 0.241667 0.257407
4 0.501302 0.516204 0.033854 0.030556
6 0.498437 0.487500 0.014583 0.047222
6 0.499740 0.488889 0.021354 0.048148
0 0.519531 0.577315 0.025521 0.104630
5 0.543229 0.606944 0.032292 0.102778
6 0.542969 0.575926 0.025521 0.112963
5 0.569792 0.641204 0.048958 0.149074
6 0.569010 0.600000 0.058854 0.157407
0 0.470833 0.600926 0.104167 0.198148
0 0.362240 0.533796 0.044271 0.030556
6 0.382031 0.530556 0.020313 0.029630
6 0.402344 0.525926 0.009896 0.031481
5 0.261458 0.566667 0.055208 0.098148
7 0.185156 0.535648 0.028646 0.119444
5 0.219531 0.709722 0.094271 0.210185
6 0.232292 0.656019 0.047917 0.228704
6 0.190625 0.662500 0.069792 0.226852
0 0.358594 0.713889 0.242188 0.342593
10 0.317188 0.461111 0.020833 0.075926