7 0.664583 0.507407 0.007292 0.012963
7 0.676302 0.500000 0.003646 0.011111
0 0.677865 0.510185 0.009896 0.012963
2 0.701562 0.511111 0.015625 0.011111
7 0.725000 0.515278 0.007292 0.021296
7 0.683073 0.510648 0.007812 0.015741
0 0.696875 0.522222 0.016667 0.018519
0 0.729948 0.530093 0.015104 0.021296
7 0.745313 0.514815 0.012500 0.035185
7 0.735938 0.526389 0.011458 0.049074
7 0.714063 0.529167 0.015625 0.054630
7 0.704167 0.539815 0.012500 0.033333
4 0.831510 0.458333 0.133854 0.127778
7 0.771354 0.503704 0.010417 0.014815
2 0.791667 0.561574 0.087500 0.110185
7 0.743490 0.558796 0.021354 0.069444
5 0.800521 0.648148 0.027083 0.107407
6 0.802604 0.563426 0.031250 0.099074
6 0.793229 0.588889 0.033333 0.144444
7 0.790885 0.681944 0.057813 0.321296
7 0.758333 0.688889 0.042708 0.324074
7 0.730469 0.608333 0.041146 0.146296
7 0.859896 0.547685 0.011458 0.021296
7 0.898177 0.545833 0.026562 0.089815
7 0.838021 0.658796 0.057292 0.317593
7 0.949479 0.624537 0.035417 0.289815
4 0.625260 0.512963 0.057813 0.031481
6 0.620313 0.521759 0.009375 0.012037
7 0.511979 0.526852 0.015625 0.074074
0 0.460156 0.551389 0.127604 0.128704
7 0.470313 0.612037 0.058333 0.205556
7 0.334375 0.550463 0.025000 0.030556
7 0.323698 0.613426 0.041146 0.130556
7 0.272135 0.751389 0.095312 0.443519
7 0.918490 0.658796 0.093229 0.612037
7 0.993750 0.570833 0.010417 0.104630
7 0.886198 0.745370 0.163021 0.505556
0 0.630208 0.756019 0.323958 0.486111
7 0.344271 0.776389 0.087500 0.445370
7 0.414323 0.767130 0.160938 0.458333
7 0.521094 0.830093 0.200521 0.337963
7 0.971875 0.627778 0.054167 0.357407
7 0.029427 0.751852 0.057813 0.488889
7 0.029427 0.854630 0.057813 0.288889