7 0.316927 0.670370 0.041146 0.157407
5 0.305990 0.899537 0.267188 0.199074
6 0.292448 0.805093 0.199479 0.389815
6 0.182812 0.808333 0.092708 0.383333
6 0.096094 0.794907 0.167187 0.410185
4 0.443490 0.507407 0.344271 0.825926
5 0.697135 0.575463 0.011979 0.026852
6 0.700000 0.555093 0.012500 0.030556
5 0.683073 0.564815 0.015104 0.033333
6 0.676302 0.544907 0.007812 0.017593
7 0.647656 0.666667 0.077604 0.425926
0 0.769792 0.641204 0.137500 0.210185
7 0.713021 0.581019 0.038542 0.100926
7 0.717187 0.718056 0.057292 0.319444
7 0.757031 0.630093 0.033854 0.093519
7 0.681250 0.709722 0.027083 0.178704
7 0.630990 0.770833 0.133854 0.458333
7 0.759635 0.779630 0.134896 0.438889
7 0.754427 0.535648 0.008854 0.012037
7 0.764062 0.533333 0.009375 0.014815
7 0.792969 0.542593 0.009896 0.031481
5 0.832812 0.588889 0.020833 0.075926
7 0.807552 0.557407 0.019271 0.048148
5 0.868490 0.637963 0.070312 0.142593
6 0.847135 0.578241 0.020313 0.100926
6 0.852865 0.575000 0.018229 0.087037
6 0.857292 0.570833 0.030208 0.089815
0 0.916406 0.566204 0.100521 0.152778
7 0.872396 0.684259 0.067708 0.361111
4 0.954688 0.554167 0.090625 0.187963
7 0.935417 0.690741 0.056250 0.325926
7 0.970313 0.680556 0.039583 0.335185
7 0.980990 0.700000 0.038021 0.387037
7 0.982292 0.765278 0.035417 0.408333