1 0.533854 0.522685 0.023958 0.043519
4 0.558594 0.522685 0.033854 0.037963
0 0.533854 0.541204 0.012500 0.030556
0 0.540885 0.544907 0.017188 0.036111
0 0.550521 0.551389 0.027083 0.045370
0 0.570052 0.558796 0.033854 0.060185
0 0.621615 0.555093 0.031771 0.047222
0 0.661979 0.559722 0.054167 0.086111
2 0.710156 0.569907 0.039062 0.076852
7 0.736198 0.569444 0.009896 0.051852
2 0.817187 0.586574 0.063542 0.110185
5 0.903385 0.593519 0.049479 0.059259
0 0.599479 0.590278 0.083333 0.117593
5 0.549479 0.580093 0.020833 0.049074
6 0.550521 0.557870 0.020833 0.062037
1 0.510677 0.514815 0.020313 0.024074
0 0.507812 0.556944 0.041667 0.080556
5 0.516406 0.578704 0.022396 0.062963
6 0.517448 0.563889 0.025521 0.074074
2 0.465625 0.526389 0.026042 0.021296
7 0.410156 0.556481 0.011979 0.077778
7 0.421094 0.556481 0.014063 0.062963
0 0.455990 0.588889 0.088021 0.124074
5 0.235417 0.563426 0.015625 0.078704
7 0.259635 0.573611 0.018229 0.113889
7 0.244792 0.582407 0.022917 0.129630
7 0.269010 0.581481 0.026562 0.140741
2 0.370573 0.562500 0.023438 0.095370
2 0.323698 0.568981 0.088021 0.154630
7 0.172396 0.540278 0.011458 0.075000
7 0.183073 0.580093 0.022396 0.110185
7 0.066406 0.559259 0.022396 0.142593
7 0.083594 0.570833 0.026562 0.130556
7 0.095312 0.626389 0.044792 0.215741