1 0.417708 0.535185 0.045833 0.062963
1 0.359375 0.525926 0.076042 0.087037
5 0.476302 0.552778 0.009896 0.027778
6 0.476042 0.540741 0.013542 0.037037
0 0.586458 0.533796 0.030208 0.017593
0 0.632031 0.549537 0.023438 0.032407
5 0.614583 0.554630 0.009375 0.018519
5 0.666927 0.557870 0.011979 0.023148
5 0.610938 0.550926 0.011458 0.020370
6 0.666667 0.550463 0.010417 0.026852
6 0.611979 0.542593 0.007292 0.009259
6 0.665885 0.549074 0.008854 0.022222
6 0.606510 0.544907 0.004687 0.012037
5 0.692969 0.562037 0.016146 0.033333
6 0.692448 0.547685 0.010937 0.025000
1 0.519792 0.526852 0.072917 0.150000
0 0.578125 0.588426 0.076042 0.108333
10 0.375000 0.529167 0.044792 0.054630
5 0.400521 0.620833 0.041667 0.099074
6 0.409115 0.591667 0.024479 0.111111
6 0.388281 0.588426 0.040104 0.113889
0 0.969271 0.597222 0.059375 0.124074
0 0.808854 0.693519 0.261458 0.364815