4 0.085156 0.587500 0.106771 0.154630
5 0.178906 0.732870 0.097396 0.221296
6 0.191146 0.662037 0.063542 0.224074
6 0.139063 0.667593 0.077083 0.261111
5 0.202865 0.577778 0.048438 0.057407
5 0.229948 0.577315 0.019271 0.073148
7 0.244010 0.578704 0.021354 0.107407
3 0.285938 0.554630 0.036458 0.079630
5 0.282292 0.596759 0.033333 0.084259
6 0.285156 0.581944 0.022396 0.099074
6 0.278646 0.579630 0.034375 0.098148
2 0.311198 0.551389 0.043229 0.060185
5 0.333073 0.599537 0.029687 0.073148
6 0.338542 0.573611 0.019792 0.084259
6 0.330990 0.571759 0.028646 0.087963
5 0.353906 0.567130 0.017188 0.036111
6 0.353385 0.557407 0.016146 0.055556
6 0.381771 0.564352 0.011458 0.049074
5 0.380208 0.577315 0.010417 0.037963
3 0.494271 0.532407 0.012500 0.014815
0 0.496615 0.556481 0.017188 0.038889
4 0.518490 0.551389 0.039062 0.084259
5 0.508854 0.581481 0.023958 0.064815
6 0.509375 0.565278 0.018750 0.071296
1 0.460677 0.517593 0.029687 0.027778
0 0.475260 0.563426 0.039062 0.080556
3 0.544792 0.546759 0.015625 0.019444
2 0.579948 0.556944 0.024479 0.043519
0 0.600521 0.557870 0.022917 0.028704
1 0.713281 0.540278 0.165104 0.147222
4 0.742448 0.580093 0.099479 0.186111
5 0.827083 0.600926 0.019792 0.062963
6 0.827344 0.586574 0.020313 0.082407
7 0.850260 0.581019 0.010937 0.058333
7 0.855469 0.581019 0.014063 0.054630
5 0.989844 0.580093 0.011979 0.028704
0 0.946354 0.612963 0.097917 0.111111
2 0.421875 0.596759 0.090625 0.180556