1 0.394792 0.525000 0.010417 0.018519
3 0.361458 0.531944 0.007292 0.010185
5 0.358854 0.540278 0.005208 0.015741
5 0.369531 0.538889 0.004687 0.011111
6 0.358073 0.535185 0.006771 0.014815
6 0.368750 0.533333 0.007292 0.016667
1 0.382292 0.523611 0.017708 0.028704
0 0.394792 0.536574 0.006250 0.019444
0 0.389844 0.537037 0.011979 0.024074
5 0.375000 0.545833 0.005208 0.013889
0 0.407552 0.536574 0.019271 0.032407
6 0.375521 0.537500 0.008333 0.023148
0 0.425000 0.539352 0.021875 0.037963
5 0.405208 0.556481 0.009375 0.020370
6 0.405208 0.538889 0.013542 0.042593
5 0.511198 0.543056 0.009896 0.019444
6 0.511198 0.535185 0.007812 0.027778
0 0.447396 0.543519 0.034375 0.046296
1 0.797396 0.500000 0.403125 0.998148
5 0.384115 0.553704 0.008854 0.020370
6 0.383333 0.538889 0.012500 0.040741
3 0.424219 0.516204 0.009896 0.013889