3 0.514844 0.513889 0.011979 0.012963
0 0.513021 0.518981 0.012500 0.017593
1 0.538802 0.511574 0.025521 0.034259
4 0.562760 0.511574 0.030729 0.054630
5 0.609635 0.533796 0.006771 0.017593
6 0.608594 0.522685 0.006771 0.013889
5 0.622656 0.535185 0.008854 0.016667
5 0.627344 0.540741 0.006771 0.020370
6 0.627865 0.531481 0.007812 0.027778
4 0.494271 0.512500 0.013542 0.043519
6 0.500781 0.502778 0.007812 0.012963
7 0.366667 0.534722 0.010417 0.052778
5 0.281510 0.543981 0.019271 0.036111
5 0.272917 0.543981 0.011458 0.036111
7 0.366406 0.534722 0.011979 0.052778
5 0.498437 0.566667 0.014583 0.044444
6 0.498437 0.537500 0.018750 0.039815
5 0.258594 0.618981 0.052604 0.121296
0 0.584375 0.568981 0.068750 0.100926
4 0.820573 0.616667 0.283854 0.457407
4 0.429688 0.515278 0.139583 0.336111