9 0.696615 0.004167 0.004687 0.006481
9 0.685156 0.042130 0.007812 0.012037
9 0.680729 0.066667 0.005208 0.011111
9 0.674479 0.090741 0.006250 0.009259
9 0.662760 0.137500 0.005729 0.010185
9 0.660937 0.149074 0.007292 0.011111
9 0.651823 0.179630 0.005729 0.009259
9 0.648958 0.192130 0.008333 0.010185
9 0.645052 0.200000 0.006771 0.011111
9 0.643490 0.207870 0.006771 0.010185
9 0.641146 0.218056 0.005208 0.008333
9 0.638802 0.225463 0.005729 0.008333
9 0.635938 0.235185 0.005208 0.009259
9 0.631510 0.242130 0.006771 0.012037
9 0.627344 0.257407 0.005729 0.009259
9 0.624219 0.265278 0.005729 0.012037
9 0.619271 0.276389 0.006250 0.010185
9 0.613542 0.291667 0.006250 0.007407
9 0.608333 0.300000 0.005208 0.009259
9 0.604688 0.306944 0.005208 0.008333
1 0.610156 0.527778 0.028646 0.025926
0 0.574740 0.561574 0.025521 0.062037
0 0.596354 0.570370 0.044792 0.083333
3 0.632292 0.533333 0.020833 0.009259
0 0.631771 0.588889 0.078125 0.116667
1 0.753125 0.529167 0.170833 0.200926
3 0.663542 0.542593 0.017708 0.022222
6 0.840104 0.571296 0.013542 0.070370
6 0.854427 0.574074 0.024479 0.081481
5 0.852344 0.600926 0.032813 0.061111
5 0.875521 0.579630 0.034375 0.048148
7 0.930208 0.581019 0.016667 0.078704
5 0.981510 0.590741 0.028646 0.022222
0 0.710677 0.638426 0.136979 0.180556
1 0.509635 0.519444 0.035937 0.040741
1 0.562500 0.526389 0.048958 0.089815
3 0.539844 0.529167 0.023438 0.028704
6 0.519531 0.511574 0.010937 0.023148
6 0.519271 0.515278 0.011458 0.017593
6 0.532031 0.497685 0.010937 0.045370
6 0.531771 0.500463 0.016667 0.041667
0 0.555208 0.579630 0.021875 0.092593
0 0.513021 0.596296 0.106250 0.155556
2 0.451302 0.546296 0.014063 0.035185
6 0.452083 0.548611 0.016667 0.030556
7 0.436719 0.548611 0.008854 0.036111
5 0.428385 0.556481 0.015104 0.024074
5 0.415885 0.569907 0.014063 0.058333
5 0.377604 0.575000 0.015625 0.085185
5 0.338802 0.601852 0.027604 0.081481
5 0.359635 0.626852 0.035937 0.101852
6 0.362240 0.593519 0.031771 0.114815
0 0.482812 0.711111 0.192708 0.316667
7 0.173437 0.541204 0.030208 0.178704
5 0.073958 0.759259 0.119792 0.261111
6 0.086198 0.683796 0.081771 0.245370
0 0.901042 0.792130 0.197917 0.415741