10 0.366927 0.384722 0.014063 0.100926
5 0.384115 0.590741 0.055729 0.062963
6 0.381771 0.572685 0.029167 0.086111
6 0.362500 0.562500 0.021875 0.052778
6 0.687500 0.509259 0.009375 0.025926
5 0.687500 0.525926 0.006250 0.020370
5 0.691667 0.529630 0.011458 0.027778
6 0.691406 0.518519 0.009896 0.042593
5 0.710156 0.575000 0.041146 0.072222
6 0.726042 0.551852 0.026042 0.077778
6 0.710417 0.553704 0.023958 0.083333
0 0.945833 0.476852 0.014583 0.022222
0 0.931771 0.485185 0.020833 0.014815
0 0.933073 0.508796 0.028646 0.049074
0 0.888281 0.508333 0.025521 0.040741
0 0.867448 0.519907 0.033854 0.050926
0 0.904948 0.525926 0.042188 0.057407
0 0.966927 0.513426 0.027604 0.047222
6 0.995833 0.521296 0.007292 0.051852
6 0.984115 0.527315 0.018229 0.063889
5 0.985156 0.536574 0.021354 0.060185
5 0.048698 0.948148 0.095312 0.103704
5 0.631250 0.520370 0.011458 0.018519