7 0.228906 0.531481 0.031771 0.151852
1 0.509115 0.504630 0.040104 0.037037
6 0.421354 0.554167 0.022917 0.054630
5 0.348698 0.579630 0.031771 0.048148
5 0.361979 0.568519 0.023958 0.046296
0 0.503906 0.584722 0.158854 0.150926
1 0.578646 0.515278 0.055208 0.102778
1 0.621875 0.518519 0.034375 0.053704
0 0.600260 0.556019 0.044271 0.056481
0 0.642969 0.587963 0.074479 0.122222
2 0.762240 0.540741 0.032813 0.040741
2 0.736458 0.537037 0.031250 0.029630
0 0.796875 0.569907 0.085417 0.086111
2 0.906510 0.552315 0.079687 0.082407
5 0.980990 0.592130 0.038021 0.063889
0 0.698698 0.635648 0.135937 0.200926
0 0.862760 0.720833 0.274479 0.332407
0 0.976562 0.896296 0.046875 0.207407
5 0.596615 0.641667 0.050521 0.140741
6 0.602865 0.614815 0.047396 0.181481
0 0.414844 0.782870 0.460938 0.434259
6 0.546094 0.485185 0.014063 0.077778
6 0.545312 0.492130 0.018750 0.076852
6 0.526823 0.505093 0.011979 0.043519
3 0.558073 0.537037 0.031771 0.061111
9 0.604167 0.308796 0.007292 0.010185
9 0.609375 0.300926 0.004167 0.007407
9 0.615104 0.284722 0.007292 0.008333
9 0.618490 0.275463 0.004687 0.010185
9 0.622135 0.267593 0.004687 0.009259
9 0.627083 0.255093 0.006250 0.008333
9 0.629167 0.246759 0.007292 0.008333
9 0.632812 0.239352 0.009375 0.006481
9 0.634115 0.231481 0.006771 0.007407
9 0.636719 0.220370 0.006771 0.007407
9 0.639323 0.213889 0.005729 0.007407
9 0.643229 0.207407 0.006250 0.009259
9 0.644271 0.195833 0.005208 0.010185
9 0.652865 0.166204 0.004687 0.008333
9 0.654167 0.157870 0.005208 0.008333
9 0.665365 0.113889 0.007812 0.011111
9 0.670833 0.093981 0.004167 0.010185
9 0.675260 0.073148 0.006771 0.007407
9 0.684896 0.037963 0.004167 0.007407
9 0.632031 0.006481 0.006771 0.011111
9 0.704427 0.016204 0.005729 0.008333
9 0.714583 0.011111 0.006250 0.012963