2 0.959115 0.773148 0.078646 0.453704
5 0.180469 0.790741 0.135937 0.418519
7 0.054427 0.690741 0.107813 0.592593
7 0.417448 0.586574 0.018229 0.099074
5 0.451562 0.595370 0.017708 0.051852
2 0.462240 0.562963 0.020313 0.048148
7 0.482292 0.573148 0.006250 0.035185
7 0.484896 0.570833 0.004167 0.030556
7 0.488542 0.562037 0.004167 0.020370
7 0.474219 0.588889 0.015104 0.070370
7 0.498437 0.576852 0.007292 0.051852
7 0.504167 0.574537 0.005208 0.041667
5 0.526823 0.575463 0.010937 0.030556
6 0.527344 0.568056 0.010937 0.030556
6 0.528646 0.566204 0.009375 0.028704
7 0.493490 0.587500 0.015104 0.086111
7 0.509635 0.586111 0.015104 0.088889
5 0.555469 0.576852 0.009896 0.027778
5 0.546615 0.601852 0.023438 0.062963
6 0.547396 0.582407 0.020833 0.072222
7 0.561719 0.579167 0.008854 0.054630
5 0.568750 0.587500 0.010417 0.036111
5 0.584375 0.591204 0.015625 0.050926
5 0.594531 0.590741 0.014063 0.048148
5 0.608594 0.585185 0.013021 0.037037
5 0.614583 0.607407 0.022917 0.064815
5 0.642188 0.613426 0.045833 0.093519
5 0.679688 0.621759 0.076042 0.093519
5 0.765625 0.635185 0.105208 0.140741
7 0.752865 0.229630 0.025521 0.081481
7 0.747917 0.228704 0.018750 0.079630
7 0.739323 0.224537 0.017188 0.078704