5 0.282813 0.658333 0.067708 0.129630
3 0.461198 0.520833 0.276562 0.621296
7 0.252344 0.785648 0.124479 0.425000
2 0.015885 0.714352 0.030729 0.210185
7 0.160156 0.689815 0.129688 0.618519
7 0.075000 0.877315 0.106250 0.241667
7 0.016667 0.956481 0.032292 0.087037
7 0.007552 0.960185 0.015104 0.044444
0 0.705729 0.600926 0.054167 0.127778
7 0.597135 0.562500 0.016146 0.049074
7 0.617188 0.548611 0.013542 0.032407
7 0.621354 0.564352 0.028125 0.078704
7 0.615625 0.604630 0.047917 0.088889
7 0.629687 0.603704 0.021875 0.068519
7 0.563802 0.550926 0.057813 0.175926
7 0.550521 0.630556 0.054167 0.148148
7 0.571615 0.799074 0.071354 0.400000
7 0.639323 0.544907 0.010937 0.019444
7 0.633073 0.546296 0.006771 0.014815
7 0.744271 0.555556 0.010417 0.038889
7 0.750521 0.552315 0.010417 0.049074
7 0.697656 0.639815 0.061979 0.216667
7 0.688281 0.668519 0.029687 0.161111
7 0.652604 0.550463 0.041667 0.087963
7 0.675000 0.822222 0.048958 0.351852
7 0.735677 0.821759 0.044271 0.212037
7 0.704948 0.847222 0.039062 0.246296
7 0.498698 0.775926 0.110937 0.444444
7 0.623177 0.772222 0.128646 0.451852
5 0.731510 0.656481 0.053646 0.133333
6 0.720573 0.564352 0.030729 0.080556
6 0.730729 0.602778 0.050000 0.142593
7 0.785417 0.535648 0.011458 0.039815
7 0.773177 0.555093 0.026562 0.067593
7 0.794010 0.547222 0.019271 0.031481
7 0.825521 0.537037 0.016667 0.038889
7 0.850521 0.533796 0.021875 0.028704
7 0.848437 0.530093 0.032292 0.049074
0 0.879687 0.521759 0.066667 0.054630
4 0.928906 0.556944 0.140104 0.191667
0 0.866667 0.771759 0.263542 0.454630
7 0.726823 0.931481 0.081771 0.133333