0 0.569792 0.532407 0.012500 0.016667
5 0.511458 0.550463 0.005208 0.015741
6 0.510938 0.541204 0.005208 0.013889
6 0.511979 0.543056 0.007292 0.021296
0 0.520312 0.548611 0.015625 0.026852
1 0.546094 0.536111 0.024479 0.048148
5 0.515104 0.561574 0.006250 0.019444
0 0.551042 0.556019 0.020833 0.036111
6 0.515104 0.554630 0.008333 0.027778
0 0.576302 0.562037 0.035937 0.046296
5 0.502344 0.563426 0.007812 0.028704
6 0.501563 0.549537 0.008333 0.021296
6 0.499740 0.556944 0.011979 0.043519
5 0.494010 0.587037 0.019271 0.051852
6 0.493750 0.567593 0.020833 0.072222
0 0.729948 0.621759 0.167187 0.206481
5 0.964063 0.601852 0.044792 0.068519
6 0.953385 0.560648 0.017188 0.052778
6 0.961979 0.575000 0.026042 0.081481
10 0.295052 0.485648 0.032813 0.058333