5 0.209635 0.565741 0.019271 0.042593
0 0.284375 0.556481 0.076042 0.101852
2 0.307031 0.540741 0.031771 0.062963
5 0.293490 0.724074 0.081771 0.233333
6 0.295573 0.656944 0.066146 0.215741
0 0.427604 0.516667 0.014583 0.011111
0 0.444010 0.539352 0.015104 0.030556
2 0.422396 0.550926 0.039583 0.072222
2 0.458594 0.542593 0.024479 0.053704
3 0.467448 0.519444 0.011979 0.012963
5 0.472917 0.534259 0.006250 0.018519
6 0.472396 0.529630 0.005208 0.024074
3 0.472656 0.507870 0.006771 0.015741
0 0.485677 0.503241 0.005729 0.008333
1 0.495573 0.499074 0.010937 0.016667
4 0.497656 0.520370 0.011979 0.027778
0 0.489323 0.511111 0.005729 0.014815
5 0.485938 0.521759 0.003125 0.008333
6 0.485677 0.518981 0.003646 0.010185
6 0.485677 0.509722 0.002604 0.008333
6 0.479427 0.505556 0.002604 0.007407
5 0.479948 0.508333 0.002604 0.007407
5 0.486198 0.512500 0.002604 0.004630
3 0.480729 0.517593 0.006250 0.012963
5 0.480990 0.521759 0.003646 0.008333
6 0.480990 0.519907 0.003646 0.010185
7 0.478125 0.525000 0.006250 0.020370
0 0.490885 0.520370 0.004687 0.014815
5 0.491406 0.548148 0.010937 0.027778
6 0.491927 0.539815 0.010937 0.037037
4 0.539583 0.517130 0.013542 0.023148
5 0.547396 0.525926 0.005208 0.011111
6 0.547396 0.523611 0.005208 0.015741
3 0.557552 0.515741 0.008854 0.016667
5 0.554167 0.535185 0.006250 0.014815
6 0.554688 0.531481 0.006250 0.020370
4 0.567448 0.535185 0.023438 0.050000
4 0.601302 0.525463 0.036979 0.028704
0 0.592187 0.536574 0.018750 0.023148
7 0.600521 0.545370 0.011458 0.035185
5 0.649479 0.563426 0.012500 0.032407
6 0.648958 0.554630 0.010417 0.040741
4 0.680729 0.543981 0.027083 0.037963
3 0.699219 0.549074 0.027604 0.044444
0 0.731250 0.557870 0.063542 0.041667
7 0.753906 0.547222 0.006771 0.022222
2 0.821615 0.587037 0.043229 0.075926
5 0.802604 0.618981 0.031250 0.071296
6 0.797656 0.594444 0.026562 0.085185
6 0.804427 0.594907 0.028646 0.084259
5 0.965625 0.732407 0.066667 0.142593
6 0.946615 0.660648 0.054688 0.241667
6 0.976823 0.672222 0.042188 0.224074
7 0.861458 0.587500 0.013542 0.060185