7 0.580729 0.555093 0.006250 0.028704
7 0.595833 0.553704 0.006250 0.027778
7 0.584375 0.560648 0.009375 0.049074
5 0.573958 0.581944 0.015625 0.050926
6 0.574740 0.568981 0.016146 0.062037
7 0.600781 0.550463 0.009896 0.047222
7 0.552865 0.550463 0.005729 0.013889
7 0.556771 0.562500 0.009375 0.037963
5 0.573698 0.583333 0.016146 0.046296
7 0.566146 0.565278 0.010417 0.045370
7 0.642448 0.549537 0.007812 0.026852
7 0.637760 0.551389 0.007812 0.034259
7 0.648177 0.558796 0.010937 0.041667
2 0.695573 0.566204 0.071354 0.130556
7 0.799740 0.545370 0.028646 0.155556
5 0.732812 0.612500 0.031250 0.075000
5 0.803385 0.645370 0.050521 0.138889
8 0.844531 0.678704 0.060937 0.131481
6 0.865885 0.629167 0.055729 0.121296
7 0.965625 0.551389 0.065625 0.169444
5 0.908854 0.748148 0.136458 0.281481
6 0.930208 0.687037 0.095833 0.355556
0 0.946094 0.806481 0.107813 0.387037
6 0.620052 0.583796 0.015104 0.113889
6 0.624479 0.592130 0.016667 0.106481
6 0.629167 0.588426 0.029167 0.115741
5 0.631250 0.625926 0.036458 0.100000
5 0.661458 0.643981 0.043750 0.123148
6 0.657552 0.606481 0.033854 0.153704
6 0.660677 0.610185 0.034896 0.153704
5 0.700521 0.714352 0.076042 0.193519
6 0.700521 0.636574 0.062500 0.225000
5 0.772396 0.835648 0.116667 0.328704
6 0.778906 0.745833 0.122396 0.412037
6 0.550781 0.541204 0.005729 0.013889
7 0.550000 0.557407 0.012500 0.035185
7 0.535937 0.549537 0.006250 0.010185
7 0.526302 0.549537 0.004687 0.012037
7 0.520833 0.550463 0.006250 0.013889
7 0.530469 0.558333 0.008854 0.025926
7 0.531771 0.562037 0.008333 0.022222
7 0.501302 0.550463 0.008854 0.019444
7 0.507812 0.551852 0.008333 0.020370
7 0.512760 0.548148 0.007812 0.012963
7 0.497396 0.554630 0.007292 0.014815
7 0.477344 0.562037 0.008854 0.018519
7 0.470052 0.562500 0.006771 0.013889
7 0.467448 0.591204 0.017188 0.078704
7 0.485677 0.556019 0.005729 0.015741
7 0.478906 0.567593 0.013021 0.040741
0 0.504427 0.623148 0.074479 0.131481
6 0.549740 0.613426 0.040104 0.137963
6 0.547135 0.603704 0.032813 0.112963
5 0.551042 0.654630 0.036458 0.120370
7 0.363802 0.577315 0.027604 0.069444
7 0.380469 0.609722 0.036979 0.139815
7 0.406510 0.654167 0.026562 0.171296
7 0.412240 0.656944 0.032813 0.189815
7 0.450000 0.662963 0.027083 0.153704
7 0.453385 0.681481 0.028646 0.155556
5 0.516667 0.701389 0.055208 0.175000
6 0.518229 0.644444 0.055208 0.190741
7 0.307031 0.587963 0.040104 0.137037
7 0.326823 0.694444 0.055729 0.292593
7 0.370312 0.684722 0.057292 0.267593
7 0.292448 0.742593 0.093229 0.350000
7 0.290885 0.560648 0.020313 0.058333
5 0.211198 0.725463 0.117188 0.267593
7 0.036198 0.701852 0.071354 0.312963