7 0.223177 0.540278 0.029687 0.152778
1 0.507031 0.509722 0.034896 0.037963
6 0.526563 0.508333 0.016667 0.040741
6 0.542448 0.493056 0.020313 0.073148
6 0.544792 0.498611 0.021875 0.073148
5 0.351823 0.576852 0.032813 0.062963
5 0.362760 0.569444 0.029687 0.040741
0 0.503125 0.595833 0.164583 0.156481
3 0.555990 0.545833 0.034896 0.062037
0 0.593490 0.564352 0.045312 0.062037
0 0.635156 0.586574 0.065104 0.112037
9 0.595833 0.645370 0.046875 0.137037
6 0.599219 0.624074 0.045312 0.188889
0 0.678906 0.547222 0.026562 0.027778
1 0.578125 0.521759 0.053125 0.104630
1 0.623958 0.522222 0.042708 0.062963
0 0.676823 0.548611 0.024479 0.025000
6 0.739844 0.546296 0.011979 0.025926
2 0.739844 0.547685 0.031771 0.039815
6 0.717969 0.540278 0.010937 0.015741
7 0.759375 0.560185 0.011458 0.051852
7 0.784375 0.562037 0.013542 0.057407
2 0.811198 0.558796 0.055729 0.076852
0 0.919010 0.595833 0.161979 0.141667
0 0.697656 0.637500 0.140104 0.197222
0 0.862760 0.727778 0.270313 0.327778
7 0.993229 0.563889 0.011458 0.079630
9 0.988542 0.581944 0.020833 0.030556
0 0.975521 0.894444 0.048958 0.211111
0 0.412760 0.785185 0.465104 0.429630
9 0.630469 0.013426 0.007812 0.015741
9 0.691667 0.022222 0.007292 0.016667
9 0.704167 0.021296 0.006250 0.009259
9 0.713542 0.016204 0.006250 0.010185
9 0.748958 0.005093 0.006250 0.010185
9 0.684115 0.040741 0.003646 0.014815
9 0.675260 0.078241 0.007812 0.010185
9 0.669271 0.099074 0.006250 0.011111
9 0.664844 0.121759 0.005729 0.012037
9 0.653646 0.164352 0.005208 0.013889
9 0.653125 0.170833 0.008333 0.010185
9 0.644271 0.204630 0.006250 0.020370
9 0.639583 0.214815 0.005208 0.012963
9 0.636719 0.224074 0.005729 0.016667
9 0.633073 0.234722 0.007812 0.015741
9 0.628906 0.253704 0.006771 0.012963
9 0.621615 0.273148 0.006771 0.018519
9 0.618229 0.285185 0.007292 0.016667
9 0.608333 0.304167 0.008333 0.008333
9 0.604167 0.311111 0.007292 0.014815