6 0.477865 0.552778 0.010937 0.050000
7 0.486458 0.580093 0.014583 0.125000
7 0.496094 0.592130 0.021354 0.119444
5 0.508594 0.579167 0.017188 0.062037
6 0.508333 0.562500 0.018750 0.069444
5 0.527083 0.588889 0.023958 0.074074
5 0.544010 0.580556 0.019271 0.057407
6 0.538281 0.564352 0.011979 0.069444
6 0.542969 0.565741 0.017188 0.070370
7 0.573698 0.567593 0.018229 0.072222
5 0.563802 0.599537 0.031771 0.091667
6 0.562240 0.577315 0.026562 0.091667
5 0.600781 0.560185 0.015104 0.038889
5 0.600000 0.586574 0.026042 0.045370
7 0.585156 0.579630 0.016146 0.105556
5 0.664323 0.603704 0.036979 0.077778
0 0.642448 0.586574 0.059896 0.087963
5 0.704688 0.648611 0.062500 0.130556
5 0.733594 0.634722 0.034896 0.137963
5 0.766927 0.657407 0.061979 0.170370
5 0.340885 0.740278 0.098437 0.269444
5 0.471094 0.599537 0.023438 0.080556
6 0.470573 0.579167 0.024479 0.102778
5 0.452865 0.596759 0.029687 0.097222
7 0.432812 0.592593 0.021875 0.088889
7 0.423438 0.578704 0.014583 0.109259
7 0.416146 0.584722 0.016667 0.110185
7 0.404687 0.587037 0.016667 0.092593
5 0.184115 0.565278 0.039062 0.049074
5 0.618229 0.602778 0.027083 0.085185
6 0.616667 0.588426 0.033333 0.110185
6 0.619271 0.584722 0.027083 0.095370
6 0.525781 0.569907 0.023438 0.084259