4 0.310417 0.532407 0.060417 0.090741
4 0.425260 0.540278 0.025521 0.060185
4 0.370833 0.531481 0.095833 0.092593
0 0.492188 0.552315 0.039583 0.039815
5 0.519010 0.573148 0.018229 0.044444
6 0.516667 0.558333 0.015625 0.053704
5 0.481250 0.568981 0.018750 0.045370
6 0.479948 0.551852 0.015104 0.044444
5 0.494010 0.598611 0.026562 0.073148
6 0.493750 0.578704 0.023958 0.079630
6 0.492708 0.574537 0.028125 0.080556
5 0.597135 0.556944 0.007812 0.023148
0 0.626042 0.554167 0.019792 0.030556
6 0.558594 0.565741 0.015104 0.050000
5 0.571875 0.672222 0.052083 0.148148
6 0.571094 0.623611 0.048438 0.176852
5 0.430469 0.593056 0.013021 0.060185
5 0.444010 0.613426 0.026562 0.073148
6 0.431510 0.564815 0.014063 0.053704
6 0.444531 0.582407 0.025521 0.098148
7 0.143229 0.549537 0.007292 0.028704
5 0.157031 0.554630 0.013021 0.018519
6 0.158073 0.549537 0.008854 0.026852
6 0.155469 0.549537 0.009896 0.028704
5 0.137760 0.557407 0.015104 0.020370
6 0.137500 0.550463 0.010417 0.026852
0 0.986458 0.550926 0.027083 0.033333
4 0.921354 0.530556 0.103125 0.072222
6 0.822917 0.547685 0.016667 0.026852
6 0.787500 0.543519 0.010417 0.020370
4 0.705469 0.530093 0.020313 0.026852
2 0.746875 0.539815 0.015625 0.022222
2 0.765104 0.542130 0.006250 0.019444