7 0.367448 0.582407 0.019271 0.122222
7 0.347656 0.579630 0.018229 0.116667
7 0.343490 0.587500 0.017188 0.108333
7 0.327865 0.558796 0.014063 0.063889
7 0.336198 0.618981 0.019271 0.126852
7 0.304688 0.584722 0.010417 0.063889
7 0.323177 0.608333 0.033854 0.146296
7 0.248698 0.596296 0.025521 0.144444
5 0.128385 0.607870 0.029687 0.084259
0 0.187500 0.593981 0.101042 0.128704
7 0.094531 0.638889 0.031771 0.159259
7 0.090104 0.656019 0.021875 0.126852
7 0.017969 0.532407 0.025521 0.125926
7 0.039323 0.762037 0.076563 0.474074
3 0.922135 0.512500 0.014063 0.023148
3 0.912500 0.547222 0.019792 0.053704
0 0.882812 0.523611 0.017708 0.023148
7 0.931510 0.528241 0.004687 0.026852
7 0.923958 0.538426 0.006250 0.039815
7 0.930729 0.543519 0.005208 0.035185
7 0.934115 0.545833 0.005729 0.026852
5 0.945833 0.545833 0.007292 0.025000
6 0.943750 0.533333 0.006250 0.035185
6 0.946094 0.533796 0.009896 0.032407
6 0.952604 0.524074 0.005208 0.018519
6 0.956771 0.538426 0.015625 0.045370
0 0.979948 0.529167 0.033854 0.034259
7 0.972396 0.527778 0.008333 0.020370
7 0.978385 0.525463 0.004687 0.017593
7 0.901563 0.548148 0.012500 0.077778
7 0.893229 0.550463 0.012500 0.071296
7 0.882292 0.552778 0.011458 0.062963
7 0.865104 0.550926 0.011458 0.072222
7 0.855469 0.542130 0.009896 0.045370
7 0.827865 0.524537 0.008854 0.036111
7 0.819271 0.557407 0.011458 0.090741
7 0.826562 0.567130 0.011458 0.069444
7 0.802604 0.528704 0.013542 0.042593
7 0.783073 0.532407 0.014063 0.050000
7 0.773177 0.532870 0.008854 0.043519
5 0.806771 0.567593 0.030208 0.053704
5 0.841146 0.586111 0.027083 0.081481
5 0.779948 0.569444 0.036979 0.059259
5 0.543750 0.566204 0.034375 0.060185
5 0.627083 0.559722 0.014583 0.019444
5 0.665885 0.568519 0.042188 0.057407
7 0.752083 0.549537 0.010417 0.087963
7 0.763281 0.545370 0.016146 0.092593
7 0.735938 0.549074 0.008333 0.085185
7 0.743490 0.547685 0.011979 0.091667
7 0.688542 0.518519 0.006250 0.009259
0 0.722396 0.550000 0.045833 0.075926
0 0.665365 0.554630 0.089063 0.070370
7 0.654167 0.564815 0.022917 0.070370
7 0.622917 0.564815 0.033333 0.070370
3 0.572135 0.543056 0.053646 0.113889
6 0.856771 0.562500 0.019792 0.086111
6 0.843229 0.569907 0.032292 0.113889
5 0.958073 0.556019 0.015104 0.036111
7 0.019010 0.818519 0.038021 0.361111