2 0.279167 0.530556 0.021875 0.048148
5 0.300260 0.530093 0.020313 0.026852
2 0.389583 0.546759 0.048958 0.076852
5 0.438542 0.526389 0.013542 0.021296
2 0.511198 0.524074 0.031771 0.053704
5 0.530729 0.525000 0.009375 0.018519
5 0.538802 0.536574 0.011979 0.030556
6 0.540625 0.529630 0.010417 0.042593
13 0.558333 0.464352 0.005208 0.039815
4 0.585156 0.521296 0.022396 0.035185
5 0.576042 0.540741 0.013542 0.029630
6 0.575781 0.531019 0.010937 0.037963
5 0.619531 0.535648 0.017188 0.021296
0 0.471615 0.545370 0.039062 0.055556
5 0.496875 0.562037 0.017708 0.050000
6 0.497396 0.545370 0.016667 0.061111
7 0.221875 0.553704 0.029167 0.061111
7 0.210417 0.556481 0.021875 0.068519
7 0.246875 0.591204 0.016667 0.087963
0 0.145573 0.522685 0.021354 0.058333
2 0.108594 0.518519 0.067187 0.079630
6 0.177604 0.571296 0.031250 0.092593
5 0.188802 0.728704 0.109896 0.246296
6 0.197656 0.662963 0.078646 0.251852
0 0.803906 0.537500 0.016146 0.025000
5 0.800521 0.546296 0.007292 0.018519
6 0.800521 0.537963 0.008333 0.024074
7 0.791667 0.548148 0.008333 0.035185
2 0.786719 0.532870 0.009896 0.030556
1 0.739583 0.524537 0.060417 0.056481
0 0.753646 0.546759 0.023958 0.032407
6 0.718229 0.535185 0.006250 0.014815
0 0.733854 0.549537 0.027083 0.039815
0 0.674740 0.534722 0.033854 0.043519
5 0.678906 0.550463 0.015104 0.028704
6 0.680469 0.540741 0.007812 0.033333
6 0.728646 0.552315 0.012500 0.032407
5 0.776563 0.579630 0.023958 0.062963
6 0.777083 0.562500 0.021875 0.069444
5 0.728646 0.568981 0.013542 0.039815
5 0.633333 0.545370 0.013542 0.029630
6 0.632812 0.529167 0.012500 0.030556
0 0.655208 0.549074 0.036458 0.064815
0 0.703646 0.562500 0.048958 0.073148
13 0.571615 0.351852 0.030729 0.011111
1 0.907031 0.516667 0.183854 0.514815
7 0.436979 0.522222 0.006250 0.031481
6 0.537500 0.527315 0.010417 0.034259
6 0.684375 0.539352 0.009375 0.030556
7 0.810156 0.537500 0.008854 0.023148
5 0.804427 0.543981 0.003646 0.013889
6 0.804427 0.537037 0.004687 0.022222