5 0.209896 0.675463 0.077083 0.163889
4 0.380208 0.481481 0.416667 0.961111
7 0.585677 0.640278 0.028646 0.184259
7 0.599219 0.543981 0.022396 0.075000
7 0.610417 0.612500 0.038542 0.212037
7 0.625781 0.617593 0.039062 0.227778
7 0.645833 0.595370 0.044792 0.124074
5 0.671094 0.748611 0.080729 0.215741
6 0.647396 0.650463 0.054167 0.184259
6 0.655729 0.687963 0.066667 0.272222
6 0.672917 0.672685 0.070833 0.265741
5 0.714063 0.631481 0.026042 0.081481
6 0.703385 0.566204 0.022396 0.054630
6 0.709896 0.576852 0.032292 0.081481
6 0.722917 0.549074 0.012500 0.038889
6 0.730990 0.555556 0.020313 0.038889
7 0.762500 0.544907 0.014583 0.026852
7 0.772656 0.545370 0.010937 0.014815
7 0.795312 0.542593 0.011458 0.020370
7 0.803646 0.543056 0.010417 0.017593
7 0.813802 0.539352 0.011979 0.019444
7 0.835677 0.542593 0.011979 0.016667
7 0.847396 0.546296 0.011458 0.018519
7 0.858594 0.545833 0.011979 0.023148
0 0.901042 0.564352 0.110417 0.137963
0 0.843490 0.725000 0.275521 0.357407
4 0.953125 0.625463 0.093750 0.323148