5 0.070833 0.503241 0.031250 0.050926
7 0.125521 0.502778 0.013542 0.029630
5 0.189062 0.567593 0.030208 0.070370
6 0.174479 0.520370 0.023958 0.050000
7 0.266146 0.528704 0.013542 0.068519
0 0.455469 0.550000 0.010937 0.024074
0 0.400781 0.543981 0.039062 0.037963
7 0.436458 0.552778 0.007292 0.037037
7 0.432812 0.553704 0.010417 0.051852
7 0.415625 0.550926 0.012500 0.059259
7 0.424740 0.551852 0.011979 0.057407
4 0.513281 0.529167 0.115104 0.130556
4 0.655208 0.508333 0.182292 0.218519
13 0.658594 0.358796 0.011979 0.017593
13 0.655990 0.394444 0.011979 0.042593
5 0.786979 0.576389 0.016667 0.047222
6 0.782031 0.552315 0.010937 0.026852
5 0.763021 0.781019 0.062500 0.189815
6 0.740885 0.571296 0.032813 0.109259
6 0.760677 0.598611 0.057813 0.178704
6 0.726823 0.628241 0.072396 0.223148
5 0.472656 0.788426 0.109896 0.341667
6 0.477604 0.717593 0.109375 0.396296
7 0.115885 0.506019 0.016146 0.023148
0 0.018229 0.504167 0.034375 0.091667
0 0.109635 0.564352 0.131771 0.097222
6 0.012500 0.531944 0.022917 0.060185
6 0.089844 0.577778 0.054688 0.088889
6 0.041927 0.610185 0.034896 0.118519
5 0.278906 0.742593 0.076563 0.244444
6 0.273438 0.702778 0.082292 0.335185
6 0.246354 0.687500 0.089583 0.273148
6 0.017708 0.612963 0.033333 0.124074
5 0.071354 0.740741 0.055208 0.118519
6 0.084896 0.619444 0.053125 0.172222
5 0.038281 0.744444 0.069271 0.144444
6 0.029948 0.716667 0.059896 0.094444
5 0.177344 0.845833 0.189062 0.306481
6 0.223177 0.771759 0.147396 0.454630
6 0.170573 0.770833 0.177604 0.445370
5 0.064583 0.854630 0.128125 0.288889
6 0.066406 0.817593 0.132812 0.137037
5 0.387760 0.870833 0.172396 0.254630
6 0.396094 0.774537 0.155729 0.447222
5 0.656250 0.840741 0.203125 0.311111
6 0.660417 0.759259 0.190625 0.479630
5 0.895312 0.780556 0.112500 0.296296
6 0.924219 0.720833 0.128646 0.415741
6 0.940885 0.734259 0.116146 0.438889
5 0.942187 0.878241 0.112500 0.241667
6 0.952604 0.854167 0.091667 0.095370