0 0.333594 0.561574 0.089063 0.050926
0 0.300000 0.600000 0.130208 0.103704
3 0.315885 0.672222 0.105729 0.124074
7 0.258854 0.578241 0.025000 0.080556
7 0.256510 0.692130 0.058854 0.221296
7 0.228646 0.631019 0.027083 0.136111
4 0.111979 0.499537 0.222917 0.997222
6 0.375000 0.543056 0.010417 0.019444
5 0.380208 0.558333 0.011458 0.024074
7 0.402604 0.608333 0.037500 0.185185
7 0.365365 0.613889 0.025521 0.118519
7 0.379427 0.631019 0.028646 0.132407
7 0.461719 0.548611 0.008854 0.030556
5 0.454948 0.584259 0.021354 0.048148
6 0.451302 0.566667 0.016146 0.061111
5 0.473177 0.589815 0.024479 0.055556
6 0.473698 0.567593 0.019271 0.066667
5 0.495833 0.606944 0.031250 0.084259
7 0.483073 0.548611 0.007812 0.028704
6 0.497135 0.550000 0.016146 0.037037
7 0.486979 0.582407 0.011458 0.068519
6 0.494531 0.583796 0.019271 0.091667
7 0.529948 0.555556 0.009896 0.048148
7 0.548698 0.538889 0.005729 0.014815
7 0.544792 0.539352 0.006250 0.015741
7 0.558594 0.566667 0.021354 0.090741
0 0.601823 0.529630 0.018229 0.012963
0 0.874479 0.592130 0.221875 0.243519
7 0.886198 0.715741 0.080729 0.412963
7 0.805469 0.716204 0.085938 0.358333
7 0.888542 0.588889 0.054167 0.146296
6 0.971875 0.800926 0.054167 0.394444
5 0.954427 0.984722 0.033854 0.030556
7 0.720052 0.601389 0.019271 0.043519
6 0.673958 0.562500 0.016667 0.047222
6 0.675521 0.567593 0.015625 0.051852
6 0.719792 0.759722 0.131250 0.476852
5 0.723698 0.829630 0.194271 0.337037
7 0.643229 0.565741 0.017708 0.048148
7 0.634375 0.580093 0.027083 0.076852
7 0.611458 0.537963 0.014583 0.033333
5 0.605469 0.690278 0.095312 0.169444
6 0.612760 0.643056 0.046354 0.219444
6 0.592708 0.637500 0.033333 0.186111
6 0.576562 0.637500 0.030208 0.197222
7 0.568490 0.600463 0.020313 0.080556
7 0.573958 0.546759 0.010417 0.032407
7 0.584635 0.533796 0.006771 0.015741