4 0.313021 0.553704 0.077083 0.098148
7 0.333333 0.491204 0.007292 0.023148
7 0.406510 0.643519 0.043229 0.292593
7 0.364583 0.674074 0.064583 0.377778
7 0.348177 0.701852 0.035937 0.251852
7 0.257031 0.768981 0.061979 0.332407
0 0.057552 0.780093 0.114062 0.439815
7 0.061458 0.825463 0.121875 0.349074
7 0.573958 0.569907 0.015625 0.056481
7 0.617708 0.547222 0.007292 0.022222
3 0.631510 0.533796 0.010937 0.012037
7 0.649219 0.562037 0.007812 0.035185
7 0.644271 0.568056 0.008333 0.045370
7 0.635156 0.564352 0.011979 0.058333
7 0.644792 0.534722 0.004167 0.017593
0 0.797656 0.568981 0.066146 0.106481
0 0.762240 0.566667 0.027604 0.081481
7 0.742188 0.553704 0.012500 0.064815
7 0.722135 0.552778 0.011979 0.053704
5 0.696354 0.572222 0.021875 0.044444
6 0.699219 0.558796 0.015104 0.058333
5 0.707292 0.563889 0.011458 0.038889
6 0.709115 0.552778 0.015104 0.050000
7 0.688542 0.556019 0.010417 0.056481
7 0.679427 0.557870 0.011979 0.058333
7 0.666146 0.537500 0.008333 0.032407
7 0.663021 0.555093 0.011458 0.063889
7 0.659115 0.557870 0.014063 0.063889
7 0.672396 0.552778 0.010417 0.053704
5 0.941146 0.850000 0.117708 0.300000
6 0.912760 0.672222 0.055729 0.274074
6 0.951562 0.764352 0.094792 0.465741
6 0.964063 0.855556 0.064583 0.279630