7 0.504427 0.530093 0.005729 0.019444
7 0.508854 0.532407 0.005208 0.022222
7 0.617708 0.579167 0.018750 0.095370
0 0.655729 0.576852 0.047917 0.072222
0 0.721354 0.609722 0.145833 0.152778
2 0.480469 0.527315 0.008854 0.013889
7 0.483854 0.540741 0.004167 0.018519
4 0.558854 0.530556 0.067708 0.120370
7 0.476042 0.541667 0.006250 0.020370
7 0.516146 0.539352 0.007292 0.025000
7 0.531510 0.556481 0.009896 0.040741
7 0.528906 0.560185 0.014063 0.038889
7 0.509115 0.546296 0.008854 0.022222
7 0.518229 0.572222 0.014583 0.062963
7 0.496354 0.555556 0.027083 0.083333
7 0.590104 0.621759 0.026042 0.141667
7 0.582552 0.640278 0.041146 0.169444
7 0.642708 0.663889 0.058333 0.205556
7 0.710938 0.563426 0.023958 0.049074
7 0.704167 0.658796 0.037500 0.215741
7 0.764583 0.655556 0.031250 0.211111
7 0.737760 0.680093 0.063021 0.250926
7 0.790365 0.705556 0.068229 0.314815
7 0.906250 0.684722 0.069792 0.286111
6 0.461979 0.562963 0.013542 0.059259
5 0.460938 0.586574 0.011458 0.037963
6 0.471354 0.564815 0.015625 0.048148
5 0.471094 0.593981 0.015104 0.054630
6 0.480208 0.580093 0.021875 0.071296
4 0.434896 0.557407 0.040625 0.066667
7 0.427604 0.592130 0.017708 0.089815
7 0.439583 0.593981 0.026042 0.097222
7 0.493490 0.680556 0.060937 0.264815
7 0.544792 0.672685 0.056250 0.300926
3 0.601823 0.598611 0.023438 0.060185
0 0.341406 0.547685 0.060937 0.063889
7 0.413802 0.616667 0.023438 0.164815
7 0.387760 0.554630 0.008854 0.029630
7 0.381250 0.556019 0.011458 0.030556
7 0.321094 0.626389 0.030729 0.178704
7 0.305729 0.627315 0.020833 0.152778
7 0.351823 0.572685 0.017188 0.073148
7 0.359115 0.569907 0.026562 0.080556
7 0.255990 0.554630 0.019271 0.062963
7 0.278646 0.544444 0.021875 0.042593
7 0.279948 0.564352 0.019271 0.073148
7 0.291146 0.639815 0.042708 0.198148
7 0.336719 0.671759 0.033854 0.219444
7 0.357292 0.687500 0.057292 0.254630
7 0.395052 0.680093 0.073438 0.291667
7 0.198437 0.701389 0.048958 0.200926
7 0.265104 0.655556 0.040625 0.216667
7 0.248698 0.683796 0.066146 0.245370
5 0.973437 0.881019 0.048958 0.236111
6 0.982031 0.689815 0.033854 0.205556
7 0.075521 0.773148 0.151042 0.450000