0 0.589323 0.545370 0.011979 0.012963
2 0.615365 0.534722 0.029687 0.034259
13 0.706771 0.393519 0.009375 0.051852
10 0.680990 0.478241 0.014063 0.025000
10 0.638802 0.484259 0.010937 0.018519
0 0.699219 0.549537 0.016146 0.032407
1 0.744531 0.532407 0.064062 0.068519
0 0.734635 0.547685 0.033854 0.036111
2 0.820573 0.550000 0.035937 0.057407
5 0.878385 0.552315 0.024479 0.030556
5 0.888021 0.552778 0.027083 0.037037
7 0.896615 0.528704 0.009896 0.029630
5 0.907552 0.641204 0.020313 0.082407
6 0.923698 0.541667 0.017188 0.061111
6 0.900260 0.583333 0.048438 0.150000
0 0.952344 0.614352 0.095312 0.180556
0 0.930208 0.781944 0.139583 0.436111
7 0.687500 0.582870 0.025000 0.141667
6 0.574219 0.541204 0.009896 0.023148
5 0.558854 0.550000 0.017708 0.020370
6 0.559375 0.539815 0.017708 0.035185
7 0.534896 0.546759 0.005208 0.021296
2 0.515625 0.551389 0.034375 0.078704
7 0.495312 0.556944 0.009375 0.067593
5 0.522656 0.597685 0.031771 0.087963
6 0.524219 0.573611 0.030729 0.095370
0 0.607552 0.708333 0.211979 0.318519
2 0.395573 0.588889 0.106771 0.192593
7 0.093490 0.669444 0.079687 0.311111
6 0.952604 0.541667 0.020833 0.064815
6 0.938281 0.560648 0.036979 0.102778
10 0.638021 0.501389 0.011458 0.008333
10 0.680469 0.496296 0.011979 0.007407