3 0.619010 0.520833 0.006771 0.013889
3 0.640625 0.525000 0.005208 0.011111
5 0.619792 0.536111 0.004167 0.012963
6 0.619271 0.531481 0.004167 0.009259
7 0.639583 0.531019 0.004167 0.013889
4 0.607812 0.530556 0.019792 0.044444
1 0.629687 0.533796 0.018750 0.041667
0 0.583594 0.540278 0.007812 0.015741
5 0.647396 0.546296 0.005208 0.012963
6 0.646875 0.542130 0.006250 0.015741
5 0.671615 0.549537 0.008854 0.023148
6 0.670833 0.543056 0.008333 0.025000
7 0.972396 0.569907 0.022917 0.050926
5 0.947917 0.584722 0.040625 0.056481
5 0.527344 0.556481 0.005729 0.014815
6 0.528125 0.549537 0.006250 0.015741
5 0.540365 0.556019 0.004687 0.015741
6 0.540365 0.550463 0.007812 0.021296
5 0.505729 0.562963 0.007292 0.016667
6 0.505469 0.554167 0.006771 0.017593
5 0.500521 0.577315 0.014583 0.034259
6 0.499740 0.563426 0.013021 0.041667
5 0.442708 0.583796 0.012500 0.037963
6 0.445573 0.577315 0.010937 0.047222
6 0.442448 0.571296 0.014063 0.040741
5 0.279167 0.654167 0.042708 0.108333
6 0.274740 0.618519 0.044271 0.114815
5 0.694531 0.551852 0.013021 0.020370