0 0.544531 0.508796 0.007812 0.012037
6 0.535937 0.512500 0.006250 0.019444
6 0.540365 0.513426 0.010937 0.017593
6 0.566146 0.522222 0.013542 0.031481
3 0.562240 0.509722 0.007812 0.030556
4 0.578646 0.523148 0.030208 0.070370
5 0.615104 0.566667 0.015625 0.042593
6 0.610677 0.534722 0.011979 0.037963
7 0.718490 0.542130 0.014063 0.041667
0 0.717969 0.578704 0.016146 0.046296
7 0.584115 0.538426 0.014063 0.032407
7 0.595052 0.543056 0.014063 0.037963
7 0.521094 0.507407 0.004687 0.009259
6 0.525521 0.512500 0.005208 0.008333
6 0.528125 0.515278 0.007292 0.013889
0 0.498698 0.515741 0.023438 0.024074
2 0.510938 0.517593 0.028125 0.024074
7 0.449219 0.519907 0.004687 0.025000
3 0.469531 0.509722 0.041146 0.100926
7 0.490365 0.518981 0.004687 0.019444
6 0.492188 0.535648 0.013542 0.041667
5 0.492188 0.566667 0.010417 0.035185
5 0.593490 0.621759 0.038021 0.108333
6 0.591406 0.595370 0.038021 0.124074
6 0.593229 0.566204 0.009375 0.015741
5 0.673958 0.695833 0.067708 0.199074
6 0.636719 0.643981 0.050521 0.208333
6 0.673177 0.620370 0.035937 0.100000
6 0.649740 0.674074 0.010937 0.085185
7 0.851823 0.522222 0.024479 0.146296
7 0.883594 0.518981 0.030729 0.163889
7 0.477083 0.549074 0.010417 0.059259
7 0.423698 0.531944 0.009896 0.030556
7 0.450521 0.579630 0.016667 0.098148
7 0.461458 0.586111 0.012500 0.120370
7 0.466927 0.587500 0.023438 0.119444
7 0.441406 0.580093 0.023438 0.119444
7 0.437240 0.595833 0.029687 0.128704
7 0.418229 0.580093 0.013542 0.112037
7 0.399479 0.556481 0.011458 0.046296
7 0.409375 0.587037 0.023958 0.140741
7 0.374740 0.560648 0.011979 0.062037
7 0.379948 0.558796 0.009896 0.037963
2 0.537240 0.615741 0.089063 0.190741
7 0.359896 0.575926 0.018750 0.098148
7 0.362240 0.541204 0.011979 0.028704
5 0.356510 0.604167 0.011979 0.054630
7 0.350781 0.593981 0.014063 0.125000
7 0.422135 0.706481 0.029687 0.144444
7 0.269271 0.565741 0.019792 0.075926
7 0.299740 0.570833 0.021354 0.054630
3 0.282292 0.595833 0.070833 0.180556
7 0.328125 0.662963 0.050000 0.298148
7 0.388281 0.655556 0.057813 0.237037
7 0.248177 0.664352 0.044271 0.249074
7 0.276562 0.680093 0.059375 0.237963
7 0.297656 0.858333 0.102604 0.279630
7 0.198437 0.747222 0.090625 0.412963
7 0.140104 0.772685 0.051042 0.280556
5 0.146354 0.626852 0.037500 0.068519
7 0.027083 0.762500 0.053125 0.454630
5 0.053646 0.717593 0.014583 0.027778
7 0.107031 0.726389 0.174479 0.545370
4 0.786979 0.588426 0.135417 0.369444
5 0.942708 0.897685 0.112500 0.202778
6 0.910677 0.753241 0.064062 0.402778
6 0.936719 0.781019 0.066146 0.389815
6 0.962500 0.758796 0.071875 0.478704
7 0.011719 0.583796 0.022396 0.082407