0 0.528906 0.541667 0.011979 0.020370
0 0.518490 0.544907 0.015104 0.021296
6 0.525000 0.539815 0.006250 0.014815
5 0.525000 0.549537 0.007292 0.015741
5 0.501302 0.546296 0.005729 0.016667
6 0.501823 0.542593 0.007812 0.020370
5 0.508594 0.551389 0.007812 0.023148
6 0.508073 0.545370 0.007812 0.027778
7 0.477604 0.543981 0.004167 0.023148
7 0.473958 0.542593 0.006250 0.024074
7 0.484896 0.543056 0.006250 0.023148
7 0.455469 0.545833 0.004687 0.030556
2 0.444010 0.542130 0.017188 0.030556
6 0.461719 0.555093 0.015104 0.041667
5 0.461458 0.565741 0.012500 0.037037
5 0.538542 0.575926 0.017708 0.053704
6 0.539062 0.560185 0.017708 0.059259
0 0.397917 0.543056 0.028125 0.028704
7 0.398177 0.579167 0.017188 0.080556
5 0.284115 0.550463 0.010937 0.032407
6 0.283073 0.541204 0.011979 0.037963
2 0.240625 0.543056 0.043750 0.056481
0 0.143750 0.570370 0.153125 0.151852
0 0.033594 0.550463 0.066146 0.143519
4 0.561979 0.529167 0.007292 0.021296
4 0.582292 0.528704 0.032292 0.040741
0 0.629167 0.548148 0.010417 0.029630
0 0.696875 0.557407 0.023958 0.042593
1 0.801823 0.535185 0.192188 0.194444
7 0.619531 0.555556 0.014063 0.070370
5 0.677865 0.738889 0.098437 0.262963
6 0.679688 0.664815 0.079167 0.244444
6 0.678125 0.687500 0.112500 0.282407