7 0.042969 0.494907 0.014063 0.106481
7 0.073177 0.499074 0.017188 0.092593
7 0.090365 0.500000 0.018229 0.090741
7 0.105990 0.498611 0.019271 0.100926
7 0.292708 0.625000 0.029167 0.131481
7 0.039844 0.569444 0.016146 0.038889
5 0.045052 0.646296 0.089063 0.118519
6 0.016406 0.606944 0.031771 0.141667
6 0.035417 0.606481 0.043750 0.140741
7 0.631250 0.552315 0.006250 0.023148
7 0.616927 0.550926 0.007812 0.025926
7 0.623698 0.574537 0.015104 0.071296
7 0.635156 0.588426 0.010937 0.043519
7 0.651042 0.543056 0.004167 0.013889
7 0.659115 0.572685 0.015104 0.075000
7 0.663542 0.594444 0.017708 0.094444
7 0.683594 0.593981 0.029687 0.091667
7 0.697396 0.551852 0.017708 0.048148
7 0.714323 0.540741 0.008854 0.016667
7 0.707031 0.540741 0.005729 0.018519
7 0.693750 0.564352 0.006250 0.025000
7 0.729948 0.551389 0.011979 0.054630
7 0.767969 0.548611 0.008854 0.030556
7 0.756771 0.553704 0.011458 0.044444
7 0.763802 0.539352 0.006771 0.017593
3 0.780990 0.627315 0.011979 0.041667
0 0.838021 0.607870 0.109375 0.139815
0 0.941667 0.656019 0.116667 0.278704
7 0.745313 0.554167 0.010417 0.049074
7 0.737240 0.587500 0.021354 0.112037
5 0.844792 0.753704 0.134375 0.274074
6 0.803906 0.665278 0.039062 0.237963
6 0.852865 0.676852 0.093229 0.266667
7 0.563021 0.542130 0.005208 0.015741
7 0.572917 0.575463 0.009375 0.043519
7 0.592187 0.578704 0.010417 0.068519
7 0.581250 0.583333 0.017708 0.079630
7 0.605208 0.582407 0.016667 0.088889
0 0.478646 0.557407 0.056250 0.057407
0 0.538021 0.547222 0.032292 0.016667
7 0.557552 0.543056 0.005729 0.017593
7 0.552344 0.543981 0.006771 0.015741
7 0.598698 0.596296 0.008854 0.055556
7 0.611719 0.582870 0.008854 0.076852
7 0.653906 0.565741 0.007812 0.042593
0 0.438281 0.553704 0.022396 0.061111