13 0.361198 0.384259 0.017188 0.103704
5 0.398438 0.590741 0.051042 0.068519
6 0.399479 0.572685 0.027083 0.084259
6 0.388542 0.571759 0.023958 0.078704
5 0.630990 0.519444 0.014063 0.027778
6 0.666406 0.516204 0.011979 0.037963
5 0.666146 0.527315 0.010417 0.030556
0 0.882292 0.500000 0.025000 0.033333
0 0.947656 0.475000 0.014063 0.016667
5 0.935156 0.481944 0.007812 0.021296
6 0.935156 0.479167 0.007812 0.023148
5 0.908594 0.495833 0.007812 0.019444
6 0.907292 0.487963 0.005208 0.022222
6 0.910677 0.490278 0.006771 0.021296
0 0.920312 0.511111 0.026042 0.042593
0 0.972135 0.508333 0.025521 0.033333
0 0.988281 0.510648 0.022396 0.043519
5 0.864062 0.518981 0.013542 0.036111
6 0.862760 0.510648 0.014063 0.047222
0 0.954427 0.602778 0.090104 0.164815