0 0.521875 0.535185 0.013542 0.024074
0 0.508073 0.537963 0.014063 0.020370
6 0.519271 0.533796 0.006250 0.017593
5 0.520312 0.540278 0.004167 0.010185
5 0.535677 0.547685 0.007812 0.023148
6 0.535417 0.541204 0.009375 0.026852
7 0.500781 0.542130 0.007812 0.032407
5 0.514323 0.546759 0.008854 0.025000
6 0.514844 0.540278 0.009896 0.030556
6 0.482292 0.535185 0.006250 0.020370
5 0.482031 0.538889 0.008854 0.018519
7 0.471875 0.542593 0.006250 0.031481
6 0.486719 0.546296 0.014063 0.038889
5 0.486979 0.556944 0.013542 0.032407
0 0.592187 0.539815 0.013542 0.024074
6 0.614323 0.538426 0.006771 0.019444
5 0.614844 0.547685 0.005729 0.019444
6 0.642969 0.544907 0.007812 0.021296
5 0.643490 0.554630 0.007812 0.025926
6 0.687240 0.554167 0.013021 0.036111
5 0.688281 0.562037 0.014063 0.029630
4 0.735417 0.549537 0.027083 0.052778
6 0.712500 0.550000 0.010417 0.038889
5 0.712240 0.559722 0.013021 0.023148
2 0.844531 0.570370 0.038021 0.061111
7 0.822396 0.580093 0.012500 0.028704
2 0.890625 0.571296 0.043750 0.064815
6 0.660937 0.543981 0.009375 0.028704
5 0.661458 0.556944 0.008333 0.019444
5 0.580469 0.617593 0.035937 0.092593
6 0.581510 0.585185 0.033854 0.111111
6 0.582292 0.584722 0.032292 0.106481
0 0.396354 0.532870 0.033333 0.043519
5 0.374740 0.537963 0.010937 0.025926
1 0.438281 0.529630 0.057813 0.114815
0 0.357812 0.527778 0.029167 0.046296
0 0.221615 0.520370 0.027604 0.033333
0 0.239323 0.527778 0.034896 0.042593
5 0.223438 0.530556 0.027083 0.037037
5 0.213281 0.527315 0.032813 0.039815
5 0.195312 0.526852 0.032292 0.046296
4 0.302344 0.505556 0.089063 0.124074
0 0.098958 0.523611 0.094792 0.054630
7 0.175000 0.521759 0.006250 0.032407
3 0.003906 0.556481 0.007812 0.057407