5 0.269271 0.595833 0.033333 0.056481
5 0.317188 0.593056 0.036458 0.084259
7 0.332031 0.584722 0.024479 0.150926
5 0.291406 0.641204 0.067187 0.150926
6 0.296615 0.605093 0.048438 0.152778
7 0.389323 0.576389 0.022396 0.097222
6 0.425521 0.562037 0.023958 0.081481
6 0.444271 0.534259 0.015625 0.031481
6 0.456771 0.533796 0.014583 0.025000
1 0.505729 0.499537 0.036458 0.034259
1 0.556510 0.506481 0.051562 0.079630
6 0.525260 0.487500 0.013021 0.052778
6 0.511719 0.497222 0.011979 0.020370
0 0.515104 0.551389 0.092708 0.106481
0 0.568490 0.548148 0.023438 0.066667
0 0.584635 0.553241 0.039062 0.086111
0 0.622396 0.569444 0.073958 0.112963
1 0.613542 0.509722 0.033333 0.036111
0 0.665885 0.530556 0.025521 0.024074
6 0.667969 0.519444 0.008854 0.018519
6 0.681250 0.522685 0.007292 0.015741
0 0.747917 0.559722 0.067708 0.095370
2 0.790104 0.554630 0.047917 0.092593
5 0.847135 0.559722 0.033854 0.047222
5 0.860156 0.556944 0.029687 0.060185
5 0.937240 0.537500 0.019271 0.036111
0 0.878646 0.769907 0.242708 0.460185
0 0.703125 0.614352 0.140625 0.186111
6 0.465885 0.529630 0.009896 0.020370
0 0.486458 0.691204 0.191667 0.312037
9 0.698438 0.009722 0.008333 0.013889
9 0.695312 0.029630 0.006250 0.011111
9 0.682552 0.071759 0.007812 0.013889
9 0.676562 0.092130 0.009375 0.012037
9 0.672917 0.099074 0.007292 0.011111
9 0.669531 0.109722 0.009896 0.013889
9 0.666667 0.126389 0.006250 0.012037
9 0.656510 0.151852 0.009896 0.009259
9 0.653385 0.162963 0.006771 0.014815
9 0.646094 0.180556 0.007812 0.009259
9 0.644010 0.187963 0.008854 0.014815
9 0.640365 0.197222 0.006771 0.012963
9 0.636198 0.210648 0.006771 0.015741
9 0.625781 0.231944 0.006771 0.013889
9 0.618750 0.247222 0.010417 0.014815
9 0.606771 0.271296 0.006250 0.005556