2 0.136198 0.700926 0.271354 0.590741
5 0.304688 0.593981 0.028125 0.100926
7 0.391406 0.554630 0.015104 0.038889
7 0.411198 0.546296 0.009896 0.037037
7 0.434115 0.549074 0.017188 0.038889
7 0.402083 0.555093 0.016667 0.036111
7 0.424219 0.548611 0.018229 0.045370
1 0.515885 0.518981 0.029687 0.039815
6 0.527344 0.502778 0.011979 0.050000
6 0.517969 0.515278 0.016146 0.023148
6 0.530990 0.503704 0.014063 0.050000
1 0.572917 0.533796 0.060417 0.110185
6 0.565625 0.564815 0.016667 0.062963
5 0.569792 0.586111 0.012500 0.050000
3 0.541667 0.540278 0.022917 0.026852
0 0.609375 0.534259 0.013542 0.011111
0 0.589583 0.570833 0.031250 0.071296
7 0.609375 0.534722 0.007292 0.012037
0 0.615104 0.589815 0.068750 0.105556
0 0.655990 0.538426 0.019271 0.021296
0 0.682292 0.536574 0.043750 0.037963
1 0.723437 0.534722 0.066667 0.087963
2 0.758073 0.545370 0.047396 0.038889
2 0.801823 0.554167 0.045312 0.050926
6 0.819531 0.557407 0.018229 0.048148
6 0.829427 0.555556 0.020313 0.037037
2 0.907552 0.550926 0.041146 0.042593
6 0.938021 0.558333 0.019792 0.035185
6 0.950000 0.562963 0.022917 0.070370
7 0.970052 0.564352 0.016146 0.049074
2 0.985156 0.553704 0.022396 0.038889
0 0.986198 0.568519 0.026562 0.072222
0 0.987240 0.612963 0.023438 0.103704
6 0.884375 0.550926 0.025000 0.046296
0 0.763281 0.582407 0.077604 0.090741
0 0.676302 0.619444 0.121354 0.161111
0 0.860677 0.740278 0.278646 0.356481
0 0.555469 0.587963 0.031771 0.098148
0 0.506510 0.584259 0.096354 0.127778
0 0.427865 0.780556 0.332813 0.438889