0 0.277604 0.601852 0.026042 0.087037
0 0.269792 0.608333 0.023958 0.079630
7 0.330469 0.586574 0.013021 0.060185
7 0.339323 0.579630 0.011979 0.050000
7 0.356250 0.581944 0.012500 0.060185
7 0.355469 0.558796 0.009896 0.036111
7 0.364583 0.577778 0.012500 0.068519
7 0.376042 0.575000 0.017708 0.055556
7 0.377604 0.580556 0.015625 0.061111
5 0.346875 0.623611 0.030208 0.087963
6 0.349219 0.583796 0.016146 0.045370
6 0.347917 0.602778 0.029167 0.094444
7 0.387760 0.592130 0.009896 0.037963
7 0.407292 0.575000 0.010417 0.055556
5 0.396875 0.599537 0.018750 0.056481
6 0.397135 0.589352 0.021354 0.078704
7 0.416927 0.559259 0.008854 0.014815
7 0.428646 0.586111 0.011458 0.072222
7 0.455208 0.582870 0.015625 0.082407
7 0.440885 0.585648 0.021354 0.087963
0 0.476562 0.547222 0.010417 0.012963
7 0.476823 0.553241 0.008854 0.021296
7 0.468229 0.564815 0.015625 0.050000
7 0.483073 0.564352 0.014063 0.041667
5 0.477344 0.707407 0.059896 0.192593
6 0.476042 0.663889 0.059375 0.233333
6 0.477865 0.653241 0.043229 0.137963
5 0.418750 0.825000 0.122917 0.350000
6 0.417969 0.717593 0.106771 0.309259
7 0.562500 0.581019 0.034375 0.078704
5 0.540104 0.816667 0.075000 0.244444
6 0.520312 0.716204 0.044792 0.300926
6 0.528385 0.708796 0.045312 0.328704
6 0.550781 0.768056 0.077604 0.417593
7 0.589844 0.602778 0.036979 0.140741
7 0.610156 0.598611 0.035937 0.117593
7 0.658333 0.610648 0.042708 0.130556
0 0.640104 0.564815 0.094792 0.122222
7 0.703125 0.585648 0.041667 0.145370
5 0.712760 0.824537 0.123438 0.349074
6 0.681510 0.626389 0.069271 0.175000
5 0.641927 0.866667 0.201563 0.266667
6 0.619792 0.781944 0.092708 0.436111
5 0.803125 0.872685 0.068750 0.175000
6 0.829167 0.658333 0.073958 0.231481
6 0.847917 0.640741 0.029167 0.070370
6 0.916667 0.670370 0.029167 0.035185
6 0.946875 0.699537 0.041667 0.078704
5 0.788281 0.976389 0.038021 0.047222
6 0.871615 0.746759 0.155729 0.506481
6 0.939063 0.764815 0.121875 0.470370
4 0.137760 0.500463 0.274479 0.999074
4 0.850781 0.652315 0.298438 0.463889