13 0.518229 0.485648 0.007292 0.006481
13 0.527344 0.505556 0.002604 0.016667
0 0.511719 0.543981 0.016146 0.028704
5 0.501042 0.550000 0.006250 0.016667
6 0.501042 0.543519 0.007292 0.022222
5 0.520312 0.556944 0.010417 0.028704
6 0.520312 0.550000 0.009375 0.029630
2 0.486979 0.540741 0.008333 0.020370
5 0.481510 0.545370 0.006771 0.018519
6 0.481771 0.540741 0.006250 0.018519
5 0.491927 0.550463 0.007812 0.019444
6 0.492448 0.544444 0.006771 0.024074
6 0.475260 0.542593 0.006771 0.022222
5 0.475000 0.548148 0.007292 0.018519
5 0.432552 0.581944 0.023438 0.069444
6 0.432552 0.567593 0.019271 0.070370
1 0.099740 0.536574 0.199479 0.202778
7 0.068490 0.592593 0.028646 0.129630
7 0.106250 0.617130 0.032292 0.150926
5 0.213802 0.707870 0.094271 0.215741
6 0.223698 0.648611 0.070312 0.225000
4 0.651042 0.538889 0.011458 0.025926
5 0.652604 0.573148 0.012500 0.037037
6 0.651563 0.556944 0.010417 0.036111
0 0.719010 0.575463 0.042188 0.060185
4 0.613802 0.519907 0.066146 0.136111
0 0.691146 0.587963 0.065625 0.087037
4 0.927344 0.573611 0.075521 0.075000
4 0.979948 0.592130 0.039062 0.076852
0 0.918490 0.606481 0.067187 0.098148
6 0.894010 0.576852 0.014063 0.048148
5 0.903385 0.629167 0.023438 0.082407
4 0.815625 0.599074 0.160417 0.244444
5 0.969531 0.652778 0.057813 0.094444
6 0.977604 0.617593 0.044792 0.116667
10 0.973698 0.768981 0.047396 0.193519
10 0.261719 0.484259 0.034896 0.048148
10 0.443229 0.525463 0.008333 0.012037
4 0.890104 0.552315 0.018750 0.013889
6 0.955208 0.597222 0.015625 0.068519