4 0.063542 0.593981 0.127083 0.186111
5 0.183073 0.670833 0.092188 0.162037
6 0.183333 0.619444 0.054167 0.179630
5 0.240104 0.557870 0.031250 0.041667
5 0.271875 0.556019 0.036458 0.041667
7 0.243750 0.527315 0.012500 0.034259
7 0.282031 0.544444 0.007812 0.022222
7 0.294531 0.540741 0.007812 0.020370
7 0.289062 0.546759 0.008333 0.023148
5 0.300260 0.559259 0.031771 0.038889
7 0.304167 0.543056 0.008333 0.043519
0 0.333854 0.556019 0.045833 0.058333
5 0.387500 0.548611 0.017708 0.026852
5 0.403646 0.588426 0.023958 0.058333
6 0.404167 0.571296 0.019792 0.066667
6 0.397656 0.568519 0.028646 0.074074
5 0.370573 0.603241 0.028646 0.078704
6 0.372396 0.578241 0.019792 0.084259
6 0.367188 0.576852 0.029167 0.100000
7 0.394010 0.538889 0.005729 0.022222
7 0.385937 0.533333 0.005208 0.024074
7 0.416667 0.544907 0.006250 0.036111
2 0.428646 0.543056 0.015625 0.032407
7 0.427344 0.543981 0.005729 0.036111
6 0.432031 0.548148 0.008854 0.033333
6 0.434115 0.557870 0.005729 0.037963
5 0.436458 0.568056 0.007292 0.028704
3 0.499479 0.532870 0.008333 0.012037
0 0.502344 0.545833 0.008854 0.021296
4 0.514583 0.543056 0.022917 0.045370
5 0.528906 0.566204 0.011979 0.045370
6 0.529427 0.557407 0.014063 0.048148
4 0.556771 0.537037 0.025000 0.035185
4 0.574479 0.542593 0.012500 0.031481
1 0.619792 0.543519 0.084375 0.129630
0 0.665365 0.569907 0.015104 0.037963
4 0.741146 0.544444 0.159375 0.225926
0 0.879427 0.588889 0.056771 0.062963
7 0.869792 0.571759 0.007292 0.026852
6 0.877083 0.570370 0.007292 0.035185
5 0.879167 0.582870 0.014583 0.028704
7 0.819792 0.606944 0.009375 0.073148
7 0.813542 0.608796 0.011458 0.071296
7 0.855990 0.608333 0.020313 0.088889
5 0.878385 0.626389 0.048438 0.073148
6 0.879167 0.618056 0.022917 0.086111
6 0.908073 0.619907 0.023438 0.097222
6 0.895052 0.593981 0.010937 0.067593
5 0.925000 0.587500 0.018750 0.036111
5 0.938542 0.584722 0.019792 0.039815
6 0.939323 0.576389 0.016146 0.047222
5 0.959375 0.584259 0.025000 0.046296
5 0.953385 0.609722 0.043229 0.075000
5 0.929948 0.605556 0.032813 0.066667
5 0.980469 0.593981 0.026562 0.047222
5 0.621094 0.622222 0.055729 0.122222
6 0.623177 0.596296 0.030729 0.140741
6 0.669792 0.643056 0.094792 0.119444
6 0.681510 0.607870 0.029687 0.145370
6 0.703385 0.596296 0.024479 0.116667
2 0.466927 0.583796 0.070312 0.141667
0 0.850260 0.600463 0.075521 0.091667