8 0.133854 0.737963 0.051042 0.200000
7 0.087760 0.875000 0.088021 0.250000
7 0.307031 0.707407 0.061979 0.314815
7 0.219792 0.718056 0.177083 0.563889
4 0.470833 0.463426 0.317708 0.665741
5 0.697396 0.569907 0.021875 0.034259
6 0.700000 0.552778 0.014583 0.033333
6 0.700260 0.556481 0.011979 0.018519
7 0.671875 0.567593 0.022917 0.066667
7 0.647135 0.534259 0.042188 0.109259
7 0.655469 0.587037 0.035937 0.090741
7 0.631250 0.770370 0.076042 0.437037
6 0.716146 0.541667 0.008333 0.014815
6 0.709635 0.546759 0.013021 0.025000
0 0.761979 0.595370 0.115625 0.122222
7 0.738021 0.607407 0.038542 0.111111
7 0.722135 0.645833 0.035937 0.126852
7 0.679948 0.611574 0.028646 0.063889
7 0.685156 0.790741 0.078646 0.418519
7 0.535677 0.721759 0.092188 0.556481
7 0.495573 0.850000 0.079687 0.300000
7 0.545312 0.906019 0.054167 0.187963
7 0.600521 0.830093 0.103125 0.339815
7 0.427344 0.800463 0.167187 0.399074
7 0.765365 0.534259 0.006771 0.012963
7 0.774219 0.531944 0.006771 0.012037
7 0.816406 0.560185 0.013021 0.044444
7 0.809115 0.556481 0.015104 0.059259
7 0.803125 0.564352 0.019792 0.078704
7 0.825000 0.547685 0.016667 0.045370
6 0.834115 0.567593 0.036979 0.111111
5 0.876042 0.748148 0.080208 0.224074
6 0.865104 0.618056 0.091667 0.189815
0 0.922396 0.545833 0.097917 0.106481
7 0.883854 0.545370 0.019792 0.064815
7 0.892448 0.539352 0.016146 0.041667
5 0.915365 0.702778 0.034896 0.137037
6 0.898438 0.564352 0.036458 0.119444
6 0.912240 0.615741 0.043229 0.177778
5 0.950000 0.819907 0.100000 0.360185
6 0.927865 0.724074 0.053646 0.357407
6 0.963021 0.763889 0.073958 0.472222
7 0.776823 0.769444 0.166146 0.461111
7 0.882812 0.902315 0.097917 0.195370
4 0.951823 0.532407 0.082812 0.137037