2 0.667708 0.558796 0.012500 0.025000
0 0.692187 0.559722 0.010417 0.023148
0 0.716667 0.565741 0.058333 0.042593
0 0.725781 0.574537 0.059896 0.041667
0 0.763021 0.563889 0.034375 0.037037
0 0.784635 0.571296 0.055729 0.042593
7 0.789583 0.643981 0.028125 0.149074
5 0.660156 0.581481 0.031771 0.042593
6 0.661979 0.574537 0.012500 0.047222
6 0.657813 0.572685 0.013542 0.047222
6 0.651302 0.571759 0.015104 0.047222
6 0.623177 0.549074 0.003646 0.011111
6 0.646354 0.553241 0.004167 0.012037
0 0.632031 0.568981 0.029687 0.047222
6 0.566406 0.553704 0.003646 0.012963
6 0.563542 0.560185 0.009375 0.027778
0 0.580990 0.593981 0.054688 0.086111
5 0.592187 0.653704 0.039583 0.112963
6 0.593750 0.615278 0.039583 0.137963
6 0.586719 0.616667 0.024479 0.135185
7 0.534375 0.561111 0.008333 0.040741
5 0.502083 0.576389 0.028125 0.041667
5 0.469792 0.599537 0.015625 0.043519
2 0.446875 0.588889 0.038542 0.088889
0 0.375000 0.610648 0.118750 0.152778
5 0.008333 0.705556 0.016667 0.122222
5 0.067448 0.660185 0.133854 0.155556
7 0.456510 0.005093 0.005729 0.010185