7 0.232813 0.533333 0.030208 0.148148
1 0.509635 0.506019 0.040104 0.045370
6 0.409635 0.551389 0.030729 0.047222
5 0.351302 0.570370 0.029687 0.042593
5 0.367969 0.565741 0.025521 0.031481
6 0.527604 0.505093 0.018750 0.028704
6 0.547656 0.479630 0.018229 0.068519
6 0.547917 0.484259 0.022917 0.066667
1 0.582812 0.512037 0.053125 0.103704
1 0.619792 0.509722 0.028125 0.036111
0 0.645312 0.589815 0.065625 0.129630
0 0.605469 0.562963 0.050521 0.075926
3 0.562240 0.534259 0.028646 0.055556
0 0.504427 0.591667 0.155729 0.157407
5 0.603906 0.640741 0.040104 0.151852
6 0.604688 0.617593 0.050000 0.185185
0 0.761979 0.562963 0.070833 0.077778
2 0.840885 0.552778 0.067187 0.068519
6 0.880729 0.547222 0.018750 0.033333
6 0.911979 0.554630 0.014583 0.031481
1 0.963281 0.510185 0.073438 0.305556
0 0.699219 0.632407 0.138021 0.188889
0 0.861198 0.719907 0.277604 0.328704
0 0.970833 0.880556 0.058333 0.238889
0 0.415885 0.783333 0.450521 0.433333
9 0.630729 0.009722 0.007292 0.012037
9 0.703125 0.019444 0.006250 0.014815
9 0.712500 0.018056 0.007292 0.013889
9 0.749479 0.006481 0.003125 0.011111
9 0.683073 0.039815 0.005729 0.014815
9 0.674479 0.075000 0.006250 0.014815
9 0.669010 0.095833 0.005729 0.006481
9 0.665104 0.115741 0.007292 0.012963
9 0.652604 0.163889 0.008333 0.016667
9 0.643750 0.196759 0.004167 0.008333
9 0.640365 0.212500 0.009896 0.017593
9 0.633594 0.231944 0.006771 0.013889
9 0.630208 0.249074 0.006250 0.016667
9 0.627344 0.253704 0.006771 0.012963
9 0.622917 0.267593 0.004167 0.011111
9 0.620052 0.276389 0.006771 0.010185
9 0.616406 0.282870 0.008854 0.012037
9 0.609115 0.298148 0.006771 0.011111
9 0.606510 0.307870 0.007812 0.015741
9 0.690885 0.025926 0.009896 0.018519