2 0.488802 0.524074 0.007812 0.014815
2 0.493750 0.525926 0.008333 0.014815
0 0.505469 0.529167 0.010937 0.017593
2 0.480208 0.525926 0.007292 0.016667
0 0.473177 0.528704 0.008854 0.014815
4 0.442969 0.533796 0.020313 0.036111
5 0.467969 0.559259 0.016146 0.042593
6 0.467708 0.549074 0.013542 0.050000
5 0.484375 0.565741 0.022917 0.055556
6 0.483333 0.556019 0.019792 0.056481
2 0.411979 0.537037 0.011458 0.033333
2 0.419531 0.540741 0.021354 0.040741
5 0.430729 0.560185 0.016667 0.053704
6 0.430729 0.552315 0.014583 0.054630
5 0.451042 0.577315 0.022917 0.056481
6 0.448958 0.562037 0.018750 0.062963
7 0.374479 0.560648 0.013542 0.063889
7 0.384115 0.560185 0.018229 0.066667
7 0.334375 0.554167 0.015625 0.075000
4 0.296354 0.557407 0.059375 0.103704
7 0.313281 0.579630 0.023438 0.107407
0 0.540885 0.523611 0.006771 0.010185
0 0.543490 0.531481 0.008854 0.020370
0 0.552344 0.536111 0.006771 0.025926
0 0.564844 0.540278 0.015104 0.026852
0 0.609115 0.540278 0.010937 0.021296
0 0.623437 0.541204 0.012500 0.021296
0 0.635677 0.542130 0.009896 0.023148
0 0.640885 0.546296 0.013021 0.029630
4 0.667448 0.543519 0.028646 0.050000
5 0.769271 0.581944 0.020833 0.058333
6 0.767969 0.566667 0.019271 0.059259
5 0.747135 0.590278 0.026562 0.071296
6 0.747656 0.573148 0.020313 0.085185
5 0.828385 0.573148 0.030729 0.037037
5 0.835677 0.572685 0.020313 0.041667
8 0.866406 0.597222 0.029687 0.061111
6 0.868490 0.568056 0.014063 0.050926
5 0.959375 0.593056 0.038542 0.058333
0 0.982812 0.597685 0.034375 0.080556
5 0.904948 0.620833 0.035937 0.087963
6 0.899479 0.593056 0.018750 0.091667
6 0.471615 0.536574 0.006771 0.023148
6 0.464583 0.528704 0.005208 0.014815
5 0.489323 0.530556 0.002604 0.007407
6 0.489583 0.526389 0.003125 0.012037
2 0.573438 0.534259 0.012500 0.025926
0 0.561719 0.523611 0.006771 0.006481
5 0.602604 0.545833 0.005208 0.017593
6 0.601042 0.537500 0.004167 0.017593