5 0.015104 0.507870 0.030208 0.041667
7 0.067969 0.506944 0.018229 0.050926
5 0.082812 0.538426 0.050000 0.062037
7 0.033333 0.537500 0.032292 0.093519
5 0.115104 0.545833 0.060417 0.067593
5 0.177083 0.595370 0.060417 0.079630
6 0.160677 0.554167 0.019271 0.093519
6 0.180729 0.556481 0.029167 0.094444
4 0.485417 0.546296 0.010417 0.024074
3 0.543229 0.553241 0.008333 0.017593
4 0.494271 0.545370 0.012500 0.024074
5 0.485417 0.568981 0.009375 0.023148
6 0.485677 0.555556 0.009896 0.029630
6 0.480208 0.554630 0.008333 0.029630
6 0.478646 0.558796 0.008333 0.025000
13 0.646354 0.357870 0.011458 0.021296
13 0.644792 0.419444 0.011458 0.094444
0 0.651042 0.572685 0.036458 0.047222
3 0.582552 0.545370 0.006771 0.011111
5 0.682292 0.611111 0.029167 0.083333
6 0.687500 0.595370 0.034375 0.090741
6 0.695312 0.581019 0.033333 0.106481
6 0.593490 0.557870 0.023438 0.056481
5 0.617708 0.724537 0.046875 0.169444
6 0.623177 0.650000 0.054688 0.242593
6 0.612500 0.640278 0.055208 0.215741
5 0.716667 0.788426 0.103125 0.275000
6 0.710938 0.704167 0.104167 0.352778
5 0.441927 0.587037 0.013021 0.027778
6 0.444271 0.559722 0.017708 0.050926
0 0.368490 0.561111 0.066146 0.055556
7 0.393229 0.563889 0.012500 0.068519
7 0.325260 0.546759 0.014063 0.069444
5 0.403906 0.599074 0.013021 0.025926
6 0.405469 0.554630 0.017188 0.050000
5 0.415104 0.633333 0.038542 0.111111
6 0.415885 0.594907 0.034896 0.121296
5 0.373958 0.590741 0.021875 0.064815
6 0.367188 0.570370 0.023958 0.081481
5 0.466406 0.717130 0.079687 0.247222
6 0.471354 0.671759 0.086458 0.284259
5 0.567969 0.783796 0.101562 0.341667
6 0.566667 0.676852 0.100000 0.287037
5 0.291927 0.689815 0.071354 0.162963
6 0.305729 0.595833 0.039583 0.117593
6 0.289062 0.626389 0.062500 0.176852
5 0.145313 0.682870 0.097917 0.189815
6 0.151823 0.633333 0.072396 0.190741
5 0.348438 0.768519 0.103125 0.257407
6 0.357552 0.702778 0.084896 0.311111