3 0.622656 0.518981 0.005729 0.010185
3 0.626563 0.527778 0.005208 0.007407
5 0.623437 0.530556 0.003125 0.005556
6 0.623177 0.526852 0.003646 0.009259
5 0.641927 0.546296 0.006771 0.020370
0 0.657552 0.552778 0.030729 0.038889
10 0.806771 0.506481 0.012500 0.025926
5 0.964063 0.603241 0.046875 0.080556
6 0.950260 0.579167 0.016146 0.086111
6 0.964583 0.575000 0.031250 0.090741
0 0.875260 0.591667 0.127604 0.116667
5 0.961719 0.832870 0.076563 0.310185
6 0.967708 0.829630 0.063542 0.325926
5 0.548958 0.540278 0.005208 0.006481
6 0.549479 0.533796 0.005208 0.012037
0 0.558594 0.548148 0.023438 0.035185
5 0.527865 0.553704 0.004687 0.018519
6 0.529687 0.538889 0.007292 0.016667
5 0.533333 0.561111 0.013542 0.040741
6 0.533594 0.552778 0.014063 0.038889
5 0.509896 0.561574 0.011458 0.032407
6 0.510417 0.552315 0.011458 0.039815
5 0.292708 0.595370 0.030208 0.070370
5 0.183594 0.588426 0.038021 0.099074
5 0.129167 0.576852 0.019792 0.029630
5 0.108073 0.597222 0.056771 0.105556
5 0.743750 0.812500 0.151042 0.375000
10 0.617448 0.500926 0.018229 0.025926
6 0.641667 0.539815 0.005208 0.018519
6 0.737240 0.710185 0.125521 0.383333