2 0.471354 0.526852 0.015625 0.029630
7 0.486979 0.522685 0.010417 0.026852
7 0.493490 0.525000 0.010937 0.025926
7 0.500260 0.540741 0.010937 0.057407
7 0.509115 0.526852 0.009896 0.027778
7 0.504687 0.543519 0.010417 0.057407
7 0.513802 0.529630 0.010937 0.024074
7 0.526823 0.530556 0.009896 0.033333
6 0.513281 0.543056 0.013021 0.050926
6 0.511979 0.562037 0.018750 0.077778
5 0.511458 0.579167 0.019792 0.065741
7 0.526302 0.570833 0.025521 0.104630
7 0.538542 0.551389 0.013542 0.065741
5 0.547396 0.546296 0.017708 0.031481
6 0.558073 0.554630 0.011979 0.066667
5 0.562500 0.576852 0.027083 0.059259
6 0.563802 0.556944 0.018229 0.073148
6 0.578906 0.564815 0.028646 0.100000
5 0.577083 0.588426 0.031250 0.069444
7 0.642188 0.549074 0.008333 0.053704
6 0.639844 0.562500 0.026562 0.078704
5 0.640365 0.588889 0.042188 0.072222
5 0.667708 0.587963 0.051042 0.079630
5 0.650260 0.642130 0.024479 0.093519
5 0.705208 0.593519 0.051042 0.077778
7 0.663542 0.544444 0.017708 0.061111
7 0.707552 0.548611 0.030729 0.102778
7 0.766406 0.496296 0.010937 0.025926
7 0.781250 0.498148 0.010417 0.011111
5 0.737760 0.599537 0.031771 0.073148
5 0.757031 0.681481 0.063021 0.114815
5 0.772656 0.707407 0.060937 0.122222
7 0.596615 0.599074 0.021354 0.100000
7 0.614323 0.663889 0.044271 0.246296
7 0.673438 0.693519 0.052083 0.274074
7 0.709375 0.672222 0.043750 0.233333
7 0.762760 0.681019 0.064062 0.287963
7 0.822396 0.602315 0.053125 0.110185
7 0.921615 0.793519 0.025521 0.401852
7 0.961198 0.760648 0.072396 0.404630
7 0.891667 0.781019 0.115625 0.437963
7 0.822917 0.756019 0.076042 0.423148
5 0.485938 0.569444 0.016667 0.055556
6 0.486719 0.549074 0.019271 0.057407
7 0.457292 0.522685 0.006250 0.012037
7 0.463281 0.561111 0.015104 0.072222
7 0.473438 0.545833 0.012500 0.058333
7 0.454167 0.524074 0.010417 0.025926
7 0.439063 0.519444 0.008333 0.027778
7 0.446615 0.521759 0.008854 0.019444
7 0.440365 0.521759 0.006771 0.019444
7 0.420573 0.523611 0.010937 0.032407
7 0.432292 0.531019 0.022917 0.058333
7 0.436979 0.576389 0.018750 0.097222
7 0.451302 0.574074 0.021354 0.100000
7 0.435417 0.528241 0.006250 0.015741
7 0.421615 0.563889 0.015104 0.072222
7 0.411458 0.533333 0.005208 0.025926
7 0.414583 0.538426 0.007292 0.023148
7 0.382292 0.517130 0.008333 0.028704
7 0.379427 0.518981 0.010937 0.037963
7 0.396354 0.517593 0.009375 0.025926
7 0.389583 0.520370 0.010417 0.033333
7 0.405208 0.516204 0.009375 0.019444
7 0.413802 0.532407 0.009896 0.025926
7 0.407031 0.535185 0.009896 0.027778
7 0.416146 0.565741 0.028125 0.087037
7 0.365625 0.565278 0.035417 0.113889
7 0.474740 0.682870 0.068229 0.262037
7 0.337500 0.520370 0.012500 0.033333
7 0.239063 0.559259 0.035417 0.111111
5 0.200521 0.636574 0.073958 0.149074
7 0.224219 0.703704 0.054688 0.294444
7 0.245312 0.739815 0.051042 0.387037
7 0.338542 0.750463 0.046875 0.384259
7 0.317969 0.747222 0.053646 0.424074
7 0.395573 0.762037 0.117188 0.475926
7 0.156250 0.610648 0.044792 0.234259
7 0.108073 0.621296 0.035937 0.229630
7 0.134115 0.617593 0.058854 0.261111
7 0.120833 0.746759 0.043750 0.236111
7 0.179688 0.775000 0.059375 0.218519
7 0.059375 0.625463 0.050000 0.249074
7 0.027604 0.691204 0.055208 0.308333
7 0.007812 0.586574 0.015625 0.067593
7 0.292187 0.747222 0.093750 0.505556