3 0.603646 0.497685 0.011458 0.017593
7 0.614323 0.499074 0.007812 0.012963
7 0.632292 0.515741 0.015625 0.059259
7 0.623698 0.518056 0.015104 0.045370
5 0.649219 0.512037 0.019271 0.040741
5 0.664323 0.509259 0.013021 0.020370
5 0.653385 0.532870 0.025521 0.036111
5 0.658333 0.553241 0.039583 0.073148
7 0.682031 0.578241 0.028646 0.137963
5 0.935677 0.677778 0.084896 0.153704
7 0.574479 0.492593 0.003125 0.007407
7 0.577344 0.493056 0.003646 0.012037
7 0.568490 0.494907 0.004687 0.010185
7 0.570312 0.498611 0.011458 0.019444
6 0.577865 0.499537 0.006771 0.013889
6 0.580729 0.497222 0.005208 0.018519
6 0.586198 0.496759 0.009896 0.021296
6 0.596615 0.498611 0.015104 0.017593
7 0.607812 0.500926 0.009375 0.009259
7 0.560156 0.495833 0.004687 0.010185
5 0.559115 0.531481 0.010937 0.037037
6 0.561979 0.518981 0.015625 0.056481
2 0.538281 0.500926 0.019271 0.037037
3 0.516927 0.497685 0.023438 0.034259
7 0.522396 0.515741 0.012500 0.059259
7 0.530729 0.516204 0.013542 0.056481
7 0.555208 0.494444 0.005208 0.009259
7 0.551302 0.500463 0.006771 0.017593
7 0.555990 0.501852 0.004687 0.011111
7 0.545312 0.523611 0.009375 0.049074
7 0.550781 0.522685 0.014063 0.054630
0 0.596875 0.580556 0.105208 0.155556
7 0.499740 0.508796 0.021354 0.050926
7 0.483073 0.522685 0.014063 0.039815
7 0.479167 0.576852 0.021875 0.133333
7 0.501302 0.578704 0.032813 0.150000
7 0.466146 0.580093 0.030208 0.147222
2 0.415365 0.567130 0.088021 0.200926
5 0.322135 0.704167 0.120313 0.267593
7 0.252865 0.851389 0.124479 0.293519
7 0.140104 0.869907 0.112500 0.258333
7 0.019010 0.493519 0.031771 0.283333
7 0.008073 0.529630 0.016146 0.250000
5 0.042188 0.811111 0.083333 0.377778
5 0.843750 0.875926 0.312500 0.248148
6 0.760156 0.741204 0.106771 0.517593
6 0.891667 0.750000 0.216667 0.500000
5 0.533854 0.539815 0.014583 0.038889