3 0.490625 0.529630 0.006250 0.011111
3 0.509115 0.528704 0.006771 0.011111
0 0.495833 0.533333 0.008333 0.011111
5 0.464323 0.544907 0.006771 0.013889
6 0.463542 0.537037 0.007292 0.020370
3 0.551042 0.534259 0.006250 0.011111
5 0.498958 0.537500 0.005208 0.008333
6 0.498437 0.529630 0.005208 0.016667
3 0.558594 0.537500 0.008854 0.017593
0 0.571875 0.540741 0.013542 0.025926
0 0.593750 0.549074 0.006250 0.014815
4 0.438281 0.534259 0.047396 0.109259
2 0.599219 0.547222 0.013021 0.024074
3 0.735417 0.564815 0.035417 0.059259
5 0.733854 0.591667 0.019792 0.037037
6 0.732292 0.577315 0.010417 0.052778
3 0.293229 0.575463 0.034375 0.052778
4 0.128646 0.500000 0.257292 0.992593
6 0.452344 0.514352 0.013021 0.050926