5 0.550000 0.570833 0.014583 0.023148
9 0.598177 0.576389 0.010937 0.015741
5 0.649219 0.568981 0.010937 0.026852
7 0.619271 0.546759 0.006250 0.017593
7 0.546354 0.559722 0.009375 0.041667
7 0.536979 0.553241 0.009375 0.036111
0 0.472135 0.584259 0.091146 0.098148
2 0.333854 0.547685 0.041667 0.036111
7 0.343750 0.549537 0.009375 0.028704
7 0.356250 0.555093 0.009375 0.026852
5 0.345052 0.559722 0.028646 0.025000
5 0.356771 0.579630 0.039583 0.051852
5 0.354167 0.583796 0.040625 0.058333
5 0.338802 0.582870 0.041146 0.063889
5 0.264583 0.541204 0.007292 0.010185
0 0.289583 0.609259 0.091667 0.129630
7 0.174219 0.563889 0.019271 0.050000
7 0.173698 0.561574 0.016146 0.063889
7 0.161979 0.551389 0.020833 0.073148
7 0.151042 0.502778 0.011458 0.050000
7 0.152083 0.511574 0.011458 0.065741
0 0.229427 0.643981 0.146354 0.165741
7 0.131510 0.505093 0.008854 0.054630
7 0.104167 0.498611 0.010417 0.054630
7 0.109375 0.509722 0.010417 0.039815
7 0.116927 0.515278 0.014063 0.073148
7 0.093750 0.500926 0.011458 0.055556
7 0.086719 0.494907 0.013021 0.060185
7 0.082812 0.504630 0.015625 0.038889
7 0.065625 0.496296 0.008333 0.042593
7 0.079167 0.480556 0.006250 0.022222
7 0.071354 0.495370 0.008333 0.046296
7 0.056771 0.493056 0.014583 0.047222
7 0.051302 0.476389 0.007812 0.017593
7 0.042188 0.494444 0.015625 0.050000
7 0.029948 0.492593 0.015104 0.053704
7 0.013021 0.462963 0.007292 0.014815
7 0.018229 0.491204 0.012500 0.056481
7 0.003646 0.491204 0.006250 0.056481
7 0.010417 0.490278 0.012500 0.058333
0 0.086979 0.757870 0.172917 0.484259
7 0.970833 0.596296 0.011458 0.068519
7 0.778125 0.742130 0.018750 0.086111
7 0.759635 0.815278 0.046354 0.291667
7 0.809635 0.773148 0.102604 0.453704
7 0.876823 0.772222 0.082812 0.374074