7 0.014583 0.625926 0.022917 0.164815
7 0.002865 0.642130 0.005729 0.145370
5 0.313021 0.579167 0.040625 0.087963
3 0.345052 0.549074 0.065104 0.144444
7 0.409375 0.579167 0.041667 0.089815
5 0.414844 0.569907 0.021354 0.037963
0 0.467187 0.564352 0.090625 0.087963
5 0.465365 0.580556 0.058854 0.070370
0 0.526823 0.553704 0.046354 0.085185
7 0.449479 0.582870 0.027083 0.080556
7 0.488281 0.518981 0.007812 0.012037
7 0.547917 0.554167 0.010417 0.097222
7 0.553906 0.549537 0.013021 0.102778
7 0.565625 0.550926 0.016667 0.098148
7 0.573958 0.549074 0.017708 0.109259
7 0.594531 0.533333 0.013021 0.057407
7 0.586198 0.536111 0.010937 0.048148
7 0.614062 0.545370 0.014583 0.070370
0 0.606771 0.543519 0.017708 0.042593
7 0.644271 0.529630 0.012500 0.046296
5 0.594792 0.579167 0.042708 0.067593
5 0.637500 0.569444 0.046875 0.062963
6 0.629167 0.559259 0.018750 0.075926
3 0.712500 0.516667 0.014583 0.035185
7 0.707552 0.554167 0.014063 0.071296
7 0.703385 0.562500 0.010937 0.076852
7 0.693750 0.552778 0.015625 0.096296
7 0.713281 0.550926 0.011979 0.081481
7 0.723958 0.521296 0.007292 0.016667
0 0.746875 0.532407 0.019792 0.038889
0 0.766146 0.528704 0.027083 0.038889
1 0.935417 0.507870 0.023958 0.060185
0 0.837240 0.550926 0.051562 0.074074
0 0.791667 0.556019 0.075000 0.086111
2 0.904687 0.519907 0.020833 0.041667
5 0.887240 0.523148 0.011979 0.031481
5 0.739844 0.568056 0.031771 0.078704
6 0.744271 0.551852 0.017708 0.087037
6 0.737500 0.550000 0.031250 0.090741
0 0.970052 0.544444 0.058854 0.092593