7 0.547135 0.506944 0.003646 0.010185
0 0.555729 0.511111 0.017708 0.016667
7 0.546094 0.512963 0.006771 0.014815
7 0.569531 0.512500 0.008854 0.017593
6 0.559375 0.512963 0.008333 0.011111
6 0.552604 0.514352 0.007292 0.012037
3 0.576302 0.509722 0.006771 0.025000
2 0.585417 0.516204 0.014583 0.045370
7 0.609896 0.567130 0.012500 0.078704
7 0.589844 0.562037 0.006771 0.053704
7 0.593490 0.566667 0.007812 0.074074
7 0.601302 0.534722 0.011979 0.025000
7 0.601562 0.576389 0.018750 0.080556
6 0.614583 0.564352 0.006250 0.056481
8 0.615885 0.581019 0.011979 0.056481
6 0.619271 0.566667 0.013542 0.070370
4 0.658073 0.550000 0.074479 0.111111
7 0.702604 0.496296 0.007292 0.016667
7 0.730990 0.502778 0.016146 0.040741
7 0.716927 0.504630 0.013021 0.035185
7 0.708854 0.507407 0.011458 0.037037
7 0.689063 0.558796 0.015625 0.054630
7 0.668229 0.547222 0.026042 0.062963
2 0.729688 0.561111 0.064583 0.079630
5 0.622656 0.647222 0.020313 0.085185
6 0.634635 0.608796 0.033854 0.141667
7 0.636719 0.643981 0.050521 0.208333
7 0.670052 0.639815 0.036979 0.216667
7 0.699740 0.637037 0.030729 0.192593
7 0.724740 0.699537 0.070312 0.300926
7 0.759896 0.586111 0.041667 0.187037
7 0.815625 0.559259 0.044792 0.112963
7 0.825000 0.689815 0.057292 0.283333
7 0.848437 0.622222 0.043750 0.161111
7 0.785677 0.686574 0.065104 0.389815
7 0.940104 0.602315 0.020833 0.086111
7 0.538802 0.511574 0.003646 0.010185
7 0.541927 0.513426 0.004687 0.010185
7 0.532292 0.510185 0.004167 0.014815
7 0.535937 0.512500 0.006250 0.012037
7 0.536719 0.515278 0.004687 0.008333
7 0.528125 0.508796 0.004167 0.015741
7 0.524740 0.512037 0.003646 0.009259
7 0.491667 0.500463 0.004167 0.021296
7 0.480469 0.528704 0.004687 0.031481
7 0.464062 0.534259 0.010417 0.031481
7 0.477083 0.538889 0.006250 0.018519
7 0.484896 0.583796 0.013542 0.089815
7 0.492448 0.577778 0.019271 0.107407
7 0.455990 0.542130 0.009896 0.028704
7 0.458594 0.559259 0.010937 0.046296
7 0.474479 0.561111 0.014583 0.061111
2 0.544531 0.579630 0.090104 0.129630
5 0.580990 0.756019 0.055729 0.208333
6 0.569792 0.616204 0.060417 0.171296
7 0.442188 0.613426 0.026042 0.156481
6 0.465885 0.618056 0.060937 0.156481
5 0.461198 0.725463 0.070312 0.210185
5 0.531771 0.837963 0.120833 0.320370
6 0.522135 0.766667 0.103646 0.440741
5 0.397135 0.612963 0.015104 0.025926
7 0.371094 0.578704 0.045312 0.088889
3 0.272917 0.610185 0.121875 0.209259
5 0.304167 0.665741 0.038542 0.107407
7 0.336979 0.700000 0.038542 0.242593
7 0.403125 0.778241 0.112500 0.443519
7 0.114062 0.587963 0.033333 0.211111
7 0.141927 0.566204 0.015104 0.143519
7 0.177604 0.491667 0.010417 0.024074
7 0.189323 0.516667 0.025521 0.051852
5 0.081771 0.793056 0.162500 0.280556
6 0.035417 0.756019 0.069792 0.432407
7 0.165104 0.929167 0.075000 0.139815
7 0.272396 0.721296 0.203125 0.553704
7 0.421354 0.638426 0.040625 0.262037
5 0.872135 0.882407 0.252604 0.233333
6 0.834115 0.759259 0.170313 0.474074
6 0.899479 0.756481 0.197917 0.485185
3 0.508854 0.505556 0.034375 0.074074