5 0.497396 0.549537 0.009375 0.021296
6 0.498177 0.538426 0.007812 0.023148
7 0.504687 0.543056 0.009375 0.032407
7 0.502344 0.533796 0.005729 0.013889
5 0.520052 0.544907 0.005729 0.019444
6 0.520573 0.534259 0.006771 0.009259
7 0.515625 0.541204 0.007292 0.036111
5 0.464062 0.557870 0.013542 0.049074
5 0.483333 0.559722 0.009375 0.041667
7 0.477604 0.551852 0.012500 0.055556
7 0.484896 0.551389 0.009375 0.056481
5 0.257812 0.589815 0.054167 0.057407
5 0.295573 0.579630 0.022396 0.074074
4 0.546875 0.537037 0.013542 0.038889
6 0.539323 0.536574 0.005729 0.019444
5 0.539062 0.545833 0.005208 0.017593
5 0.527604 0.556944 0.013542 0.036111
6 0.528125 0.546759 0.013542 0.041667
5 0.545052 0.552778 0.013021 0.035185
6 0.543750 0.545370 0.012500 0.042593
4 0.566927 0.518981 0.030729 0.045370
6 0.566927 0.537500 0.008854 0.032407
6 0.576042 0.544444 0.012500 0.050000
0 0.588281 0.534259 0.017188 0.020370
5 0.626823 0.547685 0.013021 0.030556
3 0.664844 0.532870 0.009896 0.019444
1 0.712240 0.525463 0.041146 0.052778
0 0.690625 0.541667 0.021875 0.029630
10 0.736979 0.467593 0.020833 0.035185
4 0.879427 0.542130 0.094271 0.095370
5 0.711979 0.546296 0.013542 0.018519
6 0.709896 0.539352 0.012500 0.030556
1 0.786458 0.514352 0.100000 0.060185
0 0.770833 0.574537 0.133333 0.169444
5 0.022396 0.663889 0.042708 0.166667
4 0.048958 0.682870 0.097917 0.628704
5 0.576042 0.557870 0.011458 0.039815
6 0.627083 0.533796 0.012500 0.026852
0 0.894792 0.706481 0.210417 0.344444
0 0.602083 0.558796 0.053125 0.075000
5 0.560417 0.587963 0.028125 0.074074
6 0.559896 0.560185 0.023958 0.075926
5 0.674479 0.561574 0.025000 0.058333
6 0.673438 0.545833 0.020833 0.062037
0 0.533854 0.537037 0.015625 0.025926
7 0.511458 0.543981 0.006250 0.028704