5 0.535677 0.537500 0.006771 0.021296
6 0.535937 0.530556 0.006250 0.027778
6 0.587760 0.527778 0.009896 0.016667
5 0.608333 0.540741 0.014583 0.029630
5 0.618229 0.556019 0.027083 0.049074
5 0.645052 0.566204 0.048438 0.056481
5 0.525260 0.542130 0.008854 0.032407
6 0.524479 0.533796 0.009375 0.037963
7 0.520573 0.543981 0.007812 0.047222
7 0.514323 0.533333 0.006771 0.029630
7 0.510417 0.532407 0.005208 0.025926
2 0.557813 0.536574 0.042708 0.056481
7 0.498177 0.527315 0.010937 0.032407
2 0.495573 0.525000 0.009896 0.029630
7 0.488021 0.553241 0.009375 0.071296
5 0.502344 0.587963 0.028646 0.081481
6 0.508333 0.561574 0.010417 0.080556
6 0.501563 0.563889 0.030208 0.087037
5 0.022396 0.832870 0.041667 0.328704
7 0.099740 0.784722 0.119271 0.425000
7 0.407813 0.549537 0.028125 0.121296
5 0.429688 0.577778 0.025000 0.098148
0 0.577083 0.601852 0.097917 0.148148
5 0.812240 0.832407 0.230729 0.335185
6 0.761979 0.657870 0.119792 0.254630
6 0.812240 0.754167 0.146354 0.443519
5 0.964844 0.748611 0.069271 0.304630
5 0.352344 0.632407 0.071354 0.198148
5 0.290625 0.691204 0.073958 0.202778