7 0.520052 0.501852 0.006771 0.018519
7 0.528125 0.510185 0.009375 0.025926
7 0.513802 0.500926 0.004687 0.014815
7 0.574219 0.508333 0.005729 0.011111
7 0.580469 0.508796 0.006771 0.013889
7 0.591667 0.508796 0.009375 0.021296
7 0.586979 0.509259 0.007292 0.016667
7 0.603385 0.510648 0.006771 0.021296
7 0.609896 0.506944 0.005208 0.023148
7 0.617708 0.526389 0.009375 0.028704
7 0.627604 0.514352 0.013542 0.060185
7 0.538802 0.493981 0.005729 0.017593
2 0.530729 0.497222 0.012500 0.020370
7 0.508333 0.499537 0.004167 0.012037
7 0.500521 0.500000 0.006250 0.016667
7 0.512500 0.512037 0.007292 0.020370
7 0.523177 0.525463 0.007812 0.025000
7 0.527083 0.537037 0.010417 0.029630
7 0.535677 0.536111 0.016146 0.037037
7 0.538281 0.534722 0.019271 0.039815
7 0.498958 0.516667 0.008333 0.025926
7 0.508333 0.538889 0.013542 0.057407
7 0.517708 0.546759 0.016667 0.036111
4 0.448698 0.538426 0.078646 0.078704
7 0.477604 0.553241 0.012500 0.034259
7 0.489844 0.574074 0.022396 0.083333
7 0.500521 0.579167 0.016667 0.067593
7 0.299479 0.529630 0.016667 0.090741
7 0.338802 0.687500 0.049479 0.276852
7 0.465625 0.586574 0.023958 0.067593
7 0.432031 0.587037 0.025521 0.070370
7 0.378385 0.688889 0.049479 0.296296
7 0.398177 0.726852 0.076563 0.350000
6 0.651302 0.550463 0.024479 0.052778
7 0.755208 0.535185 0.016667 0.072222
7 0.765885 0.550000 0.019271 0.074074
5 0.749479 0.578704 0.036458 0.061111
5 0.757292 0.588889 0.050000 0.074074
5 0.793490 0.608333 0.094271 0.109259
7 0.697135 0.561111 0.023438 0.087037
7 0.669531 0.553241 0.019271 0.060185
7 0.680729 0.564815 0.027083 0.092593
2 0.559375 0.528241 0.032292 0.037963
2 0.577344 0.529167 0.042188 0.036111
0 0.592448 0.655556 0.201563 0.235185
7 0.483333 0.717593 0.047917 0.301852
7 0.449740 0.747222 0.070312 0.375926
7 0.348438 0.767593 0.043750 0.231481
5 0.123177 0.591204 0.028646 0.058333
5 0.169271 0.605093 0.054167 0.058333
5 0.098437 0.591667 0.020833 0.068519
5 0.057031 0.603704 0.049479 0.070370
3 0.199219 0.683333 0.153646 0.364815
7 0.313281 0.523611 0.008854 0.076852
7 0.958073 0.725000 0.082812 0.422222
7 0.955990 0.748148 0.083854 0.501852
6 0.717969 0.636111 0.108854 0.196296
5 0.710156 0.828704 0.105729 0.340741
6 0.229687 0.700000 0.052083 0.279630
6 0.608333 0.526852 0.009375 0.018519
5 0.599219 0.529167 0.013021 0.019444
7 0.540104 0.510185 0.008333 0.025926
5 0.738802 0.539815 0.029687 0.057407