5 0.553906 0.543056 0.004687 0.010185
6 0.554167 0.534259 0.004167 0.012963
2 0.598698 0.539815 0.011979 0.024074
5 0.582292 0.547685 0.006250 0.013889
5 0.595052 0.548611 0.007812 0.015741
6 0.582292 0.538426 0.006250 0.015741
6 0.593750 0.539815 0.008333 0.020370
0 0.672135 0.583796 0.055729 0.084259
5 0.774479 0.598148 0.027083 0.050000
6 0.766406 0.573148 0.010937 0.066667
6 0.774219 0.576852 0.020313 0.068519
1 0.485677 0.533333 0.014063 0.033333
1 0.510156 0.520833 0.039062 0.075000
3 0.465885 0.530556 0.006771 0.011111
0 0.473958 0.543519 0.021875 0.031481
0 0.505208 0.557407 0.034375 0.068519
5 0.460938 0.556481 0.007292 0.020370
6 0.464323 0.538426 0.004687 0.015741
6 0.458854 0.543056 0.012500 0.037963
5 0.447396 0.565278 0.013542 0.037963
6 0.446354 0.550926 0.014583 0.053704
7 0.372656 0.557870 0.014063 0.067593
0 0.393490 0.561574 0.035937 0.060185
5 0.417448 0.596296 0.025521 0.064815
6 0.417448 0.575926 0.024479 0.085185
6 0.416146 0.570370 0.026042 0.081481
5 0.294792 0.643519 0.053125 0.129630
6 0.296094 0.610185 0.044271 0.129630
5 0.056510 0.848148 0.111979 0.303704
6 0.041927 0.858796 0.081771 0.273148