6 0.524219 0.515741 0.006771 0.012963
5 0.566927 0.550926 0.018229 0.044444
5 0.590625 0.561111 0.020833 0.057407
7 0.513542 0.514815 0.008333 0.016667
7 0.521615 0.519907 0.007812 0.013889
7 0.507552 0.536574 0.013021 0.056481
7 0.527865 0.533796 0.014063 0.071296
7 0.515625 0.537963 0.014583 0.051852
5 0.498177 0.549074 0.008854 0.025926
6 0.498958 0.536111 0.012500 0.050000
7 0.475260 0.533333 0.008854 0.050000
7 0.481250 0.531944 0.009375 0.054630
5 0.489844 0.550926 0.008854 0.027778
6 0.489844 0.531481 0.011979 0.033333
5 0.457031 0.536111 0.011979 0.035185
7 0.439323 0.537500 0.016146 0.062037
7 0.539062 0.541204 0.014583 0.069444
5 0.452865 0.558333 0.017188 0.048148
5 0.425260 0.577778 0.036979 0.079630
5 0.373177 0.587963 0.038021 0.053704
5 0.251042 0.708333 0.096875 0.272222
5 0.066406 0.826852 0.130729 0.342593
7 0.234896 0.566204 0.012500 0.117593
7 0.313542 0.561574 0.016667 0.154630
7 0.650781 0.246759 0.015104 0.028704