3 0.488021 0.522685 0.006250 0.013889
4 0.502865 0.521759 0.026562 0.058333
5 0.487240 0.547685 0.008854 0.030556
6 0.488542 0.539352 0.009375 0.034259
5 0.442708 0.529630 0.005208 0.014815
5 0.424740 0.538889 0.009896 0.020370
5 0.432292 0.545833 0.009375 0.021296
6 0.432552 0.531944 0.007812 0.026852
5 0.352604 0.565278 0.029167 0.041667
7 0.371875 0.564815 0.018750 0.075926
5 0.244531 0.590741 0.057813 0.064815
5 0.102083 0.611111 0.050000 0.092593
2 0.174219 0.604630 0.110937 0.157407
10 0.638281 0.441667 0.039062 0.053704
4 0.464062 0.553704 0.043750 0.075926
6 0.450781 0.518056 0.013021 0.049074
6 0.478125 0.520370 0.014583 0.053704
3 0.531250 0.525000 0.005208 0.011111
2 0.552344 0.525000 0.005729 0.018519
5 0.601562 0.543981 0.008333 0.021296
6 0.601302 0.536111 0.008854 0.024074
3 0.644531 0.559259 0.063021 0.090741
6 0.658073 0.530556 0.011979 0.033333
3 0.774479 0.567593 0.023958 0.037037
0 0.878646 0.601389 0.123958 0.134259
3 0.790885 0.568981 0.027604 0.034259
0 0.411458 0.526852 0.019792 0.022222
3 0.489063 0.513426 0.007292 0.010185
5 0.722656 0.559259 0.009896 0.033333
6 0.719531 0.548611 0.011979 0.037963
13 0.514062 0.438889 0.012500 0.007407