5 0.525781 0.541667 0.014063 0.027778
8 0.530208 0.553241 0.008333 0.021296
6 0.531250 0.544907 0.006250 0.030556
6 0.539323 0.544444 0.009896 0.033333
5 0.540625 0.553704 0.009375 0.025926
5 0.546094 0.556944 0.013021 0.030556
6 0.559635 0.550000 0.010937 0.040741
5 0.557292 0.557870 0.008333 0.036111
5 0.566927 0.569907 0.014063 0.045370
6 0.565885 0.556481 0.015104 0.055556
7 0.577604 0.556019 0.009375 0.056481
5 0.587500 0.561574 0.014583 0.025000
5 0.598958 0.567130 0.018750 0.037963
0 0.626563 0.566667 0.044792 0.059259
3 0.619010 0.541667 0.027604 0.046296
5 0.668750 0.590278 0.025000 0.084259
5 0.642448 0.590278 0.022396 0.069444
5 0.619010 0.631944 0.035937 0.106481
6 0.619010 0.595370 0.034896 0.114815
6 0.615365 0.552778 0.020313 0.040741
5 0.724219 0.629167 0.077604 0.126852
6 0.730990 0.587963 0.063021 0.077778
5 0.766667 0.665278 0.095833 0.158333
5 0.836198 0.713426 0.078646 0.239815
6 0.980208 0.851852 0.035417 0.292593
5 0.300521 0.805556 0.120833 0.372222
5 0.373177 0.739352 0.080729 0.239815
7 0.359115 0.521296 0.020313 0.092593
7 0.377865 0.562500 0.044271 0.167593
7 0.385937 0.605556 0.031250 0.146296
6 0.510677 0.543519 0.008854 0.031481
6 0.516927 0.564815 0.019271 0.064815
5 0.502344 0.576389 0.021354 0.050926
7 0.514583 0.578241 0.015625 0.087963
5 0.500521 0.552778 0.011458 0.024074
7 0.484115 0.551852 0.008854 0.048148
7 0.475260 0.562037 0.009896 0.044444
7 0.483854 0.566667 0.010417 0.070370
7 0.490885 0.569907 0.011979 0.054630
5 0.478906 0.607407 0.027604 0.096296