4 0.391146 0.495370 0.031250 0.048148
0 0.395052 0.520370 0.027604 0.025926
0 0.357812 0.517130 0.040625 0.034259
0 0.367448 0.522685 0.053646 0.026852
7 0.428385 0.512037 0.007812 0.022222
6 0.431250 0.515278 0.009375 0.028704
6 0.435156 0.514352 0.014063 0.036111
0 0.459896 0.520833 0.022917 0.036111
0 0.490365 0.521296 0.054688 0.046296
7 0.479167 0.536574 0.014583 0.063889
7 0.463281 0.574537 0.014063 0.084259
7 0.443490 0.526389 0.020313 0.050926
7 0.450521 0.588889 0.025000 0.124074
7 0.457292 0.559722 0.012500 0.036111
7 0.359375 0.645833 0.056250 0.256481
7 0.361719 0.648148 0.060937 0.309259
7 0.326302 0.668056 0.053646 0.256481
7 0.281250 0.617593 0.040625 0.135185
7 0.262240 0.630093 0.048438 0.139815
7 0.230208 0.637037 0.044792 0.137037
7 0.197656 0.674074 0.050521 0.283333
7 0.142969 0.689815 0.077604 0.355556
7 0.115885 0.688889 0.058854 0.292593
7 0.057292 0.673611 0.064583 0.360185
5 0.062760 0.733796 0.097396 0.184259
7 0.522135 0.768519 0.110937 0.422222
7 0.629427 0.749074 0.082812 0.407407
5 0.666406 0.681019 0.066146 0.223148
6 0.646354 0.555556 0.030208 0.077778
6 0.666146 0.623148 0.069792 0.185185
7 0.700781 0.610648 0.032813 0.186111
7 0.755208 0.651852 0.060417 0.238889
7 0.805208 0.643056 0.050000 0.237963
7 0.849219 0.635185 0.061979 0.238889
7 0.842969 0.508796 0.010937 0.034259
7 0.832031 0.508333 0.018229 0.038889
0 0.882552 0.488426 0.029687 0.050926
4 0.830208 0.488426 0.080208 0.076852
1 0.763021 0.479167 0.098958 0.087963
2 0.686458 0.506944 0.028125 0.060185
5 0.659115 0.515278 0.016146 0.043519
7 0.619792 0.532407 0.028125 0.055556
5 0.599479 0.533796 0.022917 0.041667
6 0.607292 0.521296 0.015625 0.051852
7 0.171615 0.695370 0.084896 0.374074
0 0.418750 0.520370 0.022917 0.024074