0 0.460156 0.528241 0.005729 0.013889
1 0.490365 0.534259 0.027604 0.051852
5 0.464844 0.529630 0.005729 0.009259
6 0.464323 0.524537 0.005729 0.013889
0 0.473698 0.535185 0.009896 0.009259
0 0.469010 0.543981 0.013021 0.021296
3 0.435677 0.529167 0.061979 0.180556
5 0.474740 0.609722 0.026562 0.071296
6 0.473698 0.585185 0.027604 0.094444
5 0.394271 0.607407 0.027083 0.083333
6 0.394271 0.583333 0.028125 0.088889
10 0.346875 0.503704 0.015625 0.027778
5 0.635938 0.568981 0.012500 0.028704
1 0.547656 0.539815 0.093229 0.150000
5 0.432552 0.612963 0.035937 0.094444
6 0.432812 0.588426 0.027083 0.095370
6 0.430208 0.584259 0.033333 0.098148
7 0.338542 0.586111 0.014583 0.042593
5 0.535677 0.602778 0.026562 0.066667
6 0.535937 0.581944 0.028125 0.078704
0 0.595573 0.614815 0.098437 0.125926
4 0.833333 0.605556 0.097917 0.188889
0 0.729688 0.691667 0.212500 0.314815
6 0.538542 0.548611 0.005208 0.013889