0 0.521875 0.570833 0.012500 0.021296
5 0.548698 0.567130 0.013021 0.028704
6 0.547135 0.554630 0.013021 0.033333
5 0.531250 0.581019 0.015625 0.047222
6 0.530729 0.566204 0.017708 0.054630
5 0.502083 0.567130 0.010417 0.026852
6 0.501823 0.556019 0.013021 0.026852
5 0.479948 0.570833 0.007812 0.017593
6 0.480990 0.560648 0.008854 0.021296
4 0.448698 0.539815 0.035937 0.090741
7 0.412760 0.568056 0.015104 0.078704
5 0.431250 0.587963 0.016667 0.055556
6 0.432552 0.570833 0.019271 0.063889
5 0.327083 0.564815 0.021875 0.038889
7 0.370052 0.582407 0.018229 0.100000
4 0.654948 0.559259 0.024479 0.046296
0 0.770052 0.582870 0.079687 0.087963
5 0.904427 0.601389 0.036979 0.071296
6 0.895312 0.583796 0.011458 0.073148
6 0.905990 0.583796 0.021354 0.082407
4 0.460938 0.539815 0.022917 0.081481
10 0.696875 0.511574 0.027083 0.025000