0 0.482292 0.547222 0.009375 0.035185
1 0.547396 0.509259 0.026042 0.014815
1 0.585938 0.524537 0.036458 0.060185
1 0.628125 0.520833 0.029167 0.034259
0 0.642708 0.528241 0.011458 0.021296
2 0.776042 0.544444 0.016667 0.040741
5 0.788542 0.560648 0.027083 0.037963
1 0.718490 0.524537 0.107813 0.128704
4 0.705729 0.525463 0.112500 0.104630
0 0.588542 0.549537 0.013542 0.037963
0 0.596354 0.554630 0.022917 0.051852
0 0.600781 0.561111 0.018229 0.059259
0 0.707292 0.642130 0.132292 0.213889
7 0.719792 0.654167 0.046875 0.265741
7 0.729427 0.672222 0.053646 0.279630
0 0.875260 0.718981 0.249479 0.375000
0 0.970313 0.967593 0.059375 0.064815
6 0.646094 0.529167 0.005729 0.013889
6 0.561458 0.508796 0.010417 0.030556
0 0.528385 0.601389 0.109896 0.184259
5 0.451823 0.553704 0.023438 0.042593
5 0.617969 0.700463 0.085938 0.249074
6 0.608073 0.646759 0.061979 0.247222
6 0.620573 0.649537 0.081771 0.232407
7 0.240885 0.592130 0.025521 0.139815
7 0.219010 0.674537 0.035937 0.241667
0 0.350260 0.691667 0.238021 0.307407
5 0.450781 0.568981 0.010937 0.034259
5 0.069010 0.830093 0.138021 0.337963
6 0.062500 0.741204 0.085417 0.384259
6 0.044531 0.747685 0.088021 0.393519
5 0.347656 0.855093 0.207813 0.287963
6 0.360677 0.774074 0.160938 0.450000
10 0.472135 0.498611 0.007812 0.026852