7 0.179167 0.535648 0.031250 0.119444
5 0.250781 0.561574 0.052604 0.099074
5 0.264323 0.562037 0.047396 0.079630
6 0.237500 0.602778 0.047917 0.137037
6 0.225260 0.642130 0.036979 0.215741
6 0.192708 0.653704 0.066667 0.211111
0 0.358854 0.532407 0.037500 0.027778
6 0.400781 0.528241 0.011979 0.036111
6 0.380990 0.529630 0.018229 0.027778
2 0.413542 0.530093 0.016667 0.039815
1 0.470313 0.499074 0.038542 0.037037
6 0.482812 0.500926 0.011458 0.018519
6 0.493229 0.486111 0.009375 0.051852
6 0.500521 0.487500 0.020833 0.052778
1 0.525521 0.506481 0.047917 0.074074
3 0.559635 0.515278 0.017188 0.021296
1 0.601042 0.507870 0.064583 0.076852
6 0.634115 0.525926 0.010937 0.024074
5 0.645833 0.555093 0.015625 0.041667
6 0.644792 0.540741 0.016667 0.053704
5 0.660417 0.544444 0.008333 0.024074
1 0.736979 0.511111 0.150000 0.137037
2 0.855990 0.556481 0.063021 0.074074
5 0.951562 0.594444 0.035417 0.061111
5 0.979948 0.600463 0.036979 0.067593
7 0.710417 0.519907 0.017708 0.036111
3 0.508854 0.538889 0.031250 0.053704
0 0.532031 0.542130 0.018229 0.043519
0 0.554948 0.537963 0.028646 0.035185
0 0.573958 0.550926 0.048958 0.057407
0 0.612240 0.592130 0.073438 0.126852
0 0.517708 0.578241 0.026042 0.108333
5 0.540885 0.610648 0.030729 0.097222
6 0.540885 0.579630 0.029687 0.114815
5 0.566927 0.638426 0.047396 0.152778
6 0.567448 0.598148 0.054688 0.159259
0 0.467448 0.603241 0.106771 0.197222
0 0.740885 0.663889 0.244271 0.262963
0 0.353125 0.713426 0.250000 0.349074
5 0.224219 0.703241 0.090104 0.208333
9 0.519792 0.329630 0.002083 0.005556
9 0.552083 0.322222 0.003125 0.003704
9 0.561979 0.328241 0.003125 0.006481
9 0.545312 0.334259 0.003125 0.005556
9 0.549479 0.332870 0.002083 0.004630
9 0.535677 0.354167 0.002604 0.004630
9 0.534896 0.358796 0.003125 0.004630
9 0.533073 0.369444 0.002604 0.003704
9 0.532292 0.372685 0.003125 0.002778
9 0.531510 0.379630 0.002604 0.003704
9 0.530208 0.384722 0.004167 0.004630
9 0.528646 0.388889 0.003125 0.003704
9 0.528385 0.393056 0.003646 0.004630
9 0.526302 0.400000 0.002604 0.007407
9 0.522656 0.405556 0.002604 0.003704
9 0.521094 0.407407 0.002604 0.003704