1 0.489063 0.550000 0.012500 0.031481
1 0.529427 0.549537 0.023438 0.058333
1 0.587760 0.535185 0.099479 0.172222
10 0.678125 0.481944 0.021875 0.034259
5 0.517708 0.572222 0.007292 0.020370
6 0.518229 0.561574 0.008333 0.028704
5 0.511458 0.572685 0.009375 0.019444
6 0.511198 0.562037 0.011979 0.029630
5 0.473698 0.588426 0.019271 0.045370
6 0.473698 0.575926 0.017188 0.050000
6 0.470313 0.572685 0.019792 0.050926
5 0.826042 0.580556 0.031250 0.038889
0 0.718490 0.655093 0.197396 0.234259
5 0.985677 0.616204 0.025521 0.084259
6 0.990885 0.588889 0.016146 0.087037
10 0.477083 0.551389 0.012500 0.019444