5 0.339323 0.578704 0.028646 0.029630
6 0.338542 0.571296 0.009375 0.040741
6 0.331510 0.568981 0.010937 0.041667
6 0.335677 0.567130 0.006771 0.036111
7 0.384375 0.572685 0.008333 0.047222
7 0.395313 0.585185 0.007292 0.035185
7 0.399740 0.575000 0.009896 0.051852
7 0.412760 0.572685 0.008854 0.060185
7 0.408073 0.575926 0.011979 0.066667
7 0.425000 0.576389 0.011458 0.062037
7 0.444531 0.571759 0.009896 0.060185
7 0.433333 0.551389 0.005208 0.023148
7 0.436719 0.572222 0.011979 0.053704
0 0.474219 0.556481 0.008854 0.011111
0 0.505469 0.547685 0.013021 0.012037
7 0.502865 0.544444 0.004687 0.009259
7 0.539062 0.561574 0.011458 0.043519
7 0.532292 0.585648 0.036458 0.108333
7 0.531771 0.683333 0.065625 0.194444
6 0.499740 0.574074 0.010937 0.035185
6 0.519792 0.677315 0.072917 0.260185
5 0.575521 0.620370 0.033333 0.066667
6 0.580208 0.648611 0.037500 0.219444
6 0.583073 0.660648 0.043229 0.228704
6 0.591406 0.756481 0.031771 0.390741
6 0.654167 0.747685 0.140625 0.397222
6 0.664583 0.777778 0.173958 0.442593
5 0.676302 0.862037 0.188021 0.275926
0 0.688802 0.571759 0.131771 0.141667
7 0.676042 0.607407 0.052083 0.150000
7 0.716146 0.633333 0.046875 0.179630
7 0.766667 0.656481 0.071875 0.281481
6 0.853125 0.626389 0.082292 0.199074
5 0.861719 0.800000 0.218229 0.207407
4 0.873177 0.656019 0.253646 0.462037
6 0.856771 0.783796 0.161458 0.432407
5 0.842708 0.913889 0.313542 0.172222
5 0.520312 0.722685 0.080208 0.206481
5 0.468750 0.675926 0.046875 0.148148
7 0.488542 0.566204 0.025000 0.078704
7 0.472135 0.565278 0.007812 0.023148
5 0.470573 0.675463 0.049479 0.145370
6 0.466667 0.627778 0.042708 0.164815
7 0.463281 0.562500 0.024479 0.043519
0 0.303906 0.594444 0.027604 0.081481
0 0.300521 0.600926 0.025000 0.075926
3 0.307031 0.649074 0.040104 0.096296
4 0.150521 0.500463 0.300000 0.999074