0 0.525521 0.549074 0.012500 0.012963
7 0.518750 0.554630 0.005208 0.029630
7 0.526563 0.550000 0.006250 0.022222
7 0.553906 0.565741 0.011979 0.046296
0 0.319792 0.593519 0.037500 0.083333
0 0.315365 0.598611 0.031771 0.071296
3 0.322135 0.654630 0.045312 0.092593
4 0.156510 0.500926 0.311979 0.998148
7 0.361719 0.570370 0.007812 0.046296
5 0.404167 0.578704 0.025000 0.029630
6 0.404427 0.569444 0.009896 0.035185
6 0.399479 0.568056 0.009375 0.032407
7 0.415625 0.583796 0.005208 0.034259
7 0.417448 0.575000 0.007812 0.050000
7 0.419792 0.576852 0.009375 0.048148
7 0.432292 0.567593 0.011458 0.050000
7 0.452865 0.560648 0.007812 0.023148
7 0.462500 0.586574 0.011458 0.063889
3 0.505208 0.553241 0.007292 0.013889
7 0.514062 0.569444 0.010417 0.031481
7 0.515625 0.549537 0.004167 0.008333
7 0.515104 0.597685 0.013542 0.041667
7 0.502865 0.583796 0.016146 0.065741
6 0.528385 0.573611 0.010937 0.037963
7 0.555208 0.559259 0.012500 0.040741
7 0.566667 0.599537 0.036458 0.156481
5 0.597656 0.625463 0.027604 0.065741
7 0.615365 0.621296 0.031771 0.200000
0 0.697917 0.584722 0.107292 0.165741
7 0.761719 0.582407 0.026562 0.105556
4 0.891667 0.637500 0.216667 0.430556
6 0.995313 0.725926 0.008333 0.100000
5 0.963281 0.914352 0.073438 0.171296
7 0.821094 0.708333 0.064062 0.311111
7 0.904167 0.683796 0.115625 0.358333
5 0.815885 0.895370 0.281771 0.205556
6 0.697917 0.776389 0.053125 0.447222
6 0.752344 0.766667 0.123438 0.462963
6 0.821875 0.780093 0.206250 0.439815
5 0.549479 0.739352 0.075000 0.206481
5 0.649479 0.783796 0.094792 0.291667
6 0.627865 0.694907 0.078646 0.319444
6 0.647917 0.714815 0.097917 0.342593
6 0.529687 0.573611 0.011458 0.030556
6 0.544271 0.683333 0.075000 0.274074
6 0.553906 0.690741 0.065104 0.188889
7 0.473698 0.561111 0.014063 0.035185
5 0.487760 0.680556 0.050521 0.150000
6 0.489323 0.631481 0.051562 0.164815
7 0.441406 0.636574 0.036979 0.189815