5 0.543490 0.528241 0.002604 0.006481
3 0.554427 0.522685 0.005729 0.010185
4 0.588281 0.530093 0.040104 0.082407
6 0.543229 0.525463 0.004167 0.008333
0 0.551302 0.531481 0.008854 0.012963
5 0.515885 0.546759 0.004687 0.012037
6 0.516146 0.539815 0.007292 0.020370
5 0.499740 0.547685 0.005729 0.015741
6 0.498958 0.540278 0.005208 0.019444
5 0.477083 0.553704 0.007292 0.018519
6 0.476823 0.545370 0.009896 0.027778
5 0.484115 0.559259 0.009896 0.024074
6 0.484896 0.548611 0.009375 0.036111
0 0.620313 0.556019 0.011458 0.032407
5 0.683594 0.572222 0.010937 0.027778
6 0.684896 0.558333 0.010417 0.029630
1 0.650781 0.546759 0.061979 0.087963
5 0.967187 0.632870 0.051042 0.091667
6 0.967187 0.603241 0.032292 0.095370
5 0.226562 0.632407 0.048958 0.088889
6 0.235156 0.606944 0.023438 0.113889
6 0.220312 0.599074 0.038542 0.101852
5 0.162760 0.631019 0.025521 0.043519
7 0.757031 0.562963 0.011979 0.027778
10 0.809635 0.591667 0.008854 0.018519