2 0.135677 0.695370 0.270313 0.575926
0 0.434375 0.779630 0.330208 0.437037
5 0.302083 0.593519 0.027083 0.101852
7 0.390885 0.553241 0.014063 0.032407
7 0.399479 0.550000 0.016667 0.029630
7 0.409635 0.545833 0.009896 0.032407
7 0.423438 0.545833 0.014583 0.034259
7 0.434115 0.549537 0.009896 0.032407
6 0.456510 0.551389 0.007812 0.025000
1 0.516146 0.516667 0.026042 0.033333
6 0.527083 0.505093 0.012500 0.049074
6 0.530729 0.507870 0.014583 0.049074
6 0.516667 0.517593 0.008333 0.024074
3 0.532813 0.531944 0.026042 0.025000
6 0.563802 0.563426 0.016146 0.060185
1 0.572917 0.532407 0.058333 0.109259
5 0.566927 0.573611 0.011979 0.050926
1 0.607552 0.531019 0.011979 0.017593
1 0.638802 0.526389 0.014063 0.015741
4 0.654167 0.531019 0.027083 0.030556
0 0.656510 0.539352 0.017188 0.025000
3 0.682292 0.517593 0.021875 0.011111
1 0.723698 0.536111 0.061979 0.090741
0 0.686458 0.534259 0.046875 0.033333
0 0.635156 0.542130 0.024479 0.021296
0 0.611458 0.537963 0.013542 0.011111
7 0.609115 0.531944 0.006771 0.012037
2 0.765104 0.535648 0.047917 0.021296
2 0.808333 0.552778 0.035417 0.048148
6 0.830208 0.554630 0.016667 0.037037
6 0.840625 0.558796 0.017708 0.036111
0 0.770312 0.580093 0.081250 0.089815
2 0.903385 0.547222 0.054688 0.038889
6 0.896615 0.549074 0.020313 0.044444
7 0.939844 0.562037 0.016146 0.029630
5 0.978125 0.610185 0.026042 0.053704
6 0.967448 0.563889 0.041146 0.072222
2 0.984635 0.576389 0.030729 0.071296
0 0.994792 0.579630 0.010417 0.083333
0 0.992448 0.633333 0.015104 0.100000
0 0.587500 0.571759 0.026042 0.065741
0 0.612760 0.588889 0.063021 0.101852
0 0.675521 0.620370 0.119792 0.157407
0 0.858854 0.731481 0.282292 0.340741
0 0.553385 0.586574 0.034896 0.095370
0 0.506771 0.575463 0.093750 0.110185