6 0.542969 0.556944 0.007812 0.032407
5 0.542188 0.573611 0.012500 0.039815
6 0.542188 0.561574 0.009375 0.036111
5 0.531510 0.574074 0.016146 0.042593
2 0.589844 0.608333 0.058854 0.150000
5 0.560937 0.674537 0.046875 0.139815
6 0.560937 0.625463 0.044792 0.163889
7 0.526302 0.557407 0.007812 0.037037
7 0.518490 0.567130 0.008854 0.050926
7 0.512760 0.562037 0.006771 0.027778
5 0.515365 0.592593 0.017188 0.059259
7 0.484375 0.583333 0.012500 0.081481
7 0.453646 0.565741 0.014583 0.094444
7 0.440104 0.574074 0.009375 0.083333
7 0.434635 0.573148 0.009896 0.088889
5 0.469531 0.635648 0.029687 0.086111
5 0.449479 0.645833 0.031250 0.104630
5 0.177604 0.844444 0.194792 0.311111
5 0.402865 0.684722 0.054688 0.158333
7 0.327865 0.596296 0.034896 0.172222
7 0.287240 0.613426 0.034896 0.199074
7 0.289583 0.574537 0.027083 0.093519
7 0.256510 0.627315 0.035937 0.232407
5 0.350521 0.716667 0.087500 0.248148
5 0.305729 0.787963 0.104167 0.262963
4 0.706771 0.671296 0.246875 0.357407