7 0.360677 0.568981 0.008854 0.049074
5 0.401302 0.578241 0.027604 0.030556
6 0.401302 0.568519 0.008854 0.033333
6 0.396094 0.568519 0.007812 0.031481
7 0.417969 0.574074 0.006771 0.051852
7 0.415365 0.583333 0.004687 0.037037
7 0.420052 0.575463 0.006771 0.050926
7 0.433854 0.568981 0.013542 0.045370
7 0.451823 0.559722 0.007812 0.023148
7 0.462760 0.584722 0.014063 0.060185
0 0.523958 0.548611 0.012500 0.013889
7 0.517708 0.555556 0.005208 0.031481
7 0.526823 0.550926 0.006771 0.022222
7 0.509635 0.553241 0.006771 0.013889
7 0.515885 0.551389 0.005729 0.010185
7 0.514062 0.569444 0.009375 0.035185
7 0.514323 0.596296 0.015104 0.042593
7 0.501823 0.581481 0.017188 0.062963
7 0.475781 0.561574 0.016146 0.034259
7 0.492969 0.565741 0.006771 0.029630
5 0.488802 0.680556 0.050521 0.151852
6 0.489063 0.632870 0.047917 0.171296
5 0.547135 0.737500 0.068229 0.204630
6 0.528385 0.575000 0.010937 0.037037
6 0.545573 0.683333 0.078646 0.272222
6 0.554948 0.690278 0.059896 0.191667
7 0.554688 0.554630 0.009375 0.027778
5 0.594010 0.622222 0.033854 0.074074
0 0.699479 0.578704 0.106250 0.153704
4 0.891146 0.641204 0.217708 0.434259
7 0.817187 0.643056 0.058333 0.186111
7 0.902344 0.672222 0.117188 0.335185
6 0.989583 0.719907 0.017708 0.136111
5 0.954688 0.912037 0.089583 0.175926
5 0.811979 0.897222 0.280208 0.205556
7 0.759896 0.586574 0.030208 0.117593
6 0.818229 0.780556 0.204167 0.435185
6 0.750000 0.766667 0.127083 0.466667
6 0.707292 0.775000 0.070833 0.446296
5 0.646354 0.783333 0.091667 0.292593
6 0.632812 0.694444 0.085417 0.322222
6 0.642969 0.716667 0.098437 0.340741
7 0.616146 0.638889 0.038542 0.235185
7 0.569531 0.598148 0.036979 0.151852
7 0.446094 0.636574 0.043229 0.189815
0 0.319271 0.593519 0.038542 0.083333
0 0.313802 0.601852 0.033854 0.077778
3 0.321094 0.653704 0.044271 0.094444
4 0.155990 0.500000 0.310937 0.998148
7 0.824479 0.783333 0.042708 0.198148