1 0.559896 0.518981 0.011458 0.025000
2 0.604167 0.527315 0.020833 0.017593
0 0.624740 0.535185 0.024479 0.016667
1 0.766927 0.494444 0.219271 0.179630
7 0.825260 0.528241 0.024479 0.041667
2 0.944271 0.572685 0.076042 0.087963
5 0.982552 0.626389 0.034896 0.099074
6 0.979167 0.597685 0.022917 0.113889
6 0.989583 0.601852 0.019792 0.116667
1 0.532292 0.513889 0.046875 0.075926
0 0.541667 0.552778 0.020833 0.050000
0 0.561458 0.558333 0.035417 0.064815
0 0.591667 0.569907 0.051042 0.097222
0 0.634115 0.622222 0.109896 0.166667
0 0.805208 0.725000 0.325000 0.348148
1 0.478385 0.500926 0.044271 0.029630
6 0.492708 0.503704 0.013542 0.025926
6 0.503385 0.489352 0.015104 0.047222
0 0.513281 0.581019 0.024479 0.097222
5 0.528906 0.613426 0.031771 0.112037
6 0.530990 0.590278 0.034896 0.126852
5 0.567969 0.640278 0.045312 0.139815
6 0.568229 0.600926 0.051042 0.151852
7 0.393490 0.533796 0.011979 0.041667
0 0.453125 0.622222 0.132292 0.227778
0 0.338542 0.543056 0.068750 0.037963
6 0.353906 0.547222 0.016146 0.035185
6 0.344531 0.549537 0.015104 0.032407
5 0.152865 0.581481 0.066146 0.135185
5 0.177344 0.558333 0.054688 0.064815
7 0.040625 0.540741 0.039583 0.164815
5 0.085417 0.650000 0.067708 0.168519
10 0.258333 0.437037 0.029167 0.098148
0 0.266406 0.776389 0.408854 0.445370
6 0.507031 0.493519 0.023438 0.053704
6 0.490625 0.507870 0.012500 0.017593
9 0.450000 0.059259 0.009375 0.009259
9 0.578385 0.315741 0.003646 0.005556
9 0.568490 0.304630 0.003646 0.005556
9 0.564323 0.321296 0.002604 0.003704
9 0.559635 0.320370 0.002604 0.003704
9 0.530990 0.316667 0.002604 0.005556
9 0.548698 0.345370 0.002604 0.003704
9 0.548177 0.350463 0.003646 0.004630
9 0.545833 0.362963 0.002083 0.003704
9 0.545052 0.367130 0.002604 0.004630
9 0.544271 0.374537 0.002083 0.002778
9 0.543229 0.378704 0.003125 0.003704
9 0.542188 0.381481 0.003125 0.003704
9 0.541146 0.385185 0.003125 0.003704
9 0.539844 0.390278 0.003646 0.006481
9 0.537760 0.396759 0.002604 0.004630
9 0.533073 0.406019 0.003646 0.004630
9 0.520833 0.399074 0.002083 0.003704