7 0.682031 0.501389 0.005729 0.013889
7 0.684896 0.500926 0.004167 0.009259
7 0.670573 0.514352 0.006771 0.028704
0 0.684115 0.511111 0.009896 0.011111
6 0.689583 0.510185 0.008333 0.012963
7 0.706771 0.506481 0.005208 0.009259
0 0.707812 0.512500 0.015625 0.012037
0 0.706250 0.520370 0.016667 0.014815
7 0.732292 0.516204 0.007292 0.021296
7 0.730729 0.527315 0.008333 0.021296
7 0.738542 0.518981 0.007292 0.015741
0 0.738281 0.530556 0.010937 0.018519
7 0.777344 0.503241 0.009896 0.013889
7 0.746094 0.519907 0.014063 0.043519
7 0.721615 0.533796 0.014063 0.056481
7 0.714844 0.545370 0.020313 0.050000
4 0.848698 0.456019 0.133854 0.126852
7 0.756510 0.511111 0.010937 0.025926
2 0.800781 0.572222 0.093229 0.135185
4 0.630729 0.515741 0.058333 0.031481
7 0.635677 0.522222 0.007812 0.011111
7 0.628125 0.522685 0.008333 0.010185
7 0.528125 0.506019 0.011458 0.013889
7 0.517448 0.516204 0.017188 0.049074
0 0.466406 0.542593 0.130729 0.109259
7 0.342187 0.553704 0.025000 0.031481
7 0.482812 0.617593 0.059375 0.222222
7 0.334115 0.611111 0.040104 0.118519
7 0.289062 0.764815 0.093750 0.470370
7 0.015885 0.610185 0.030729 0.192593
7 0.050000 0.849537 0.097917 0.299074
7 0.349479 0.777778 0.086458 0.435185
7 0.425781 0.768519 0.174479 0.461111
5 0.818490 0.591204 0.016146 0.049074
6 0.811458 0.546759 0.031250 0.065741
5 0.809635 0.643981 0.022396 0.100926
6 0.803906 0.573148 0.030729 0.124074
7 0.753385 0.552778 0.020313 0.057407
7 0.742969 0.604630 0.039062 0.138889
7 0.801042 0.681944 0.054167 0.325000
7 0.769531 0.661574 0.045312 0.276852
7 0.909896 0.528241 0.018750 0.050926
7 0.869271 0.542130 0.016667 0.039815
7 0.848177 0.667593 0.059896 0.337037
7 0.958854 0.555556 0.038542 0.133333
7 0.977865 0.628704 0.041146 0.348148
7 0.929167 0.661111 0.087500 0.612963
0 0.639323 0.756481 0.329688 0.483333
7 0.906250 0.746759 0.129167 0.502778
7 0.543490 0.834722 0.196354 0.328704