4 0.510156 0.506019 0.010937 0.021296
7 0.498958 0.512963 0.004167 0.014815
3 0.524479 0.511111 0.005208 0.009259
5 0.523958 0.514815 0.003125 0.009259
6 0.523698 0.511574 0.003646 0.006481
3 0.533073 0.508333 0.006771 0.009259
3 0.530469 0.512500 0.010937 0.006481
0 0.531250 0.520370 0.012500 0.018519
0 0.569792 0.517130 0.010417 0.015741
3 0.555729 0.506481 0.016667 0.029630
5 0.629427 0.532870 0.007812 0.021296
6 0.629427 0.528241 0.008854 0.023148
5 0.980729 0.607870 0.037500 0.078704
6 0.982031 0.586574 0.024479 0.097222
1 0.594531 0.525000 0.041146 0.050000
5 0.504948 0.520370 0.003646 0.009259
6 0.505208 0.514815 0.005208 0.012963
7 0.502083 0.521296 0.004167 0.018519
5 0.515104 0.520833 0.005208 0.008333
6 0.516146 0.515278 0.004167 0.012037
5 0.518490 0.528241 0.006771 0.015741
6 0.519010 0.523611 0.006771 0.023148
0 0.540885 0.552778 0.036979 0.055556
5 0.495052 0.529630 0.004687 0.007407
6 0.493229 0.527778 0.006250 0.014815
7 0.188802 0.554630 0.016146 0.046296
7 0.117969 0.566204 0.008854 0.025000
5 0.489583 0.564352 0.013542 0.041667
6 0.490625 0.550000 0.017708 0.048148
5 0.468229 0.574074 0.023958 0.059259
6 0.467969 0.557407 0.020313 0.068519
5 0.405469 0.641667 0.040104 0.111111
6 0.405208 0.600926 0.041667 0.138889
7 0.217188 0.539815 0.009375 0.020370
7 0.256771 0.546296 0.014583 0.072222
5 0.281250 0.560648 0.033333 0.056481
9 0.266406 0.678241 0.025521 0.039815
7 0.155208 0.553241 0.009375 0.047222
7 0.161458 0.546759 0.008333 0.028704
4 0.511979 0.499537 0.009375 0.019444
5 0.641667 0.529167 0.009375 0.019444
6 0.640104 0.513889 0.008333 0.016667
7 0.027604 0.549074 0.005208 0.031481