5 0.430208 0.550000 0.013542 0.042593
1 0.548438 0.525926 0.033333 0.059259
1 0.621615 0.500463 0.036979 0.017593
7 0.840625 0.578241 0.014583 0.069444
7 0.972396 0.611574 0.016667 0.104630
7 0.958073 0.609722 0.023438 0.112037
0 0.545573 0.549074 0.007812 0.035185
0 0.557031 0.554630 0.023438 0.044444
0 0.582031 0.580556 0.071354 0.100000
0 0.652083 0.584722 0.095833 0.106481
2 0.702604 0.542130 0.026042 0.019444
1 0.516667 0.509259 0.026042 0.014815
5 0.576302 0.623148 0.051562 0.131481
6 0.573698 0.593519 0.039062 0.148148
6 0.581250 0.590278 0.048958 0.132407
0 0.717448 0.714352 0.256771 0.336111
0 0.353646 0.628704 0.145833 0.207407
0 0.492188 0.593056 0.103125 0.173148
5 0.091667 0.783333 0.150000 0.320370
2 0.045573 0.556944 0.091146 0.123148
6 0.122656 0.692130 0.071354 0.345370
6 0.073958 0.723611 0.146875 0.354630
4 0.608333 0.516667 0.063542 0.051852
6 0.115104 0.705556 0.071875 0.350000
6 0.399740 0.537037 0.010937 0.029630
7 0.843229 0.571296 0.007292 0.064815