3 0.512240 0.549537 0.003646 0.013889
1 0.559375 0.533333 0.034375 0.062963
0 0.521094 0.549537 0.018229 0.032407
0 0.573177 0.556019 0.040104 0.056481
5 0.528906 0.562037 0.010937 0.033333
6 0.530469 0.550000 0.013021 0.040741
5 0.504687 0.575926 0.018750 0.042593
6 0.504948 0.555093 0.019271 0.054630
6 0.503385 0.553241 0.019271 0.054630
5 0.482031 0.628704 0.039062 0.098148
6 0.481510 0.588889 0.038021 0.135185
5 0.294271 0.654167 0.052083 0.123148
6 0.262240 0.627778 0.025521 0.172222
6 0.302604 0.635185 0.058333 0.151852
3 0.603385 0.542130 0.009896 0.015741
4 0.766146 0.498148 0.150000 0.159259
0 0.764323 0.629167 0.190104 0.195370
10 0.463542 0.522222 0.006250 0.012963