7 0.383854 0.575000 0.012500 0.053704
7 0.372917 0.576852 0.011458 0.046296
7 0.373958 0.587037 0.007292 0.031481
7 0.397135 0.560648 0.009896 0.019444
7 0.404687 0.561574 0.008333 0.032407
7 0.438021 0.554630 0.008333 0.016667
7 0.434896 0.572685 0.008333 0.049074
7 0.427083 0.570370 0.010417 0.051852
7 0.416406 0.549074 0.010937 0.014815
0 0.455469 0.550926 0.014063 0.014815
7 0.455208 0.562963 0.006250 0.031481
7 0.450260 0.562500 0.007812 0.034259
7 0.442448 0.563426 0.011979 0.037963
7 0.444531 0.593981 0.021354 0.075000
7 0.447396 0.584259 0.014583 0.044444
7 0.397656 0.602778 0.025521 0.077778
7 0.277865 0.575000 0.011979 0.046296
5 0.353385 0.651389 0.035937 0.093519
6 0.352865 0.615278 0.034896 0.091667
6 0.358594 0.585648 0.013021 0.041667
6 0.352865 0.622222 0.036979 0.109259
8 0.268490 0.595833 0.021354 0.034259
6 0.266146 0.578704 0.017708 0.050000
5 0.289583 0.598611 0.020833 0.047222
6 0.288802 0.583333 0.019271 0.055556
0 0.189062 0.576852 0.076042 0.035185
0 0.171354 0.625000 0.108333 0.101852
7 0.246354 0.625000 0.029167 0.188889
7 0.235417 0.635648 0.042708 0.210185
7 0.214844 0.647685 0.022396 0.143519
7 0.209896 0.660648 0.030208 0.145370
3 0.177865 0.674074 0.067187 0.114815
7 0.136198 0.614352 0.026562 0.106481
4 0.067187 0.541204 0.134375 0.915741
5 0.417448 0.716667 0.064062 0.175926
6 0.420312 0.689815 0.054167 0.275926
5 0.490885 0.843519 0.121354 0.311111
6 0.461458 0.659259 0.037500 0.174074
6 0.465625 0.770833 0.060417 0.428704
6 0.479167 0.768056 0.032292 0.321296
7 0.501563 0.597222 0.012500 0.024074
0 0.644531 0.606944 0.134896 0.200926
7 0.527344 0.758333 0.143229 0.483333
4 0.894271 0.703241 0.208333 0.591667
7 0.728385 0.730093 0.126562 0.539815
7 0.848958 0.740741 0.196875 0.516667
7 0.964583 0.759259 0.067708 0.107407
7 0.973437 0.781944 0.050000 0.428704
7 0.359635 0.572222 0.009896 0.035185