13 0.369010 0.390278 0.016146 0.100926
5 0.633073 0.518981 0.011979 0.025000
5 0.603125 0.550926 0.021875 0.051852
6 0.602604 0.539352 0.018750 0.056481
5 0.559896 0.563889 0.026042 0.051852
6 0.559115 0.537963 0.017188 0.042593
5 0.577865 0.590741 0.057813 0.085185
6 0.579948 0.571296 0.028646 0.094444
0 0.873958 0.503241 0.021875 0.036111
0 0.887500 0.513889 0.020833 0.042593
5 0.851042 0.536111 0.018750 0.042593
6 0.852344 0.520833 0.019271 0.050926
0 0.964844 0.513889 0.020313 0.048148
6 0.956250 0.518056 0.011458 0.045370
5 0.955990 0.528241 0.013021 0.050926
4 0.923177 0.512037 0.064062 0.131481
1 0.985417 0.499074 0.027083 0.220370
5 0.075781 0.930093 0.149479 0.136111
6 0.069531 0.963889 0.138021 0.070370