3 0.465365 0.554167 0.006771 0.019444
0 0.455208 0.554167 0.015625 0.023148
7 0.468490 0.551389 0.008854 0.030556
7 0.472917 0.545833 0.005208 0.021296
7 0.477344 0.546759 0.004687 0.023148
6 0.480990 0.560185 0.009896 0.048148
6 0.480208 0.565278 0.019792 0.063889
5 0.480469 0.578241 0.016146 0.047222
6 0.513281 0.549074 0.017188 0.038889
5 0.518490 0.565741 0.019271 0.044444
2 0.522396 0.544907 0.027083 0.075000
5 0.550000 0.565741 0.023958 0.053704
5 0.612240 0.582407 0.028646 0.079630
7 0.587500 0.523148 0.021875 0.038889
5 0.655469 0.580093 0.071354 0.095370
7 0.584375 0.638889 0.067708 0.251852
7 0.689583 0.654630 0.050000 0.233333
7 0.724219 0.631944 0.044271 0.250926
7 0.746875 0.637500 0.025000 0.156481
7 0.758333 0.644907 0.038542 0.171296
7 0.794271 0.633333 0.050000 0.248148
7 0.840625 0.649074 0.037500 0.187037
7 0.821094 0.685648 0.057813 0.236111
7 0.922135 0.625000 0.046354 0.255556
7 0.935156 0.557407 0.034896 0.244444
7 0.944271 0.643056 0.061458 0.375000
5 0.488542 0.598611 0.017708 0.067593
6 0.489844 0.575000 0.019271 0.087037
5 0.500781 0.608796 0.038021 0.113889
6 0.503906 0.583333 0.035937 0.107407
7 0.439844 0.557870 0.006771 0.032407
7 0.432812 0.562037 0.011458 0.044444
7 0.437240 0.561574 0.008854 0.043519
7 0.446094 0.566667 0.013021 0.066667
7 0.422135 0.542130 0.016146 0.039815
7 0.405469 0.545833 0.008854 0.021296
7 0.413542 0.546759 0.010417 0.023148
7 0.430208 0.590741 0.018750 0.085185
7 0.417448 0.590741 0.021354 0.096296
7 0.402344 0.553241 0.006771 0.017593
7 0.408594 0.556944 0.005729 0.013889
7 0.405990 0.569444 0.011979 0.040741
7 0.399479 0.613426 0.028125 0.126852
7 0.374740 0.599074 0.029687 0.114815
7 0.376823 0.638426 0.027604 0.112037
7 0.324219 0.569444 0.022396 0.061111
7 0.312240 0.571296 0.014063 0.072222
0 0.269792 0.578704 0.040625 0.074074
7 0.261458 0.581944 0.021875 0.113889
7 0.240885 0.584722 0.016146 0.078704
7 0.295573 0.568519 0.018229 0.061111
5 0.323698 0.592130 0.044271 0.058333
6 0.283594 0.626389 0.042188 0.169444
5 0.309115 0.638426 0.065104 0.097222
5 0.302344 0.677315 0.075521 0.180556
7 0.353385 0.640741 0.047396 0.207407
7 0.086458 0.680093 0.056250 0.228704