5 0.070312 0.724537 0.137500 0.397222
5 0.122917 0.932407 0.245833 0.135185
5 0.856250 0.840741 0.227083 0.318519
6 0.844271 0.775000 0.183333 0.448148
9 0.935417 0.796759 0.035417 0.108333
8 0.904687 0.665741 0.031250 0.068519
5 0.904427 0.585185 0.020313 0.057407
0 0.937500 0.594444 0.037500 0.053704
7 0.913021 0.621759 0.022917 0.104630
7 0.908333 0.616204 0.016667 0.095370
5 0.764062 0.600463 0.051042 0.084259
5 0.718490 0.596759 0.058854 0.067593
5 0.633854 0.606944 0.042708 0.080556
6 0.624740 0.577315 0.015104 0.082407
6 0.637760 0.580093 0.028646 0.091667
5 0.596875 0.592130 0.025000 0.056481
5 0.576042 0.610648 0.036458 0.076852
6 0.572917 0.582407 0.029167 0.090741