13 0.521875 0.475463 0.009375 0.006481
13 0.532813 0.497222 0.003125 0.020370
10 0.550781 0.507407 0.011979 0.018519
4 0.597396 0.537500 0.019792 0.025000
5 0.762240 0.577315 0.014063 0.034259
7 0.756250 0.578241 0.009375 0.060185
6 0.773438 0.581944 0.016667 0.058333
5 0.774479 0.594444 0.013542 0.038889
5 0.785677 0.610185 0.022396 0.042593
5 0.744792 0.601389 0.012500 0.045370
1 0.675521 0.547222 0.143750 0.194444
1 0.889323 0.577778 0.221354 0.346296
0 0.512240 0.543056 0.016146 0.026852
5 0.517188 0.547685 0.006250 0.021296
5 0.522917 0.555093 0.011458 0.028704
6 0.516927 0.538889 0.007812 0.018519
6 0.523958 0.546759 0.009375 0.026852
6 0.495833 0.543981 0.003125 0.010185
5 0.496354 0.549074 0.004167 0.011111
6 0.491667 0.541204 0.007292 0.019444
5 0.491667 0.549537 0.006250 0.013889
6 0.479167 0.543056 0.005208 0.019444
5 0.480208 0.546759 0.007292 0.013889
6 0.474479 0.542593 0.008333 0.024074
5 0.473958 0.547685 0.008333 0.019444
6 0.429688 0.553704 0.011458 0.042593
5 0.435937 0.578241 0.020833 0.058333
6 0.434896 0.564815 0.018750 0.070370
5 0.218490 0.714352 0.095312 0.221296
6 0.224740 0.661574 0.071354 0.228704
10 0.422917 0.519907 0.012500 0.013889
2 0.485156 0.542593 0.008854 0.022222
4 0.568229 0.534722 0.018750 0.026852
6 0.749479 0.566204 0.012500 0.039815
6 0.780208 0.578241 0.005208 0.026852