1 0.498437 0.514352 0.012500 0.012037
3 0.527083 0.512500 0.008333 0.017593
4 0.484896 0.518056 0.009375 0.015741
5 0.589323 0.542593 0.008854 0.020370
6 0.590104 0.536111 0.009375 0.029630
6 0.476823 0.520833 0.003646 0.008333
6 0.485417 0.521296 0.006250 0.011111
6 0.481510 0.519444 0.004687 0.009259
3 0.460417 0.523611 0.007292 0.008333
0 0.498437 0.536574 0.022917 0.039815
0 0.476823 0.569907 0.057813 0.089815
5 0.421094 0.558333 0.013021 0.031481
6 0.420312 0.543519 0.013542 0.040741
7 0.356771 0.546296 0.011458 0.031481
5 0.186719 0.624074 0.047396 0.092593
6 0.188281 0.594907 0.038021 0.095370
3 0.387500 0.540741 0.027083 0.044444
0 0.144271 0.732870 0.287500 0.532407
3 0.601562 0.537500 0.011458 0.019444