7 0.303646 0.539815 0.022917 0.111111
6 0.402865 0.552315 0.025521 0.041667
1 0.506250 0.514352 0.040625 0.047222
1 0.567708 0.523611 0.056250 0.100926
6 0.437240 0.550926 0.010937 0.027778
6 0.519792 0.509259 0.014583 0.031481
6 0.518490 0.515741 0.011979 0.018519
6 0.534896 0.497685 0.017708 0.058333
6 0.535677 0.502315 0.019271 0.060185
1 0.601302 0.530556 0.017188 0.029630
1 0.634115 0.525926 0.049479 0.059259
0 0.681771 0.538889 0.041667 0.048148
9 0.597917 0.137037 0.006250 0.012963
9 0.655208 0.122222 0.005208 0.009259
9 0.668750 0.097685 0.007292 0.008333
9 0.673698 0.135185 0.008854 0.020370
9 0.689063 0.130093 0.004167 0.012037
9 0.653125 0.145370 0.004167 0.009259
9 0.661458 0.139815 0.003125 0.007407
9 0.652604 0.143519 0.004167 0.009259
9 0.637500 0.158796 0.005208 0.008333
9 0.632292 0.183796 0.005208 0.008333
9 0.629167 0.197685 0.004167 0.010185
9 0.626563 0.212963 0.006250 0.011111
9 0.619271 0.242130 0.005208 0.006481
9 0.617188 0.248611 0.004167 0.008333
9 0.613542 0.267593 0.004167 0.007407
9 0.611719 0.276852 0.005729 0.011111
9 0.608333 0.284259 0.005208 0.011111
9 0.606771 0.292593 0.005208 0.009259
9 0.603125 0.304630 0.005208 0.007407
9 0.600260 0.307870 0.004687 0.008333
9 0.598437 0.316204 0.004167 0.008333
9 0.596354 0.322685 0.005208 0.010185
9 0.592708 0.330556 0.004167 0.007407
9 0.587760 0.341204 0.006771 0.010185
9 0.584635 0.347222 0.004687 0.009259
3 0.544792 0.552778 0.026042 0.072222
0 0.574740 0.569907 0.031771 0.069444
0 0.600521 0.573611 0.051042 0.076852
0 0.627865 0.568519 0.058854 0.053704
0 0.685937 0.631019 0.100000 0.162037
1 0.816667 0.500000 0.231250 0.190741
5 0.955469 0.592130 0.045312 0.052778
7 0.969271 0.598611 0.018750 0.097222
7 0.988802 0.596759 0.021354 0.102778
5 0.598437 0.643981 0.041667 0.121296
6 0.596615 0.604630 0.041146 0.142593
5 0.624219 0.680093 0.053646 0.152778
6 0.627344 0.638889 0.068229 0.212963
0 0.841406 0.726389 0.317188 0.339815
0 0.551823 0.592593 0.020313 0.109259
0 0.498958 0.625000 0.112500 0.209259
0 0.426302 0.779167 0.301563 0.441667