5 0.008594 0.554167 0.015104 0.087963
5 0.105729 0.555556 0.057292 0.079630
5 0.274479 0.558796 0.034375 0.050926
2 0.339062 0.536111 0.033333 0.042593
0 0.379948 0.534259 0.040104 0.050000
7 0.402604 0.544444 0.011458 0.037037
7 0.415625 0.530556 0.007292 0.018519
0 0.433854 0.539815 0.046875 0.031481
5 0.447656 0.558333 0.016146 0.038889
6 0.446875 0.545370 0.014583 0.048148
0 0.458333 0.531019 0.013542 0.021296
4 0.523698 0.525000 0.019271 0.040741
3 0.497656 0.512037 0.009896 0.009259
5 0.470313 0.535185 0.010417 0.020370
6 0.471875 0.530093 0.009375 0.026852
2 0.498958 0.574537 0.061458 0.126852
0 0.607292 0.534259 0.020833 0.025926
3 0.545052 0.523611 0.015104 0.028704
3 0.557031 0.523148 0.022396 0.033333
3 0.577604 0.534259 0.018750 0.022222
0 0.607812 0.533796 0.020833 0.025000
0 0.627344 0.533796 0.020313 0.021296
5 0.624479 0.544907 0.009375 0.021296
6 0.624479 0.538426 0.008333 0.025000
7 0.631510 0.530093 0.005729 0.015741
5 0.635938 0.547222 0.016667 0.025926
6 0.633854 0.543056 0.008333 0.025000
7 0.645312 0.538426 0.004167 0.023148
7 0.647656 0.541204 0.004687 0.019444
4 0.668490 0.526389 0.029687 0.034259
5 0.667708 0.554630 0.011458 0.027778
6 0.665365 0.547685 0.004687 0.032407
6 0.668750 0.547222 0.009375 0.031481
5 0.684115 0.537963 0.017188 0.022222
5 0.688802 0.538889 0.016146 0.020370
6 0.712500 0.543981 0.008333 0.015741
0 0.798698 0.575000 0.066146 0.077778
5 0.919792 0.548611 0.009375 0.021296
5 0.935677 0.555556 0.018229 0.035185
5 0.955208 0.555556 0.027083 0.044444
5 0.970833 0.559722 0.034375 0.049074
5 0.949219 0.576852 0.035937 0.048148
0 0.904427 0.590741 0.091146 0.085185
0 0.740625 0.603241 0.088542 0.108333
0 0.361458 0.624074 0.119792 0.164815
10 0.599479 0.466204 0.020833 0.034259