0 0.524219 0.547222 0.014063 0.012963
7 0.526042 0.549074 0.007292 0.020370
7 0.518750 0.556944 0.007292 0.028704
7 0.507031 0.560185 0.006771 0.035185
7 0.497135 0.555093 0.011979 0.028704
7 0.513542 0.573148 0.012500 0.040741
7 0.502604 0.584722 0.016667 0.073148
7 0.515885 0.602315 0.015104 0.050926
7 0.489063 0.555556 0.003125 0.016667
7 0.492448 0.563426 0.006771 0.023148
7 0.467448 0.551852 0.005729 0.016667
7 0.452604 0.571296 0.011458 0.051852
7 0.462760 0.587037 0.016146 0.062963
7 0.476302 0.562037 0.011979 0.035185
7 0.553646 0.566204 0.011458 0.047222
7 0.574740 0.638889 0.034896 0.238889
5 0.597917 0.618519 0.034375 0.085185
0 0.699479 0.583796 0.119792 0.165741
7 0.623437 0.592593 0.035417 0.138889
6 0.636198 0.699537 0.098437 0.325000
6 0.648958 0.714815 0.101042 0.348148
4 0.891667 0.637037 0.215625 0.433333
7 0.911458 0.688426 0.117708 0.367593
7 0.828906 0.700000 0.066146 0.305556
6 0.701562 0.776852 0.050000 0.446296
6 0.761458 0.766204 0.131250 0.467593
6 0.829688 0.780556 0.210417 0.438889
5 0.647656 0.789815 0.092188 0.298148
5 0.822396 0.900463 0.288542 0.197222
5 0.967969 0.916667 0.063021 0.164815
4 0.155990 0.500463 0.310937 0.999074
0 0.317969 0.596296 0.038021 0.081481
0 0.311719 0.597685 0.030729 0.071296
3 0.321875 0.650926 0.044792 0.094444
7 0.362760 0.570833 0.011979 0.045370
5 0.407292 0.578241 0.021875 0.026852
6 0.409115 0.568519 0.008854 0.037037
6 0.404427 0.566667 0.008854 0.035185
7 0.417708 0.577315 0.012500 0.047222
7 0.420573 0.575000 0.009896 0.053704
7 0.430208 0.562037 0.007292 0.016667
7 0.437500 0.637963 0.040625 0.198148
5 0.488802 0.680556 0.054688 0.153704
6 0.488802 0.632870 0.047396 0.167593
5 0.547396 0.732870 0.073958 0.215741
6 0.543750 0.683796 0.078125 0.275000
6 0.527604 0.575000 0.013542 0.038889
6 0.554948 0.693981 0.065104 0.191667
7 0.764583 0.586574 0.028125 0.119444