7 0.279167 0.616667 0.042708 0.137037
7 0.258854 0.628704 0.056250 0.140741
7 0.227865 0.633796 0.041146 0.147222
7 0.209896 0.640741 0.023958 0.138889
7 0.192448 0.678241 0.035937 0.289815
7 0.116406 0.691204 0.058854 0.293519
7 0.140625 0.690278 0.085417 0.356481
7 0.171875 0.695833 0.084375 0.371296
7 0.056771 0.675000 0.067708 0.359259
5 0.063542 0.706019 0.094792 0.221296
7 0.360677 0.649074 0.066146 0.307407
7 0.324219 0.668056 0.053646 0.252778
7 0.392708 0.519444 0.011458 0.031481
7 0.414323 0.517593 0.013021 0.035185
7 0.429427 0.521759 0.011979 0.023148
7 0.422917 0.528704 0.009375 0.011111
7 0.427604 0.505556 0.006250 0.009259
7 0.426302 0.516667 0.004687 0.014815
0 0.358073 0.519444 0.041146 0.035185
0 0.367448 0.522222 0.050521 0.024074
4 0.390104 0.494907 0.031250 0.045370
6 0.422917 0.511574 0.006250 0.015741
6 0.435937 0.518981 0.011458 0.028704
0 0.455469 0.520833 0.030729 0.037963
0 0.489844 0.525000 0.053646 0.051852
6 0.475000 0.530556 0.019792 0.053704
6 0.471354 0.520370 0.012500 0.033333
7 0.501823 0.532407 0.015104 0.059259
0 0.408594 0.519444 0.031771 0.027778
7 0.451302 0.540741 0.025521 0.074074
7 0.471615 0.558796 0.017188 0.049074
7 0.494271 0.643056 0.051042 0.237963
7 0.453125 0.654630 0.041667 0.233333
5 0.622917 0.618519 0.046875 0.144444
6 0.622135 0.583796 0.049479 0.137963
6 0.632031 0.541667 0.013021 0.057407
5 0.657292 0.510185 0.012500 0.037037
2 0.686198 0.504167 0.026562 0.056481
7 0.665885 0.588889 0.033854 0.164815
1 0.762500 0.482870 0.098958 0.091667
4 0.830469 0.486574 0.080729 0.075000
0 0.882812 0.491667 0.030208 0.055556
7 0.814844 0.500463 0.013021 0.043519
7 0.831771 0.507870 0.017708 0.039815
7 0.842448 0.507870 0.010937 0.036111
7 0.805729 0.634722 0.041667 0.236111
7 0.865365 0.706944 0.083854 0.323148
7 0.924740 0.689815 0.064062 0.316667
7 0.973437 0.673611 0.053125 0.308333
5 0.423177 0.526852 0.008854 0.014815
5 0.472656 0.542593 0.015104 0.035185