7 0.674740 0.503704 0.004687 0.014815
7 0.687760 0.501852 0.005729 0.011111
7 0.738281 0.516667 0.006771 0.022222
7 0.676562 0.507407 0.007292 0.011111
0 0.689583 0.513889 0.012500 0.012963
6 0.694531 0.512037 0.006771 0.014815
7 0.685417 0.523148 0.008333 0.016667
2 0.710938 0.512963 0.013542 0.012963
7 0.742969 0.520370 0.008854 0.016667
7 0.727604 0.537963 0.021875 0.068519
7 0.722656 0.546296 0.020313 0.044444
7 0.784115 0.505556 0.010937 0.014815
0 0.747396 0.531944 0.016667 0.021296
7 0.766406 0.508333 0.011979 0.014815
7 0.752865 0.524537 0.014063 0.037963
4 0.850000 0.479167 0.144792 0.169444
2 0.806510 0.600926 0.096354 0.185185
5 0.819792 0.647685 0.020833 0.104630
6 0.819531 0.569444 0.029687 0.109259
6 0.812760 0.598148 0.029687 0.157407
7 0.760417 0.551389 0.016667 0.047222
7 0.755208 0.623611 0.040625 0.167593
7 0.880729 0.550463 0.019792 0.056481
7 0.859375 0.672222 0.058333 0.344444
7 0.811979 0.686111 0.051042 0.320370
7 0.795052 0.670370 0.078646 0.287037
7 0.965885 0.626389 0.043229 0.295370
7 0.982812 0.635648 0.033333 0.343519
7 0.934896 0.658796 0.092708 0.623148
7 0.902344 0.745833 0.160938 0.504630
4 0.638542 0.517593 0.056250 0.031481
6 0.634635 0.524074 0.009896 0.012963
7 0.523958 0.517130 0.013542 0.049074
0 0.471615 0.584259 0.132812 0.192593
7 0.494531 0.629167 0.060937 0.236111
7 0.350781 0.562037 0.025521 0.046296
7 0.340104 0.610185 0.039583 0.120370
7 0.297656 0.759259 0.100521 0.477778
0 0.641927 0.757870 0.349479 0.482407
7 0.354948 0.780093 0.090104 0.432407
7 0.426823 0.767130 0.165104 0.449074
7 0.539323 0.836574 0.200521 0.323148
7 0.017708 0.599537 0.031250 0.175000
7 0.073438 0.833796 0.145833 0.325000
3 0.701562 0.512500 0.006250 0.013889