0 0.877083 0.508333 0.021875 0.020370
0 0.925000 0.518056 0.017708 0.032407
3 0.903385 0.501389 0.021354 0.013889
7 0.908594 0.521296 0.009896 0.038889
0 0.965104 0.518519 0.034375 0.037037
7 0.913542 0.528704 0.007292 0.035185
7 0.882552 0.529630 0.013021 0.072222
7 0.874219 0.531944 0.015104 0.067593
7 0.863542 0.534722 0.012500 0.063889
7 0.953385 0.517593 0.006771 0.033333
7 0.961458 0.509259 0.004167 0.014815
6 0.934375 0.505556 0.008333 0.016667
6 0.938802 0.527315 0.022396 0.056481
6 0.938021 0.508796 0.013542 0.025000
5 0.939844 0.550926 0.019271 0.051852
7 0.994271 0.539352 0.009375 0.069444
7 0.843750 0.533796 0.012500 0.063889
7 0.831771 0.533796 0.013542 0.067593
7 0.768229 0.513889 0.009375 0.037037
7 0.740365 0.531944 0.013021 0.075000
7 0.726823 0.530556 0.006771 0.072222
7 0.623437 0.547222 0.028125 0.061111
7 0.653125 0.547222 0.018750 0.057407
5 0.628646 0.538426 0.013542 0.019444
5 0.552083 0.543981 0.031250 0.060185
5 0.764062 0.549074 0.032292 0.055556
5 0.812500 0.554167 0.028125 0.082407
5 0.784115 0.547685 0.031771 0.047222
6 0.783594 0.536574 0.014063 0.076852
6 0.761198 0.514815 0.021354 0.046296
7 0.732552 0.531944 0.014063 0.080556
0 0.726302 0.531019 0.056771 0.071296
0 0.668750 0.539352 0.067708 0.065741
7 0.684115 0.503241 0.009896 0.010185
7 0.799740 0.537963 0.010937 0.085185
6 0.813802 0.551389 0.027604 0.095370
6 0.828646 0.552315 0.014583 0.043519
3 0.577344 0.528241 0.044271 0.099074
5 0.662240 0.551852 0.038021 0.048148
7 0.398177 0.560185 0.018229 0.107407
7 0.383333 0.561574 0.016667 0.093519
7 0.365885 0.564352 0.016146 0.097222
7 0.348958 0.575463 0.016667 0.076852
7 0.379688 0.566204 0.014583 0.095370
7 0.359115 0.576852 0.013021 0.077778
7 0.322917 0.590741 0.020833 0.135185
7 0.334115 0.604630 0.026562 0.120370
0 0.242708 0.543056 0.039583 0.052778
7 0.192448 0.517593 0.006771 0.009259
0 0.131771 0.594444 0.144792 0.120370
7 0.179948 0.609259 0.020313 0.131481
7 0.210677 0.633333 0.042188 0.248148
7 0.236719 0.638426 0.031771 0.243519
7 0.275260 0.684259 0.071354 0.351852
7 0.213802 0.694907 0.056771 0.356481
7 0.145833 0.656944 0.043750 0.239815
7 0.095052 0.518056 0.019271 0.095370
7 0.036719 0.552315 0.008854 0.032407
7 0.011458 0.581019 0.016667 0.099074
7 0.028125 0.625000 0.030208 0.172222
7 0.005990 0.637037 0.010937 0.138889
7 0.009635 0.951389 0.015104 0.095370
0 0.896354 0.522685 0.020833 0.039815