13 0.338542 0.383796 0.013542 0.108333
5 0.623958 0.529167 0.011458 0.023148
5 0.723698 0.513889 0.008854 0.027778
6 0.724479 0.510185 0.010417 0.029630
0 0.937500 0.481019 0.016667 0.028704
0 0.916146 0.484722 0.019792 0.032407
2 0.895312 0.499537 0.016667 0.034259
0 0.881771 0.521759 0.035417 0.058333
0 0.978125 0.520833 0.036458 0.058333
0 0.994010 0.528241 0.010937 0.052778
6 0.972656 0.523148 0.019271 0.059259
5 0.974219 0.543056 0.019271 0.052778
6 0.916406 0.487500 0.006771 0.015741
5 0.925260 0.517130 0.008854 0.037963
6 0.924479 0.497222 0.007292 0.029630
6 0.913542 0.507870 0.011458 0.028704
5 0.919271 0.546759 0.021875 0.054630
6 0.920312 0.530556 0.018750 0.061111
6 0.937760 0.513426 0.010937 0.034259
5 0.942708 0.566667 0.033333 0.066667
6 0.939844 0.543056 0.022396 0.082407
5 0.149219 0.649537 0.080729 0.097222
6 0.146094 0.625926 0.038021 0.101852
6 0.122656 0.626852 0.027604 0.103704
5 0.241667 0.849537 0.184375 0.299074
6 0.256250 0.791667 0.128125 0.407407