7 0.658333 0.500000 0.006250 0.011111
7 0.654167 0.504167 0.008333 0.017593
7 0.646615 0.506481 0.006771 0.011111
0 0.659896 0.510648 0.012500 0.012037
7 0.676302 0.510185 0.005729 0.011111
7 0.706250 0.514352 0.008333 0.019444
7 0.680729 0.510648 0.005208 0.010185
7 0.664844 0.509722 0.007812 0.012037
4 0.605208 0.515741 0.059375 0.031481
6 0.601562 0.522222 0.010417 0.011111
0 0.676042 0.518981 0.014583 0.012037
7 0.692448 0.521759 0.019271 0.041667
0 0.670312 0.533333 0.013542 0.018519
7 0.685156 0.560648 0.021354 0.078704
7 0.719792 0.511574 0.009375 0.026852
7 0.712500 0.543519 0.015625 0.090741
7 0.749740 0.505093 0.007812 0.012037
4 0.810937 0.472685 0.131250 0.147222
2 0.767448 0.595370 0.085938 0.181481
5 0.771094 0.647222 0.029687 0.107407
6 0.777865 0.542593 0.026562 0.057407
6 0.774219 0.613889 0.043229 0.194444
7 0.716146 0.556019 0.021875 0.063889
7 0.830729 0.545833 0.021875 0.050926
7 0.764323 0.678704 0.054688 0.309259
7 0.731250 0.690278 0.045833 0.332407
7 0.708854 0.637037 0.046875 0.203704
7 0.811198 0.664815 0.055729 0.327778
7 0.913802 0.607870 0.047396 0.273148
7 0.922135 0.531481 0.015104 0.035185
7 0.943490 0.626389 0.058854 0.337963
7 0.889323 0.656944 0.105729 0.575000
7 0.981510 0.504630 0.014063 0.027778
7 0.974219 0.626389 0.028646 0.234259
7 0.984375 0.652315 0.030208 0.295370
7 0.848177 0.750926 0.145313 0.496296
7 0.973698 0.857870 0.051562 0.282407
7 0.494271 0.522222 0.015625 0.062963
0 0.440104 0.571296 0.121875 0.164815
7 0.317448 0.561111 0.026562 0.044444
7 0.306510 0.677778 0.042188 0.251852
7 0.247396 0.736574 0.093750 0.426852
0 0.605990 0.758796 0.300521 0.480556
7 0.327083 0.777315 0.081250 0.443519
7 0.400260 0.756019 0.158854 0.432407
7 0.425521 0.829167 0.187500 0.339815
7 0.018490 0.754630 0.034896 0.483333