7 0.465625 0.535648 0.008333 0.036111
7 0.459896 0.536574 0.009375 0.034259
7 0.451562 0.536574 0.010417 0.039815
6 0.547656 0.530556 0.003646 0.009259
5 0.547656 0.533796 0.004687 0.008333
6 0.541146 0.531019 0.004167 0.012037
5 0.541146 0.535648 0.005208 0.010185
6 0.534896 0.532870 0.006250 0.025000
5 0.534896 0.540278 0.007292 0.017593
6 0.504687 0.525463 0.006250 0.015741
0 0.483333 0.525000 0.009375 0.012963
6 0.498437 0.535185 0.009375 0.035185
5 0.498437 0.545833 0.009375 0.026852
5 0.505729 0.565278 0.020833 0.052778
5 0.524219 0.565278 0.019271 0.056481
6 0.526302 0.552315 0.018229 0.067593
6 0.506771 0.552778 0.017708 0.059259
7 0.425781 0.545833 0.010937 0.028704
5 0.988281 0.645833 0.022396 0.065741
5 0.925781 0.624537 0.045312 0.089815
6 0.910156 0.590278 0.019271 0.112037
6 0.927083 0.591204 0.033333 0.104630
7 0.866927 0.582870 0.010937 0.045370
6 0.993750 0.608796 0.012500 0.086111
5 0.844531 0.612963 0.045312 0.090741
6 0.833333 0.585185 0.018750 0.103704
6 0.841667 0.586111 0.025000 0.103704
5 0.737240 0.560185 0.015104 0.029630
6 0.737500 0.554630 0.011458 0.042593
0 0.771094 0.569444 0.055729 0.083333
0 0.704167 0.551852 0.031250 0.042593
0 0.654687 0.544444 0.009375 0.024074
0 0.675000 0.550926 0.035417 0.044444
0 0.619010 0.537963 0.009896 0.020370
0 0.626563 0.539352 0.010417 0.026852
0 0.645312 0.545370 0.019792 0.033333
0 0.591406 0.532870 0.008854 0.013889