13 0.728385 0.325000 0.013021 0.079630
10 0.682292 0.456481 0.018750 0.031481
10 0.619792 0.468981 0.017708 0.026852
2 0.544531 0.558796 0.026562 0.058333
5 0.498177 0.574074 0.015104 0.042593
6 0.497917 0.562037 0.013542 0.050000
5 0.515365 0.593519 0.025521 0.064815
6 0.516667 0.572222 0.026042 0.087037
0 0.586719 0.633333 0.133854 0.192593
0 0.688802 0.552315 0.011979 0.036111
1 0.734375 0.531944 0.090625 0.091667
0 0.716667 0.553704 0.048958 0.051852
0 0.888802 0.565278 0.056771 0.078704
5 0.911458 0.550000 0.032292 0.037037
7 0.928125 0.528704 0.013542 0.040741
5 0.934115 0.551852 0.035937 0.046296
5 0.980729 0.558333 0.011458 0.040741
2 0.991667 0.560185 0.016667 0.103704
7 0.795833 0.549074 0.009375 0.044444
0 0.852083 0.567130 0.085417 0.084259
6 0.476823 0.557407 0.004687 0.022222
5 0.476823 0.562037 0.004687 0.014815
0 0.469792 0.559722 0.013542 0.028704
7 0.466667 0.560648 0.006250 0.034259
2 0.438021 0.576852 0.060417 0.129630
6 0.507292 0.553241 0.005208 0.017593
10 0.621094 0.491667 0.016146 0.007407
10 0.646354 0.590278 0.011458 0.043519
6 0.911719 0.533333 0.013021 0.029630
7 0.780729 0.540278 0.005208 0.021296
7 0.804948 0.534722 0.007812 0.030556
7 0.812500 0.528241 0.008333 0.026852