3 0.511719 0.579630 0.008854 0.020370
4 0.504167 0.571759 0.010417 0.036111
5 0.518490 0.576852 0.009896 0.029630
6 0.518490 0.565278 0.013021 0.036111
3 0.682031 0.563426 0.014063 0.045370
4 0.836198 0.552778 0.049479 0.044444
0 0.814583 0.560185 0.046875 0.040741
0 0.891927 0.578241 0.091146 0.082407
5 0.984375 0.592593 0.031250 0.062963
4 0.724219 0.532870 0.102604 0.117593
5 0.790885 0.588889 0.034896 0.066667
6 0.788281 0.565278 0.023438 0.078704
5 0.763802 0.597685 0.035937 0.071296
6 0.768750 0.550463 0.018750 0.058333
6 0.761719 0.566204 0.034896 0.099074
5 0.712760 0.599537 0.065104 0.089815
6 0.709115 0.583796 0.030729 0.115741
0 0.498177 0.571296 0.013021 0.033333
0 0.446094 0.581019 0.061979 0.075000
5 0.482812 0.597222 0.044792 0.070370
6 0.486979 0.584722 0.027083 0.095370
5 0.360677 0.589815 0.020313 0.055556
6 0.364063 0.578704 0.022917 0.072222
3 0.301042 0.628241 0.048958 0.075000
5 0.162500 0.618981 0.059375 0.106481
7 0.266146 0.618056 0.026042 0.078704
7 0.349740 0.580556 0.008854 0.048148
7 0.374479 0.586111 0.016667 0.081481
7 0.389844 0.604630 0.024479 0.153704
7 0.424740 0.628241 0.043229 0.215741
5 0.342187 0.811111 0.121875 0.296296
6 0.350781 0.705093 0.095312 0.315741
7 0.204427 0.619907 0.038021 0.191667
2 0.609115 0.643056 0.149479 0.293519
0 0.165104 0.529167 0.040625 0.026852