7 0.229687 0.535648 0.033333 0.147222
5 0.368750 0.560648 0.018750 0.039815
5 0.351042 0.562500 0.023958 0.045370
6 0.419792 0.551389 0.027083 0.045370
1 0.507812 0.506481 0.036458 0.046296
6 0.544271 0.484722 0.020833 0.067593
6 0.545833 0.488889 0.021875 0.070370
6 0.525521 0.501389 0.020833 0.032407
6 0.527083 0.505556 0.013542 0.027778
3 0.562760 0.543981 0.022396 0.065741
1 0.580990 0.519907 0.055729 0.110185
1 0.621094 0.510648 0.029687 0.039815
0 0.600000 0.558333 0.044792 0.057407
0 0.641406 0.590741 0.067187 0.125926
2 0.759896 0.539352 0.035417 0.034259
2 0.730469 0.536111 0.029687 0.027778
0 0.785156 0.561574 0.079687 0.069444
2 0.884375 0.550000 0.076042 0.074074
5 0.980990 0.591667 0.038021 0.070370
0 0.699479 0.634259 0.138542 0.196296
5 0.597917 0.642593 0.047917 0.137037
6 0.602604 0.617593 0.056250 0.187037
0 0.503646 0.580556 0.154167 0.144444
0 0.412760 0.780556 0.460938 0.438889
0 0.862500 0.726852 0.275000 0.340741
0 0.975781 0.892593 0.048438 0.214815
9 0.630729 0.007407 0.007292 0.012963
9 0.703646 0.016667 0.004167 0.009259
9 0.713281 0.013426 0.005729 0.013889
9 0.685156 0.038426 0.002604 0.008333
9 0.675781 0.072685 0.006771 0.008333
9 0.671094 0.093981 0.004687 0.006481
9 0.665365 0.116204 0.005729 0.006481
9 0.655208 0.158333 0.005208 0.007407
9 0.652865 0.165278 0.004687 0.006481
9 0.644792 0.196296 0.006250 0.007407
9 0.643229 0.206944 0.005208 0.008333
9 0.639062 0.214815 0.005208 0.007407
9 0.637500 0.220370 0.005208 0.007407
9 0.634896 0.230556 0.005208 0.007407
9 0.632292 0.237963 0.005208 0.007407
9 0.629948 0.246296 0.004687 0.007407
9 0.626823 0.252778 0.004687 0.007407
9 0.622917 0.265741 0.004167 0.005556
9 0.621094 0.270833 0.004687 0.006481
9 0.619271 0.275926 0.005208 0.005556
9 0.615365 0.286111 0.005729 0.007407
9 0.608854 0.299537 0.005208 0.008333
9 0.604688 0.306481 0.005208 0.005556
9 0.602865 0.312037 0.005729 0.005556