3 0.618229 0.527778 0.020833 0.044444
7 0.607812 0.534722 0.004167 0.026852
7 0.620313 0.535648 0.005208 0.015741
7 0.630469 0.529167 0.003646 0.010185
7 0.632552 0.528241 0.003646 0.012037
3 0.648438 0.529630 0.010417 0.011111
7 0.585938 0.545833 0.005208 0.015741
7 0.589583 0.553704 0.006250 0.020370
5 0.596875 0.575000 0.013542 0.035185
6 0.597135 0.562037 0.014063 0.044444
6 0.595833 0.553241 0.006250 0.012037
5 0.615625 0.582407 0.015625 0.051852
6 0.612240 0.566667 0.007812 0.050000
2 0.640104 0.577315 0.040625 0.086111
6 0.661198 0.548611 0.003646 0.017593
6 0.665625 0.553704 0.011458 0.035185
5 0.681510 0.664815 0.067187 0.168519
6 0.682813 0.622222 0.055208 0.164815
7 0.686979 0.561111 0.008333 0.027778
0 0.764844 0.602315 0.108854 0.110185
5 0.836198 0.601852 0.045312 0.077778
7 0.746354 0.587500 0.027083 0.110185
7 0.778646 0.630093 0.020833 0.152778
7 0.798958 0.634259 0.035417 0.188889
7 0.825521 0.641667 0.021875 0.138889
7 0.753646 0.627315 0.036458 0.173148
7 0.764844 0.664352 0.029687 0.130556
7 0.904687 0.571296 0.037500 0.105556
5 0.894271 0.631019 0.060417 0.160185
7 0.954688 0.689352 0.090625 0.132407
7 0.988542 0.729167 0.021875 0.119444
7 0.961719 0.677778 0.067187 0.357407
7 0.588021 0.570833 0.008333 0.050926
7 0.581510 0.567593 0.010937 0.059259
7 0.559896 0.555556 0.006250 0.025926
7 0.565365 0.552778 0.007812 0.038889
7 0.571354 0.567130 0.011458 0.058333
7 0.532813 0.545833 0.005208 0.010185
7 0.529167 0.546759 0.005208 0.008333
7 0.554167 0.553241 0.007292 0.026852
7 0.497135 0.533796 0.005729 0.017593
7 0.492708 0.534259 0.005208 0.018519
7 0.490365 0.536111 0.005729 0.016667
7 0.487240 0.536111 0.006771 0.016667
7 0.477083 0.535185 0.010417 0.016667
5 0.489063 0.577315 0.017708 0.026852
2 0.478906 0.562037 0.016146 0.042593
0 0.537240 0.573611 0.065104 0.050926
7 0.550260 0.580556 0.013021 0.081481
7 0.540104 0.587963 0.023958 0.105556
7 0.527344 0.607870 0.014063 0.065741
5 0.486979 0.608333 0.067708 0.068519
7 0.523958 0.534259 0.008333 0.018519