6 0.504427 0.554630 0.005729 0.012963
6 0.506771 0.556019 0.009375 0.015741
3 0.510156 0.556019 0.013021 0.015741
7 0.517969 0.554630 0.008854 0.014815
7 0.522396 0.554630 0.009375 0.016667
7 0.525521 0.552315 0.010417 0.019444
7 0.541146 0.548611 0.006250 0.006481
7 0.563281 0.546296 0.004687 0.005556
7 0.576302 0.543519 0.008854 0.018519
7 0.585417 0.549074 0.006250 0.018519
2 0.610938 0.554167 0.050000 0.091667
7 0.655729 0.574074 0.010417 0.042593
5 0.658073 0.599074 0.034896 0.094444
7 0.644531 0.577778 0.026562 0.116667
8 0.684635 0.637500 0.044271 0.045370
7 0.742708 0.636574 0.031250 0.150926
7 0.731510 0.530093 0.039062 0.073148
6 0.882292 0.593519 0.054167 0.150000
5 0.898958 0.711111 0.059375 0.185185
7 0.925781 0.678704 0.067187 0.364815
7 0.952604 0.718519 0.094792 0.470370
5 0.840885 0.860648 0.315104 0.276852
6 0.815365 0.772685 0.193229 0.454630
0 0.566667 0.605556 0.079167 0.114815
6 0.592448 0.652315 0.051562 0.226852
6 0.601823 0.643056 0.041146 0.189815
6 0.612240 0.642593 0.056771 0.200000
6 0.590625 0.631019 0.029167 0.128704
5 0.609115 0.687500 0.071354 0.182407
7 0.494792 0.556019 0.007292 0.012037
7 0.486458 0.554167 0.010417 0.019444
7 0.471094 0.555093 0.010937 0.030556
6 0.475000 0.561111 0.015625 0.029630
6 0.484115 0.554630 0.015104 0.024074
7 0.452865 0.552778 0.007812 0.022222
7 0.459375 0.568981 0.014583 0.071296
7 0.441667 0.564815 0.007292 0.027778
7 0.459375 0.587037 0.013542 0.077778
7 0.447135 0.587963 0.014063 0.075926
7 0.437240 0.563426 0.005729 0.021296
7 0.434896 0.567130 0.010417 0.028704
5 0.404687 0.592593 0.019792 0.050000
7 0.408854 0.590741 0.011458 0.053704
7 0.426302 0.644444 0.042188 0.211111
0 0.504948 0.646759 0.106771 0.175000
5 0.386198 0.618519 0.033854 0.068519
7 0.384375 0.668981 0.028125 0.139815
7 0.341927 0.570370 0.027604 0.079630
7 0.325781 0.572222 0.033854 0.068519
7 0.290104 0.686574 0.022917 0.147222
7 0.263021 0.601389 0.034375 0.149074
7 0.365625 0.648148 0.032292 0.194444
7 0.318750 0.675463 0.037500 0.250926
7 0.343229 0.684259 0.046875 0.257407
7 0.280990 0.661574 0.046354 0.267593
7 0.231250 0.616667 0.025000 0.157407
7 0.214844 0.618981 0.027604 0.180556
0 0.115625 0.625000 0.141667 0.205556
5 0.144531 0.711111 0.150521 0.196296
7 0.045573 0.665278 0.067187 0.280556
5 0.053646 0.836574 0.065625 0.221296
7 0.042188 0.798611 0.084375 0.397222