0 0.408594 0.533333 0.007812 0.016667
0 0.469010 0.533796 0.013021 0.015741
0 0.490885 0.537500 0.020313 0.030556
4 0.534896 0.543519 0.029167 0.038889
2 0.626042 0.548611 0.019792 0.045370
4 0.608073 0.548148 0.023438 0.050000
4 0.583594 0.541204 0.044271 0.069444
4 0.733333 0.537500 0.066667 0.082407
0 0.930990 0.603241 0.135937 0.165741
10 0.766667 0.587037 0.025000 0.066667
5 0.675260 0.573148 0.050521 0.057407
6 0.678646 0.556944 0.019792 0.063889
5 0.739323 0.580556 0.034896 0.064815
6 0.745573 0.564352 0.026562 0.084259
4 0.380208 0.538426 0.022917 0.049074
7 0.381771 0.545370 0.008333 0.035185
7 0.377083 0.544907 0.007292 0.028704
4 0.401042 0.529167 0.014583 0.039815
4 0.441146 0.539352 0.018750 0.039815
0 0.477344 0.565741 0.044271 0.064815
5 0.400260 0.584259 0.040104 0.079630
6 0.403906 0.575000 0.030729 0.094444
6 0.370052 0.584722 0.022396 0.119444