1 0.483594 0.547685 0.010937 0.028704
3 0.518750 0.541204 0.014583 0.043519
1 0.531250 0.543519 0.016667 0.059259
5 0.517448 0.558796 0.005729 0.012037
6 0.517448 0.552315 0.007812 0.019444
5 0.509375 0.561574 0.007292 0.015741
6 0.509635 0.550463 0.005729 0.017593
5 0.504427 0.563889 0.007812 0.016667
6 0.504948 0.554167 0.009896 0.025000
5 0.495312 0.565741 0.009375 0.022222
6 0.495052 0.555556 0.010937 0.031481
5 0.463281 0.569907 0.013021 0.032407
6 0.461458 0.557870 0.015625 0.039815
5 0.711198 0.566204 0.017188 0.021296
5 0.725781 0.568056 0.019271 0.036111
6 0.724740 0.556481 0.014063 0.042593
1 0.610938 0.519444 0.157292 0.257407
0 0.311719 0.602778 0.144271 0.135185
0 0.986198 0.957407 0.023438 0.083333