0 0.468490 0.523611 0.007812 0.013889
2 0.605729 0.523148 0.013542 0.020370
0 0.624219 0.528241 0.022396 0.013889
5 0.488281 0.543519 0.006771 0.011111
6 0.488021 0.538889 0.007292 0.018519
5 0.501823 0.543519 0.004687 0.011111
6 0.502083 0.539815 0.006250 0.016667
1 0.527083 0.525926 0.032292 0.046296
0 0.516667 0.537037 0.015625 0.024074
0 0.543750 0.543519 0.015625 0.031481
0 0.559115 0.551852 0.027604 0.038889
0 0.622135 0.576389 0.072396 0.095370
5 0.506771 0.551852 0.006250 0.014815
6 0.507031 0.542130 0.008854 0.025000
5 0.495573 0.581019 0.017188 0.039815
0 0.495052 0.544907 0.010937 0.012037
6 0.495052 0.563889 0.017188 0.059259
0 0.839583 0.765741 0.318750 0.466667