5 0.564844 0.561111 0.008854 0.025926
9 0.606250 0.563889 0.011458 0.011111
7 0.558333 0.551852 0.009375 0.040741
7 0.549740 0.547222 0.008854 0.037037
5 0.653125 0.554167 0.010417 0.026852
7 0.717187 0.661574 0.025000 0.180556
7 0.732292 0.695833 0.054167 0.276852
7 0.684896 0.701389 0.073958 0.362037
7 0.602344 0.739815 0.042188 0.231481
7 0.901823 0.559259 0.016146 0.046296
7 0.968229 0.582870 0.019792 0.112037
7 0.986979 0.587500 0.020833 0.113889
7 0.964844 0.523148 0.015104 0.040741
7 0.996094 0.589352 0.006771 0.034259
3 0.889844 0.621759 0.220312 0.463889
7 0.870573 0.675000 0.055729 0.283333
0 0.490625 0.571759 0.078125 0.078704
2 0.389583 0.557407 0.040625 0.051852
5 0.394531 0.579167 0.027604 0.043519
5 0.379688 0.574537 0.023958 0.056481
6 0.376302 0.552778 0.008854 0.038889
0 0.346094 0.596759 0.078646 0.100926
0 0.332292 0.618519 0.065625 0.120370
7 0.206771 0.512963 0.009375 0.046296
7 0.221094 0.514815 0.011979 0.038889
7 0.178125 0.514352 0.010417 0.043519
7 0.169271 0.510185 0.010417 0.046296
7 0.157552 0.510185 0.010937 0.040741
7 0.148698 0.512500 0.014063 0.034259
7 0.141667 0.504630 0.009375 0.048148
7 0.137240 0.509259 0.011979 0.038889
7 0.125000 0.512963 0.008333 0.042593
7 0.130990 0.508333 0.006771 0.044444
7 0.118229 0.512963 0.009375 0.059259
7 0.112240 0.512037 0.008854 0.053704
7 0.107292 0.515278 0.011458 0.056481
7 0.092188 0.509722 0.013542 0.052778
7 0.097396 0.511574 0.008333 0.054630
7 0.080208 0.512963 0.009375 0.053704
7 0.072917 0.512963 0.010417 0.048148
7 0.065625 0.510185 0.010417 0.051852
7 0.059115 0.506481 0.008854 0.057407
7 0.052344 0.508333 0.010937 0.053704
7 0.045312 0.514815 0.011458 0.048148
7 0.030469 0.508796 0.005729 0.050926
7 0.034635 0.512037 0.011979 0.057407
7 0.009896 0.527315 0.012500 0.056481
7 0.014323 0.487963 0.010937 0.022222
7 0.021615 0.535185 0.019271 0.079630
5 0.019531 0.592593 0.023438 0.081481
0 0.148438 0.579167 0.065625 0.099074
0 0.073698 0.604630 0.099479 0.137037
0 0.254948 0.677315 0.202604 0.317593
7 0.156771 0.518519 0.011458 0.029630