7 0.047917 0.706481 0.080208 0.203704
7 0.035417 0.817130 0.069792 0.365741
7 0.026562 0.826389 0.052083 0.347222
7 0.308333 0.537963 0.008333 0.038889
7 0.316927 0.527315 0.006771 0.017593
7 0.319271 0.555093 0.010417 0.067593
7 0.336198 0.553704 0.008854 0.066667
7 0.351823 0.521296 0.003646 0.011111
7 0.353906 0.532870 0.013021 0.030556
7 0.366667 0.533333 0.009375 0.024074
7 0.342969 0.577315 0.014063 0.073148
7 0.328906 0.563889 0.021354 0.101852
7 0.352865 0.583333 0.021354 0.109259
7 0.371875 0.635185 0.047917 0.179630
7 0.419271 0.643981 0.055208 0.141667
7 0.484896 0.557870 0.022917 0.089815
7 0.539062 0.636111 0.042708 0.205556
7 0.570052 0.648611 0.044271 0.206481
7 0.611979 0.644907 0.039583 0.217593
7 0.640365 0.606944 0.028646 0.143519
7 0.667448 0.601389 0.031771 0.145370
7 0.774479 0.666667 0.064583 0.305556
7 0.823958 0.711111 0.064583 0.353704
7 0.778906 0.709259 0.039062 0.309259
7 0.935156 0.725926 0.067187 0.418519
7 0.948698 0.787037 0.102604 0.425926
7 0.835417 0.520370 0.011458 0.038889
7 0.824740 0.518056 0.019271 0.045370
0 0.870052 0.499537 0.039062 0.063889
4 0.815625 0.500000 0.091667 0.094444
1 0.726562 0.492593 0.110417 0.109259
2 0.642448 0.514815 0.030729 0.061111
5 0.610417 0.526852 0.015625 0.048148
5 0.687240 0.741204 0.158854 0.299074
6 0.677604 0.700463 0.123958 0.332407
5 0.379948 0.553241 0.025521 0.043519
6 0.376302 0.540741 0.016146 0.055556
0 0.421354 0.538426 0.061458 0.050926
0 0.385417 0.537963 0.026042 0.040741
0 0.286458 0.543056 0.021875 0.037963
0 0.254427 0.526852 0.046354 0.018519
0 0.252083 0.548148 0.079167 0.048148
5 0.300781 0.553241 0.014063 0.028704
6 0.297135 0.543519 0.009896 0.046296
6 0.300521 0.543519 0.013542 0.044444
4 0.309375 0.520833 0.040625 0.067593
6 0.313021 0.554167 0.006250 0.034259
7 0.583073 0.656944 0.059896 0.265741