3 0.463281 0.574537 0.005729 0.012037
3 0.471615 0.568519 0.008854 0.024074
5 0.466406 0.573148 0.006771 0.014815
5 0.459115 0.573148 0.007812 0.014815
6 0.459896 0.562500 0.009375 0.019444
5 0.446354 0.572222 0.006250 0.012963
6 0.446875 0.559259 0.007292 0.018519
5 0.452083 0.571759 0.008333 0.019444
6 0.453125 0.556481 0.008333 0.018519
6 0.466667 0.565741 0.008333 0.024074
5 0.440365 0.570833 0.015104 0.034259
6 0.437760 0.564352 0.010937 0.039815
7 0.379167 0.575000 0.008333 0.020370
3 0.396094 0.571759 0.029687 0.034259
7 0.374479 0.562500 0.011458 0.056481
5 0.308333 0.581481 0.040625 0.066667
5 0.282031 0.593519 0.038021 0.057407
5 0.251823 0.596296 0.039062 0.072222
5 0.131771 0.681481 0.069792 0.212963
7 0.076042 0.636574 0.039583 0.271296
7 0.164844 0.651389 0.049479 0.241667
3 0.517708 0.552315 0.013542 0.012037
3 0.515365 0.575000 0.013021 0.024074
6 0.553125 0.546296 0.004167 0.007407
4 0.559375 0.537037 0.009375 0.029630
4 0.491927 0.568519 0.040104 0.079630
3 0.661979 0.552315 0.059375 0.076852
5 0.723177 0.581019 0.011979 0.025000
6 0.725260 0.563426 0.008854 0.021296
5 0.818750 0.598611 0.011458 0.034259
7 0.827083 0.593981 0.014583 0.062037
4 0.944792 0.593981 0.091667 0.113889
5 0.864844 0.694444 0.084896 0.153704
6 0.855208 0.622685 0.054167 0.173148
6 0.870313 0.625926 0.079167 0.181481
4 0.590365 0.539815 0.051562 0.144444
0 0.548958 0.600000 0.075000 0.101852
5 0.748958 0.741204 0.095833 0.213889
6 0.745573 0.658333 0.081771 0.238889
7 0.429688 0.563889 0.008333 0.050000
7 0.422917 0.566667 0.010417 0.046296