7 0.483594 0.518519 0.004687 0.016667
0 0.497656 0.523611 0.017188 0.028704
7 0.506250 0.518981 0.006250 0.019444
7 0.512760 0.517130 0.007812 0.023148
7 0.517188 0.516204 0.005208 0.013889
7 0.522396 0.530093 0.011458 0.034259
7 0.508333 0.533333 0.008333 0.035185
6 0.540625 0.539815 0.008333 0.018519
6 0.544792 0.536111 0.007292 0.016667
7 0.536979 0.551389 0.013542 0.041667
7 0.544010 0.553704 0.008854 0.029630
7 0.571615 0.568519 0.010937 0.033333
6 0.564844 0.562037 0.013021 0.038889
5 0.569010 0.592593 0.011979 0.033333
7 0.533073 0.597222 0.021354 0.118519
7 0.519792 0.594907 0.020833 0.134259
5 0.551823 0.628241 0.031771 0.086111
6 0.549740 0.606481 0.032813 0.127778
7 0.667708 0.531944 0.014583 0.091667
7 0.677604 0.516204 0.014583 0.050926
7 0.691667 0.508333 0.016667 0.050000
4 0.615104 0.570370 0.081250 0.146296
7 0.772396 0.526389 0.017708 0.087963
7 0.789583 0.536111 0.020833 0.090741
0 0.880208 0.530556 0.018750 0.031481
7 0.862240 0.534722 0.010937 0.034259
7 0.870833 0.530556 0.011458 0.033333
7 0.896875 0.519444 0.019792 0.055556
7 0.929427 0.516667 0.016146 0.048148
7 0.917969 0.542593 0.009896 0.038889
5 0.849479 0.561111 0.044792 0.048148
6 0.837240 0.550000 0.008854 0.046296
5 0.805990 0.592130 0.065104 0.062037
7 0.812500 0.610648 0.066667 0.056481
7 0.818229 0.605093 0.053125 0.089815
7 0.819531 0.629167 0.028646 0.065741
7 0.835417 0.666204 0.048958 0.162037
7 0.848958 0.562500 0.030208 0.099074
5 0.905208 0.559722 0.014583 0.026852
2 0.712500 0.610185 0.094792 0.170370
5 0.762500 0.818519 0.153125 0.361111
6 0.763542 0.750000 0.155208 0.400000
5 0.589323 0.711574 0.051562 0.156481
6 0.589583 0.680093 0.058333 0.195370
6 0.591406 0.641204 0.064062 0.197222
2 0.483854 0.590278 0.034375 0.113889
5 0.504427 0.678241 0.047396 0.125000
6 0.504687 0.613889 0.041667 0.135185
7 0.412240 0.570370 0.019271 0.074074
7 0.392448 0.562963 0.014063 0.044444
7 0.358333 0.561111 0.011458 0.029630
7 0.338802 0.554630 0.009896 0.022222
7 0.353125 0.625000 0.023958 0.146296
7 0.356510 0.645370 0.021354 0.114815
7 0.406771 0.638426 0.036458 0.173148
7 0.383594 0.654630 0.054688 0.253704
7 0.422656 0.659259 0.013021 0.025926
5 0.433854 0.672222 0.021875 0.038889
7 0.310937 0.618519 0.023958 0.070370
5 0.294271 0.643519 0.021875 0.025926
5 0.254167 0.662500 0.101042 0.147222
5 0.205469 0.640741 0.033854 0.096296
7 0.270052 0.708796 0.041146 0.317593
7 0.256771 0.717130 0.029167 0.245370
7 0.144271 0.757407 0.141667 0.194444
7 0.110677 0.802315 0.088021 0.369444
7 0.167708 0.779167 0.080208 0.437963
7 0.241667 0.795833 0.082292 0.404630
3 0.126562 0.654167 0.181250 0.297222
7 0.341406 0.764815 0.080729 0.412963
7 0.366406 0.899537 0.049479 0.197222
7 0.448437 0.725000 0.146875 0.546296
7 0.960156 0.762963 0.076563 0.472222
7 0.889323 0.783796 0.135937 0.428704
6 0.497396 0.525926 0.010417 0.018519
6 0.492969 0.528241 0.007812 0.012037