7 0.489063 0.537963 0.007292 0.025926
7 0.480729 0.537963 0.011458 0.027778
7 0.493490 0.537037 0.016146 0.040741
7 0.415625 0.544444 0.010417 0.037037
7 0.409635 0.545370 0.010937 0.042593
7 0.459375 0.535185 0.012500 0.037037
7 0.473438 0.552315 0.014583 0.034259
7 0.468750 0.572222 0.016667 0.075926
7 0.483594 0.581944 0.021354 0.082407
5 0.503125 0.592593 0.029167 0.068519
6 0.505990 0.574537 0.023438 0.082407
6 0.500521 0.572222 0.020833 0.072222
7 0.379688 0.548148 0.014583 0.075926
5 0.420573 0.568519 0.033854 0.048148
5 0.411719 0.576389 0.048438 0.056481
5 0.413802 0.589815 0.036979 0.085185
7 0.427083 0.551389 0.017708 0.054630
0 0.579427 0.588889 0.026562 0.105556
2 0.549740 0.602778 0.064062 0.164815
5 0.600000 0.568519 0.027083 0.061111
5 0.616406 0.575463 0.018229 0.052778
7 0.639844 0.597685 0.024479 0.141667
7 0.691146 0.588889 0.025000 0.129630
7 0.676042 0.591204 0.030208 0.143519
7 0.655208 0.618519 0.027083 0.157407
7 0.630729 0.608333 0.035417 0.187037
7 0.783594 0.553241 0.021354 0.075000
7 0.781250 0.566204 0.025000 0.086111
5 0.765104 0.637500 0.045833 0.125000
7 0.827865 0.568056 0.024479 0.123148
7 0.869531 0.565741 0.019271 0.081481
7 0.861458 0.569907 0.017708 0.063889
7 0.851562 0.654167 0.027083 0.187963
7 0.907552 0.583796 0.021354 0.134259
7 0.919271 0.557870 0.015625 0.089815
7 0.928385 0.579630 0.023438 0.148148
7 0.878646 0.637963 0.056250 0.218519
7 0.900260 0.615278 0.022396 0.123148
0 0.947917 0.577778 0.104167 0.107407
7 0.945052 0.578704 0.020313 0.096296
7 0.955208 0.575926 0.036458 0.174074
5 0.955990 0.682870 0.088021 0.149074
7 0.811979 0.699537 0.086458 0.317593
7 0.783073 0.717130 0.058854 0.313889
7 0.991667 0.702778 0.016667 0.203704
7 0.325260 0.575926 0.019271 0.098148
5 0.454688 0.731944 0.079167 0.215741
6 0.467448 0.656019 0.055729 0.217593
6 0.432552 0.672685 0.084896 0.256481
0 0.380469 0.541667 0.020313 0.038889