7 0.509115 0.584722 0.030729 0.099074
5 0.558073 0.598148 0.103646 0.148148
6 0.767969 0.541204 0.009896 0.050926
5 0.774479 0.558333 0.015625 0.033333
5 0.760417 0.592593 0.037500 0.079630
6 0.767188 0.568981 0.022917 0.093519
6 0.757812 0.572222 0.019792 0.077778
5 0.733333 0.602778 0.044792 0.109259
6 0.730990 0.578704 0.030729 0.114815
7 0.792708 0.585185 0.025000 0.150000
7 0.808333 0.545370 0.019792 0.061111
7 0.796354 0.593981 0.040625 0.115741
5 0.848958 0.568056 0.020833 0.052778
7 0.817969 0.608796 0.070312 0.187963
5 0.900260 0.635185 0.064062 0.129630
6 0.870313 0.536111 0.013542 0.035185
6 0.892188 0.569444 0.031250 0.090741
6 0.896094 0.552778 0.019271 0.077778
7 0.918750 0.590741 0.020833 0.133333
5 0.828646 0.847685 0.263542 0.304630
6 0.823438 0.768981 0.186458 0.462037