5 0.063021 0.830556 0.123958 0.338889
5 0.207813 0.857407 0.132292 0.281481
7 0.127344 0.734722 0.118229 0.526852
7 0.017448 0.691204 0.034896 0.167593
7 0.022135 0.732407 0.041146 0.150000
0 0.852344 0.757407 0.293229 0.370370
3 0.726823 0.624074 0.129688 0.261111
5 0.657031 0.623148 0.031771 0.075926
5 0.630469 0.671296 0.082812 0.116667
5 0.574219 0.640278 0.057813 0.110185
7 0.614844 0.597685 0.035937 0.119444
7 0.618229 0.561574 0.014583 0.049074
6 0.559896 0.603241 0.027083 0.121296
7 0.570312 0.547685 0.011458 0.063889
7 0.582031 0.553704 0.007812 0.055556
5 0.537240 0.662500 0.056771 0.147222
6 0.522135 0.624074 0.017188 0.124074
6 0.540365 0.625463 0.045312 0.160185
5 0.486198 0.635185 0.032813 0.094444
6 0.483854 0.596759 0.027083 0.115741
5 0.415104 0.569444 0.040625 0.059259
7 0.386719 0.563426 0.010937 0.041667
7 0.395833 0.578241 0.012500 0.067593
5 0.452604 0.702315 0.075000 0.180556
6 0.459375 0.653241 0.039583 0.175000
6 0.442448 0.649074 0.053646 0.203704
7 0.372917 0.684259 0.061458 0.261111
5 0.264844 0.646296 0.047396 0.122222
5 0.251302 0.670833 0.049479 0.150926