0 0.677865 0.526389 0.016146 0.015741
3 0.696354 0.521296 0.009375 0.014815
5 0.720052 0.528704 0.004687 0.009259
6 0.718490 0.526389 0.004687 0.013889
7 0.717708 0.524537 0.003125 0.013889
7 0.704427 0.545833 0.006771 0.043519
7 0.714844 0.548611 0.010937 0.054630
7 0.729688 0.530556 0.010417 0.014815
7 0.708333 0.558333 0.009375 0.031481
7 0.698177 0.549074 0.011979 0.051852
7 0.678906 0.549537 0.009896 0.043519
7 0.688542 0.549537 0.012500 0.054630
7 0.665365 0.552778 0.014063 0.051852
5 0.610677 0.592130 0.034896 0.091667
6 0.598437 0.550926 0.014583 0.053704
6 0.607812 0.572222 0.030208 0.096296
5 0.640365 0.621759 0.049479 0.087963
6 0.636458 0.577315 0.032292 0.097222
5 0.652344 0.725000 0.085938 0.190741
6 0.656510 0.654630 0.069271 0.259259
7 0.743490 0.631944 0.055729 0.256481
6 0.881250 0.746759 0.135417 0.458333
6 0.887760 0.778704 0.116146 0.442593
6 0.919792 0.771296 0.160417 0.453704
7 0.989062 0.677315 0.019792 0.213889
7 0.435156 0.604630 0.026562 0.207407
7 0.414583 0.612963 0.038542 0.231481
7 0.386979 0.638889 0.027083 0.183333
7 0.408594 0.662037 0.048438 0.196296
0 0.286979 0.625000 0.164583 0.192593
0 0.170313 0.679630 0.297917 0.248148
7 0.301302 0.738889 0.082812 0.311111
7 0.153385 0.762037 0.120313 0.475926
3 0.021354 0.936574 0.041667 0.125000
5 0.900781 0.872222 0.195312 0.253704
0 0.767969 0.546296 0.038021 0.064815