0 0.475521 0.542130 0.027083 0.030556
0 0.555469 0.520370 0.023438 0.011111
0 0.556771 0.564815 0.052083 0.085185
3 0.603906 0.516204 0.019271 0.015741
0 0.706771 0.527315 0.037500 0.036111
0 0.807813 0.535648 0.048958 0.067593
0 0.435156 0.533796 0.017188 0.023148
5 0.475521 0.556944 0.009375 0.025000
6 0.473177 0.540741 0.009896 0.037037
5 0.435417 0.548611 0.008333 0.017593
5 0.480729 0.558333 0.010417 0.031481
6 0.435156 0.538889 0.005729 0.018519
6 0.480990 0.542593 0.016146 0.050000
0 0.680208 0.646296 0.176042 0.237037