0 0.504948 0.535648 0.008854 0.023148
0 0.507812 0.537037 0.007292 0.024074
4 0.519792 0.532407 0.021875 0.046296
4 0.550260 0.527778 0.009896 0.024074
0 0.559115 0.533333 0.008854 0.014815
4 0.451823 0.532407 0.015104 0.027778
1 0.480729 0.522222 0.037500 0.070370
5 0.435156 0.537500 0.006771 0.013889
5 0.425521 0.537963 0.012500 0.012963
5 0.448698 0.542593 0.006771 0.020370
6 0.449219 0.533333 0.006771 0.022222
5 0.442448 0.558333 0.013021 0.038889
6 0.443229 0.545370 0.012500 0.038889
0 0.415104 0.542130 0.011458 0.039815
7 0.375000 0.556944 0.007292 0.028704
2 0.396875 0.550926 0.031250 0.062963
5 0.292448 0.539352 0.014063 0.049074
5 0.307292 0.541667 0.013542 0.046296
5 0.324740 0.547222 0.016146 0.048148
5 0.361198 0.631481 0.045312 0.124074
6 0.361458 0.603241 0.044792 0.141667
5 0.283073 0.576852 0.019271 0.046296
0 0.221094 0.576389 0.093229 0.106481
0 0.127083 0.600463 0.116667 0.139815
7 0.075781 0.587963 0.032813 0.133333
5 0.271615 0.715278 0.084896 0.223148
6 0.271094 0.648148 0.065104 0.222222
4 0.646875 0.536574 0.072917 0.143519
0 0.734635 0.551389 0.042188 0.052778
7 0.742708 0.563426 0.013542 0.060185
5 0.716667 0.588889 0.022917 0.059259
6 0.713281 0.575000 0.022396 0.072222
0 0.873958 0.656944 0.250000 0.287963