1 0.528125 0.526389 0.031250 0.036111
1 0.604167 0.525463 0.027083 0.034259
1 0.645312 0.517130 0.045833 0.045370
4 0.672135 0.522685 0.056771 0.049074
2 0.632292 0.536574 0.022917 0.025000
1 0.572917 0.533333 0.041667 0.070370
0 0.577083 0.561111 0.013542 0.046296
0 0.589063 0.560185 0.031250 0.048148
0 0.605208 0.560185 0.030208 0.042593
0 0.631771 0.593981 0.055208 0.099074
0 0.723698 0.535185 0.013021 0.042593
0 0.673698 0.615741 0.091146 0.148148
5 0.982031 0.598611 0.035937 0.054630
6 0.974740 0.555556 0.016146 0.066667
6 0.986458 0.560648 0.026042 0.067593
4 0.838542 0.601389 0.264583 0.378704
4 0.551302 0.536574 0.022396 0.030556
6 0.549219 0.519907 0.016146 0.041667
0 0.561198 0.577778 0.018229 0.066667
2 0.488802 0.558796 0.029687 0.034259
0 0.459635 0.561111 0.025521 0.029630
0 0.532292 0.599537 0.070833 0.125000
5 0.591146 0.692593 0.045833 0.162963
6 0.590365 0.643056 0.047396 0.173148
7 0.430990 0.568056 0.009896 0.049074
0 0.461979 0.650926 0.093750 0.170370
5 0.515625 0.752778 0.083333 0.261111
6 0.514062 0.687500 0.093750 0.265741
5 0.401823 0.599074 0.018229 0.048148
7 0.372135 0.566667 0.015104 0.068519
5 0.350000 0.654167 0.040625 0.091667
6 0.351562 0.618056 0.033333 0.108333
5 0.270313 0.662963 0.046875 0.107407
5 0.224740 0.843519 0.196354 0.311111
6 0.248958 0.792130 0.127083 0.412037
6 0.161979 0.807870 0.132292 0.382407
0 0.900521 0.802778 0.195833 0.394444
10 0.435156 0.512037 0.011979 0.042593
5 0.415625 0.589815 0.016667 0.044444