0 0.519010 0.542593 0.010937 0.016667
1 0.595052 0.533796 0.048438 0.093519
5 0.759375 0.588426 0.023958 0.058333
6 0.756510 0.566667 0.018229 0.062963
1 0.458333 0.539815 0.015625 0.033333
1 0.492969 0.531481 0.039062 0.068519
0 0.475260 0.550926 0.027604 0.051852
0 0.519792 0.543519 0.009375 0.016667
5 0.439844 0.556019 0.007812 0.019444
6 0.440104 0.547222 0.009375 0.027778
5 0.450000 0.556019 0.008333 0.021296
6 0.450260 0.547222 0.011979 0.035185
5 0.428385 0.561574 0.008854 0.019444
6 0.427865 0.554167 0.009896 0.047222
5 0.421354 0.573148 0.017708 0.048148
6 0.421615 0.558796 0.020313 0.063889
7 0.384115 0.550926 0.008854 0.020370
5 0.345313 0.616204 0.038542 0.112037
6 0.343229 0.587037 0.038542 0.116667
7 0.182812 0.599537 0.025000 0.152778
0 0.236198 0.612963 0.120313 0.146296
5 0.313281 0.681481 0.068229 0.190741
6 0.314063 0.629167 0.060417 0.178704