4 0.444531 0.537963 0.018229 0.035185
3 0.461719 0.532407 0.018229 0.020370
1 0.480208 0.529167 0.021875 0.030556
6 0.542708 0.537963 0.004167 0.011111
3 0.551302 0.537500 0.008854 0.015741
1 0.579688 0.536574 0.051042 0.054630
0 0.587500 0.561574 0.039583 0.049074
8 0.623177 0.562500 0.005729 0.025000
6 0.623437 0.553704 0.007292 0.035185
5 0.696094 0.576389 0.017188 0.023148
5 0.704948 0.575000 0.027604 0.038889
0 0.485677 0.552778 0.014063 0.035185
5 0.459896 0.560648 0.012500 0.030556
6 0.460417 0.546759 0.012500 0.032407
4 0.508333 0.552778 0.039583 0.085185
10 0.103385 0.427315 0.050521 0.078704
4 0.282292 0.500000 0.290625 0.564815
0 0.857552 0.789815 0.281771 0.418519
1 0.527604 0.533333 0.030208 0.051852