7 0.053906 0.626389 0.065104 0.275000
7 0.058854 0.800926 0.116667 0.398148
7 0.383854 0.518981 0.011458 0.028704
5 0.456771 0.561111 0.030208 0.066667
5 0.473438 0.544444 0.013542 0.031481
7 0.483333 0.540741 0.015625 0.072222
7 0.491146 0.541204 0.010417 0.069444
7 0.498177 0.568519 0.023438 0.088889
7 0.525521 0.518519 0.007292 0.020370
7 0.530208 0.530556 0.010417 0.024074
7 0.531771 0.558796 0.017708 0.069444
7 0.517448 0.524537 0.016146 0.034259
7 0.497135 0.548148 0.013021 0.059259
7 0.497656 0.518981 0.007812 0.023148
7 0.505729 0.516204 0.005208 0.015741
7 0.510156 0.519907 0.006771 0.015741
2 0.535417 0.526852 0.008333 0.020370
5 0.541667 0.537500 0.011458 0.028704
6 0.542969 0.530556 0.011979 0.037037
0 0.548177 0.543519 0.010937 0.050000
2 0.565365 0.542130 0.028646 0.069444
7 0.592708 0.555556 0.011458 0.079630
7 0.584115 0.550000 0.017188 0.088889
5 0.566667 0.578241 0.030208 0.075000
6 0.566146 0.556481 0.022917 0.085185
7 0.610417 0.551852 0.017708 0.085185
7 0.623437 0.553704 0.011458 0.083333
7 0.637760 0.519907 0.006771 0.013889
7 0.630469 0.559722 0.016146 0.108333
7 0.625781 0.531019 0.016146 0.045370
7 0.642969 0.550926 0.017188 0.081481
7 0.661979 0.531019 0.015625 0.028704
7 0.646615 0.551389 0.019271 0.073148
7 0.683854 0.562963 0.017708 0.075926
7 0.699740 0.572222 0.023438 0.101852
5 0.519271 0.623611 0.043750 0.130556
6 0.528646 0.594444 0.018750 0.127778
6 0.515625 0.588426 0.039583 0.143519
6 0.636458 0.668519 0.044792 0.244444
6 0.678906 0.702315 0.102604 0.334259
5 0.669531 0.800463 0.131771 0.350926
5 0.881250 0.588426 0.023958 0.071296
5 0.966927 0.741667 0.066146 0.251852
7 0.730469 0.661111 0.040104 0.177778
7 0.742708 0.638426 0.022917 0.175000
7 0.761719 0.645370 0.047396 0.209259
7 0.772917 0.546296 0.017708 0.044444
7 0.782552 0.549074 0.018229 0.042593
7 0.792448 0.619907 0.036979 0.197222
7 0.818750 0.564352 0.028125 0.108333
7 0.838281 0.537037 0.022396 0.081481
7 0.836458 0.532407 0.007292 0.027778
0 0.885417 0.551852 0.034375 0.062963
7 0.868229 0.568519 0.027083 0.103704
7 0.854688 0.517593 0.010417 0.012963
7 0.941406 0.518519 0.048438 0.103704
7 0.937760 0.549074 0.033854 0.087037
7 0.898958 0.567130 0.023958 0.084259
7 0.972917 0.568519 0.041667 0.122222
7 0.924219 0.731019 0.094271 0.430556
7 0.847135 0.760648 0.103646 0.478704
7 0.990625 0.833796 0.018750 0.195370
5 0.455729 0.554167 0.038542 0.041667