0 0.407552 0.551852 0.058854 0.059259
5 0.167187 0.540741 0.037500 0.046296
7 0.597917 0.556019 0.007292 0.026852
4 0.650000 0.512037 0.061458 0.074074
4 0.526823 0.529167 0.107813 0.128704
13 0.658333 0.358333 0.011458 0.018519
13 0.656771 0.415278 0.011458 0.086111
5 0.764062 0.781481 0.066667 0.187037
6 0.743750 0.573148 0.039583 0.112963
6 0.763021 0.606019 0.060417 0.189815
6 0.730990 0.635648 0.061979 0.223148
5 0.071094 0.761111 0.054688 0.153704
6 0.088281 0.627778 0.052604 0.155556
5 0.272917 0.741667 0.093750 0.246296
6 0.278646 0.702778 0.078125 0.329630
6 0.250781 0.686111 0.092188 0.266667
4 0.077083 0.483796 0.153125 0.186111
5 0.472135 0.807407 0.132812 0.350000
6 0.479687 0.739815 0.118750 0.425926
5 0.376042 0.881481 0.143750 0.235185
6 0.384115 0.774074 0.163021 0.448148
5 0.890365 0.782870 0.109896 0.289815
6 0.920052 0.708796 0.108854 0.391667
5 0.656250 0.839352 0.201042 0.313889
6 0.660156 0.761111 0.188021 0.475926
5 0.944792 0.876852 0.109375 0.246296
6 0.953906 0.822685 0.086979 0.104630
5 0.039583 0.811574 0.078125 0.289815
5 0.173437 0.842593 0.176042 0.312963
6 0.221615 0.771296 0.150521 0.455556
6 0.166667 0.770833 0.175000 0.445370
6 0.941927 0.734259 0.113021 0.435185