2 0.135937 0.693519 0.270833 0.612963
0 0.429948 0.782407 0.345313 0.435185
5 0.302604 0.595370 0.030208 0.100000
7 0.389583 0.556481 0.015625 0.035185
7 0.410677 0.547685 0.007812 0.039815
7 0.435417 0.548148 0.016667 0.038889
7 0.423958 0.550926 0.016667 0.046296
6 0.433594 0.553704 0.013021 0.050000
0 0.553125 0.591204 0.037500 0.102778
0 0.517188 0.521759 0.029167 0.041667
6 0.527344 0.503704 0.013021 0.048148
6 0.516667 0.515278 0.015625 0.026852
6 0.530469 0.509722 0.015104 0.054630
1 0.573958 0.535648 0.058333 0.113889
3 0.545052 0.546296 0.020313 0.037037
0 0.555990 0.587500 0.032813 0.095370
6 0.566927 0.566667 0.016146 0.075926
5 0.571094 0.578241 0.011979 0.045370
0 0.589063 0.570833 0.032292 0.067593
0 0.616927 0.590278 0.066146 0.112037
7 0.610156 0.535648 0.008854 0.019444
3 0.651042 0.526852 0.022917 0.022222
0 0.655469 0.537500 0.019271 0.023148
1 0.723698 0.530093 0.060937 0.084259
0 0.681250 0.540741 0.045833 0.040741
2 0.751823 0.549074 0.046354 0.053704
0 0.762240 0.583333 0.073438 0.090741
2 0.802083 0.563889 0.033333 0.062963
6 0.814844 0.557407 0.018229 0.044444
6 0.822917 0.563426 0.018750 0.050926
2 0.904167 0.559259 0.054167 0.059259
6 0.878906 0.552315 0.022396 0.050926
6 0.941667 0.558796 0.027083 0.062037
0 0.985156 0.560185 0.029687 0.050000
0 0.985156 0.599074 0.029687 0.090741
7 0.968750 0.562963 0.011458 0.037037
0 0.503646 0.572222 0.092708 0.107407
0 0.680729 0.621759 0.128125 0.165741
0 0.861458 0.743056 0.277083 0.362037