5 0.035937 0.734259 0.070833 0.205556
5 0.211198 0.825926 0.142187 0.344444
6 0.228646 0.737963 0.088542 0.350000
6 0.224219 0.754167 0.091146 0.386111
6 0.167708 0.779167 0.104167 0.378704
7 0.308073 0.536574 0.020313 0.082407
5 0.354687 0.565278 0.039583 0.073148
5 0.343490 0.584722 0.023438 0.062037
0 0.425260 0.536111 0.042188 0.033333
2 0.467187 0.524537 0.030208 0.037963
1 0.507292 0.495833 0.032292 0.037963
1 0.558854 0.500000 0.043750 0.068519
1 0.601823 0.496296 0.040104 0.048148
0 0.625781 0.511574 0.013021 0.013889
6 0.627604 0.512963 0.006250 0.014815
6 0.619271 0.511111 0.008333 0.018519
1 0.666927 0.501852 0.071354 0.087037
2 0.833594 0.524074 0.035937 0.057407
5 0.821875 0.554167 0.014583 0.054630
5 0.910156 0.552778 0.021354 0.053704
5 0.924740 0.556019 0.015104 0.036111
5 0.890885 0.571759 0.040104 0.082407
6 0.883333 0.545833 0.015625 0.089815
6 0.892708 0.543519 0.023958 0.090741
6 0.932813 0.519907 0.023958 0.063889
4 0.758594 0.505093 0.117188 0.126852
7 0.680208 0.514352 0.011458 0.043519
0 0.566927 0.520833 0.010937 0.015741
0 0.582292 0.525463 0.023958 0.032407
0 0.594531 0.536111 0.039062 0.048148
0 0.630208 0.568519 0.062500 0.100000
0 0.741927 0.623611 0.192188 0.204630
6 0.560156 0.536574 0.018229 0.052778
0 0.547917 0.538426 0.015625 0.043519
6 0.594531 0.581481 0.038021 0.125926
5 0.594792 0.618056 0.027083 0.100926
0 0.514323 0.575000 0.076563 0.133333
5 0.570052 0.671296 0.064062 0.194444
6 0.568229 0.625926 0.072917 0.198148
5 0.383333 0.619444 0.032292 0.100000
6 0.386198 0.562963 0.026562 0.068519
0 0.447917 0.651389 0.143750 0.223148
4 0.945052 0.701852 0.107813 0.524074
10 0.391406 0.475926 0.017188 0.055556