1 0.519792 0.521296 0.012500 0.014815
0 0.520052 0.524537 0.008854 0.008333
0 0.633594 0.536574 0.024479 0.026852
1 0.693750 0.532407 0.103125 0.122222
0 0.528646 0.531944 0.016667 0.025000
5 0.502083 0.534259 0.005208 0.009259
1 0.571875 0.524537 0.078125 0.130556
6 0.502083 0.525463 0.005208 0.012037
5 0.491927 0.538426 0.006771 0.013889
6 0.492188 0.526389 0.005208 0.010185
0 0.514844 0.534259 0.018229 0.027778
5 0.498177 0.537963 0.006771 0.012963
6 0.498958 0.530093 0.007292 0.021296
5 0.488021 0.550926 0.007292 0.018519
6 0.487500 0.539352 0.011458 0.030556
5 0.505469 0.547222 0.008854 0.024074
6 0.505990 0.538889 0.009896 0.029630
0 0.830729 0.741204 0.297917 0.354630
3 0.421354 0.542593 0.032292 0.081481
0 0.474740 0.532407 0.013021 0.016667