4 0.429688 0.529630 0.022917 0.024074
2 0.423177 0.537500 0.013021 0.019444
2 0.469531 0.531944 0.015104 0.026852
13 0.497135 0.497685 0.002604 0.015741
5 0.487760 0.536574 0.013021 0.015741
6 0.484635 0.531481 0.005729 0.014815
6 0.487760 0.531481 0.004687 0.016667
0 0.516146 0.531944 0.006250 0.010185
5 0.479427 0.546759 0.006771 0.023148
6 0.479948 0.540278 0.009896 0.026852
0 0.408073 0.546296 0.040104 0.031481
5 0.430208 0.558796 0.010417 0.030556
6 0.430990 0.549537 0.009896 0.037963
5 0.375521 0.563426 0.013542 0.037963
6 0.375521 0.553241 0.013542 0.043519
0 0.126042 0.541204 0.060417 0.056481
7 0.155469 0.586574 0.021354 0.119444
2 0.207552 0.604167 0.091146 0.163889
5 0.292969 0.689352 0.072396 0.189815
6 0.293750 0.639815 0.065625 0.192593
0 0.059115 0.534722 0.076563 0.062037
4 0.544792 0.526852 0.039583 0.074074
0 0.567969 0.539815 0.006771 0.020370
0 0.578906 0.541667 0.009896 0.025926
6 0.585156 0.547685 0.007812 0.025000
5 0.585677 0.554630 0.006771 0.024074
6 0.610156 0.553241 0.009896 0.036111
5 0.611719 0.557870 0.013021 0.028704
6 0.620052 0.554167 0.007812 0.025000
5 0.621615 0.559722 0.008854 0.017593
5 0.599219 0.567130 0.011979 0.037963
0 0.655469 0.589815 0.077604 0.100000
0 0.781771 0.599074 0.118750 0.166667
7 0.696615 0.563889 0.007812 0.044444
5 0.907292 0.628241 0.051042 0.093519
6 0.891146 0.595370 0.021875 0.101852
6 0.905729 0.605093 0.032292 0.102778
6 0.596875 0.557870 0.013542 0.041667
10 0.347656 0.502778 0.021354 0.014815
7 0.341667 0.543519 0.007292 0.031481
5 0.577083 0.549074 0.004167 0.016667
6 0.576823 0.544444 0.004687 0.020370