0 0.219271 0.550000 0.034375 0.035185
5 0.250521 0.570370 0.015625 0.037037
0 0.270833 0.543519 0.023958 0.027778
3 0.291406 0.543056 0.018229 0.050926
3 0.316667 0.547222 0.031250 0.050000
3 0.388542 0.544444 0.032292 0.070370
8 0.419792 0.566667 0.033333 0.035185
3 0.460156 0.552315 0.045312 0.071296
3 0.595573 0.556944 0.047396 0.095370
7 0.623437 0.564815 0.012500 0.075926
7 0.635938 0.556481 0.008333 0.051852
7 0.640625 0.555556 0.012500 0.057407
7 0.648177 0.563889 0.008854 0.042593
7 0.667188 0.577778 0.023958 0.103704
7 0.664323 0.585648 0.023438 0.089815
5 0.759635 0.580093 0.056771 0.060185
7 0.747917 0.540741 0.010417 0.024074
6 0.759635 0.567593 0.025521 0.085185
7 0.816406 0.562963 0.014063 0.072222
7 0.831510 0.555556 0.016146 0.070370
7 0.874219 0.562500 0.019271 0.071296
7 0.860677 0.566667 0.014063 0.070370
7 0.881771 0.550463 0.010417 0.045370
7 0.894010 0.532870 0.007812 0.021296
7 0.920833 0.549074 0.014583 0.055556
7 0.904427 0.573148 0.018229 0.088889
7 0.895833 0.579630 0.015625 0.074074
7 0.951042 0.493056 0.014583 0.030556
7 0.945312 0.500463 0.011458 0.017593
7 0.774740 0.534722 0.009896 0.025000
7 0.702865 0.716667 0.077604 0.394444
3 0.544271 0.543056 0.030208 0.091667
3 0.569531 0.533796 0.032813 0.084259
7 0.561979 0.543519 0.011458 0.033333
7 0.560677 0.578241 0.009896 0.041667
7 0.576042 0.626389 0.038542 0.206481
7 0.519010 0.575000 0.018229 0.038889
7 0.541667 0.604167 0.039583 0.102778
7 0.514062 0.620370 0.020833 0.077778
7 0.500521 0.615741 0.022917 0.100000
7 0.477344 0.615741 0.024479 0.124074
7 0.465104 0.547685 0.009375 0.043519
7 0.456250 0.580556 0.014583 0.068519
7 0.448698 0.552315 0.008854 0.049074
7 0.440625 0.565741 0.017708 0.072222
7 0.422135 0.575000 0.015104 0.059259
7 0.367708 0.567593 0.008333 0.018519
7 0.271354 0.543056 0.006250 0.015741
7 0.273177 0.562037 0.010937 0.040741
7 0.264323 0.559722 0.010937 0.049074
7 0.254427 0.536574 0.003646 0.012037
6 0.248698 0.559722 0.009896 0.043519
6 0.252865 0.560185 0.013021 0.050000
7 0.237760 0.537500 0.005729 0.013889
7 0.239063 0.556944 0.005208 0.025000
7 0.294271 0.560185 0.006250 0.025926
7 0.309635 0.555556 0.005729 0.038889
7 0.317188 0.558333 0.007292 0.035185
2 0.195052 0.554630 0.020313 0.038889
0 0.177083 0.551389 0.017708 0.036111
5 0.146875 0.588889 0.021875 0.046296
6 0.145313 0.574074 0.020833 0.055556
0 0.139583 0.556944 0.013542 0.034259
7 0.134375 0.542130 0.004167 0.013889
7 0.130208 0.556944 0.007292 0.039815
7 0.354687 0.561111 0.015625 0.033333
7 0.084896 0.526389 0.006250 0.019444
7 0.096354 0.525926 0.005208 0.020370
7 0.114844 0.525926 0.006771 0.025926
7 0.108333 0.526389 0.005208 0.019444
7 0.119010 0.525000 0.004687 0.016667
7 0.132292 0.531481 0.005208 0.016667
7 0.126042 0.531019 0.004167 0.013889
7 0.125000 0.543519 0.005208 0.011111
7 0.123698 0.557407 0.006771 0.037037
7 0.110417 0.543519 0.004167 0.014815
7 0.116146 0.543981 0.004167 0.010185
7 0.112240 0.558796 0.007812 0.032407
7 0.119010 0.561574 0.008854 0.047222
7 0.099479 0.536574 0.003125 0.008333
7 0.097135 0.540741 0.004687 0.016667
7 0.091927 0.549074 0.006771 0.024074
7 0.100521 0.553241 0.008333 0.025000
7 0.087240 0.539815 0.005729 0.012963
7 0.085677 0.551389 0.005729 0.019444
7 0.070312 0.550000 0.006250 0.016667
7 0.079427 0.577315 0.017188 0.032407
7 0.113542 0.585648 0.014583 0.043519
7 0.104427 0.585648 0.016146 0.043519
7 0.089063 0.625463 0.044792 0.117593
7 0.133073 0.800463 0.069271 0.399074
5 0.023177 0.567130 0.013021 0.025000
7 0.032031 0.563889 0.005729 0.038889
7 0.038802 0.547222 0.004687 0.014815
7 0.040365 0.553241 0.004687 0.019444
7 0.047917 0.548148 0.005208 0.012963
7 0.044531 0.552315 0.005729 0.012037
7 0.039844 0.574074 0.013021 0.038889
7 0.045833 0.570370 0.010417 0.033333
7 0.060677 0.561111 0.021354 0.061111
7 0.043490 0.592130 0.016146 0.058333
7 0.059115 0.643519 0.028646 0.131481
7 0.063802 0.590278 0.029687 0.037963
7 0.042708 0.656481 0.019792 0.120370
7 0.015104 0.606944 0.019792 0.058333
7 0.024479 0.730093 0.047917 0.280556
7 0.088542 0.768519 0.109375 0.355556
5 0.071354 0.926389 0.135417 0.147222
6 0.059896 0.952315 0.119792 0.091667
7 0.005469 0.536574 0.008854 0.025000
7 0.013542 0.547685 0.006250 0.010185
7 0.003906 0.571296 0.006771 0.029630
0 0.008333 0.562500 0.015625 0.026852
5 0.023698 0.566667 0.013021 0.025926
3 0.163802 0.563889 0.021354 0.042593
7 0.184635 0.557870 0.005729 0.034259
7 0.296615 0.552315 0.008854 0.039815
7 0.458854 0.551852 0.005208 0.024074
7 0.469792 0.574074 0.009375 0.044444
7 0.566146 0.591667 0.011458 0.092593
7 0.864062 0.526852 0.010417 0.027778