5 0.382812 0.679167 0.064583 0.187963
7 0.411979 0.577778 0.013542 0.070370
7 0.425521 0.576852 0.017708 0.096296
7 0.427604 0.542130 0.010417 0.036111
7 0.435677 0.583796 0.020313 0.078704
5 0.451562 0.587037 0.028125 0.087037
5 0.469531 0.590278 0.021354 0.069444
6 0.470052 0.567130 0.018229 0.069444
6 0.473177 0.546759 0.010937 0.041667
6 0.500521 0.546296 0.009375 0.040741
7 0.492969 0.570833 0.019271 0.104630
7 0.485156 0.584722 0.021354 0.108333
5 0.510938 0.577778 0.020833 0.059259
6 0.508854 0.559722 0.018750 0.067593
5 0.525000 0.568981 0.016667 0.052778
6 0.524479 0.557407 0.016667 0.057407
5 0.540625 0.581019 0.023958 0.069444
6 0.538021 0.565278 0.020833 0.069444
5 0.559115 0.572222 0.023438 0.042593
6 0.552865 0.542593 0.007812 0.031481
6 0.560937 0.557870 0.012500 0.052778
5 0.579948 0.573148 0.029687 0.057407
7 0.571615 0.570833 0.015104 0.087963
0 0.619531 0.581481 0.056771 0.083333
5 0.638281 0.594907 0.026562 0.065741
5 0.603906 0.593056 0.024479 0.075000
6 0.602604 0.580556 0.031250 0.096296
6 0.602344 0.573148 0.017188 0.064815
6 0.669010 0.675926 0.043229 0.279630
6 0.704167 0.687500 0.094792 0.291667
5 0.700521 0.773611 0.109375 0.291667
5 0.942187 0.860648 0.112500 0.278704
6 0.967969 0.786574 0.064062 0.365741
7 0.032813 0.776852 0.062500 0.383333
7 0.009635 0.527315 0.016146 0.234259
7 0.388021 0.553704 0.015625 0.040741