7 0.564063 0.557870 0.008333 0.025000
5 0.575521 0.562963 0.006250 0.016667
6 0.575781 0.557407 0.005729 0.020370
7 0.569010 0.571759 0.013021 0.054630
7 0.584635 0.565741 0.010937 0.059259
7 0.601823 0.547685 0.009896 0.043519
5 0.611979 0.634722 0.035417 0.093519
6 0.611198 0.597222 0.033854 0.120370
7 0.669792 0.543519 0.005208 0.029630
7 0.666146 0.557407 0.010417 0.062963
7 0.680729 0.543519 0.009375 0.022222
7 0.664583 0.607407 0.023958 0.131481
2 0.709635 0.579630 0.092188 0.166667
5 0.770833 0.663426 0.091667 0.156481
7 0.865625 0.500000 0.036458 0.096296
6 0.834115 0.573148 0.031771 0.094444
6 0.915104 0.624537 0.095833 0.125000
5 0.956510 0.774537 0.086979 0.308333
6 0.842187 0.726852 0.079167 0.416667
6 0.904167 0.762037 0.145833 0.466667
5 0.903646 0.833796 0.192708 0.332407
7 0.551823 0.566204 0.009896 0.037963
5 0.544792 0.572685 0.009375 0.026852
6 0.544531 0.562963 0.009896 0.033333
6 0.520312 0.561111 0.010417 0.022222
6 0.524219 0.565741 0.009896 0.029630
7 0.509115 0.555556 0.008854 0.018519
7 0.509635 0.560648 0.005729 0.017593
7 0.484115 0.555093 0.010937 0.017593
7 0.492448 0.551389 0.016146 0.032407
7 0.477344 0.563889 0.009896 0.020370
7 0.467969 0.581481 0.013021 0.059259
7 0.454948 0.595370 0.020313 0.079630
0 0.493490 0.627778 0.071354 0.129630
6 0.525521 0.590741 0.022917 0.083333
5 0.535677 0.662037 0.041146 0.148148
6 0.533854 0.629630 0.037500 0.148148
5 0.496615 0.710648 0.059896 0.167593
6 0.497135 0.647222 0.058854 0.190741
5 0.558333 0.587500 0.016667 0.047222
6 0.557031 0.572685 0.015104 0.052778
7 0.431771 0.685185 0.030208 0.172222
7 0.391927 0.675926 0.028646 0.198148
7 0.422396 0.712037 0.052083 0.201852
7 0.346875 0.694444 0.051042 0.318519
7 0.345833 0.609259 0.041667 0.155556
7 0.271875 0.619907 0.036458 0.160185
7 0.293229 0.685185 0.064583 0.324074
5 0.245833 0.694444 0.079167 0.235185
5 0.210156 0.718056 0.133854 0.271296
7 0.142969 0.806019 0.074479 0.306481
7 0.293750 0.747685 0.085417 0.386111
7 0.363542 0.732870 0.076042 0.341667
7 0.214844 0.790278 0.081771 0.419444
5 0.039844 0.871296 0.078646 0.257407