4 0.502604 0.518056 0.013542 0.026852
2 0.515885 0.525000 0.008854 0.016667
3 0.531250 0.524074 0.004167 0.012963
3 0.526302 0.522685 0.009896 0.025000
4 0.539062 0.525000 0.012500 0.025926
3 0.550781 0.523148 0.005729 0.012963
1 0.567187 0.521759 0.018750 0.034259
0 0.655469 0.529167 0.024479 0.019444
5 0.635677 0.541667 0.009896 0.022222
6 0.635156 0.536111 0.007812 0.027778
7 0.690625 0.540741 0.007292 0.038889
7 0.717969 0.542130 0.011979 0.039815
7 0.952604 0.537500 0.011458 0.041667
7 0.730469 0.547222 0.010937 0.037037
7 0.756250 0.544907 0.012500 0.050926
10 0.798958 0.599074 0.015625 0.038889
0 0.522656 0.530093 0.013021 0.021296
3 0.373958 0.527778 0.033333 0.040741
5 0.407813 0.529630 0.014583 0.022222
5 0.509635 0.551852 0.015104 0.042593
6 0.509896 0.543519 0.013542 0.040741
5 0.542708 0.577315 0.029167 0.071296
6 0.543229 0.560648 0.025000 0.075000
0 0.597656 0.556481 0.053646 0.068519
5 0.699219 0.684259 0.086979 0.196296
6 0.695573 0.615278 0.058854 0.204630