0 0.508333 0.539815 0.006250 0.009259
6 0.514323 0.542130 0.005729 0.013889
6 0.502865 0.539352 0.002604 0.010185
5 0.503125 0.544444 0.003125 0.009259
6 0.505729 0.541667 0.004167 0.012963
5 0.505729 0.545833 0.003125 0.010185
5 0.514062 0.548611 0.005208 0.010185
5 0.520052 0.567593 0.011979 0.033333
6 0.520573 0.556019 0.014063 0.041667
6 0.498698 0.543981 0.005729 0.017593
5 0.498958 0.548148 0.005208 0.016667
5 0.483594 0.555093 0.008854 0.026852
6 0.484115 0.548611 0.008854 0.036111
5 0.472656 0.562963 0.013021 0.040741
6 0.472656 0.552315 0.011979 0.037963
5 0.447396 0.588426 0.019792 0.060185
6 0.448437 0.570833 0.020833 0.069444
6 0.445833 0.569444 0.019792 0.068519
5 0.377604 0.656481 0.050000 0.120370
6 0.383854 0.612963 0.033333 0.144444
6 0.371875 0.605093 0.042708 0.139815
7 0.949740 0.576389 0.019271 0.110185
3 0.986198 0.604630 0.027604 0.055556
2 0.710938 0.548148 0.016667 0.051852
0 0.563542 0.538889 0.006250 0.011111
0 0.576562 0.543981 0.016667 0.017593
5 0.585938 0.549537 0.004167 0.015741
6 0.585938 0.543981 0.005208 0.013889
5 0.594010 0.551389 0.006771 0.023148
6 0.593229 0.542130 0.006250 0.017593
5 0.606510 0.553704 0.005729 0.018519
6 0.606250 0.543981 0.005208 0.019444
5 0.610417 0.551852 0.009375 0.024074
6 0.609896 0.540278 0.007292 0.028704
2 0.631510 0.556944 0.034896 0.069444
6 0.661458 0.543056 0.007292 0.025000
5 0.666146 0.559259 0.015625 0.035185
6 0.666927 0.548148 0.013021 0.038889
4 0.820052 0.567130 0.210938 0.219444
5 0.036979 0.846759 0.073958 0.297222
6 0.027083 0.834722 0.053125 0.267593