5 0.531771 0.541204 0.006250 0.012037
4 0.541927 0.531481 0.026562 0.044444
5 0.568229 0.546759 0.019792 0.026852
6 0.568750 0.541667 0.011458 0.031481
6 0.572656 0.542130 0.009896 0.026852
0 0.613021 0.538889 0.010417 0.012963
5 0.635938 0.552315 0.005208 0.012037
6 0.635156 0.544444 0.006771 0.014815
5 0.525521 0.543981 0.009375 0.019444
6 0.525781 0.537037 0.009896 0.024074
5 0.514844 0.543519 0.006771 0.012963
6 0.514062 0.535185 0.006250 0.016667
5 0.494792 0.545833 0.007292 0.015741
6 0.495833 0.536111 0.009375 0.024074
5 0.501302 0.550463 0.008854 0.017593
6 0.500521 0.537500 0.007292 0.021296
5 0.508333 0.560648 0.011458 0.026852
6 0.507552 0.543519 0.014063 0.046296
5 0.453906 0.549074 0.008854 0.024074
7 0.461458 0.544907 0.009375 0.039815
3 0.441146 0.517593 0.018750 0.018519
5 0.396875 0.544907 0.016667 0.025000
0 0.436979 0.538889 0.025000 0.042593
5 0.405729 0.550000 0.021875 0.027778
5 0.426563 0.547685 0.013542 0.039815
7 0.475000 0.539815 0.010417 0.035185
7 0.348958 0.561574 0.018750 0.036111
5 0.481250 0.563426 0.017708 0.049074
6 0.480208 0.551852 0.020833 0.057407
5 0.328125 0.583333 0.035417 0.068519
10 0.271354 0.465741 0.022917 0.042593
4 0.764583 0.537963 0.097917 0.064815
0 0.748698 0.558333 0.028646 0.059259
0 0.798438 0.558796 0.032292 0.060185
5 0.903385 0.610648 0.035937 0.062037
6 0.902344 0.581481 0.023438 0.068519
10 0.929427 0.392593 0.055729 0.094444
3 0.952083 0.578704 0.093750 0.129630
3 0.373958 0.554630 0.036458 0.090741
3 0.826562 0.553241 0.018750 0.030556