8 0.134115 0.729630 0.050521 0.181481
7 0.076302 0.868981 0.075521 0.262037
7 0.193490 0.717130 0.179688 0.565741
7 0.306510 0.713889 0.072396 0.320370
3 0.471354 0.422685 0.317708 0.643519
7 0.647917 0.537963 0.044792 0.103704
7 0.674219 0.565278 0.022396 0.076852
7 0.656771 0.593981 0.034375 0.106481
7 0.629427 0.740741 0.073438 0.375926
5 0.698698 0.571296 0.022396 0.035185
6 0.698958 0.548611 0.015625 0.026852
6 0.716927 0.542130 0.008854 0.013889
6 0.709896 0.548148 0.011458 0.018519
6 0.699219 0.554167 0.010937 0.013889
7 0.705469 0.585648 0.030729 0.065741
0 0.762240 0.600000 0.115104 0.127778
7 0.740625 0.610648 0.041667 0.104630
7 0.727344 0.672222 0.032813 0.175926
7 0.707031 0.684259 0.052604 0.207407
7 0.683333 0.798148 0.077083 0.403704
7 0.531510 0.684259 0.093229 0.496296
7 0.413542 0.800000 0.170833 0.400000
7 0.488021 0.849537 0.080208 0.300926
7 0.570833 0.936111 0.132292 0.127778
7 0.586979 0.831019 0.095833 0.337963
7 0.767448 0.533796 0.006771 0.012037
7 0.774479 0.534259 0.008333 0.016667
7 0.794271 0.537500 0.012500 0.028704
7 0.807292 0.551389 0.018750 0.052778
0 0.920573 0.548611 0.095312 0.108333
7 0.872396 0.565278 0.016667 0.050926
5 0.867969 0.754167 0.093229 0.225000
6 0.827865 0.581019 0.036979 0.143519
6 0.859635 0.636574 0.090104 0.230556
5 0.911979 0.695833 0.052083 0.128704
6 0.891667 0.562500 0.034375 0.119444
6 0.905208 0.611111 0.038542 0.168519
4 0.954948 0.552315 0.090104 0.191667
5 0.948438 0.825000 0.100000 0.350000
6 0.924219 0.721759 0.050521 0.350926
6 0.957031 0.765278 0.085938 0.469444
7 0.775521 0.772222 0.173958 0.453704
7 0.885938 0.905556 0.104167 0.188889