5 0.318229 0.581481 0.028125 0.027778
6 0.317448 0.570370 0.005729 0.037037
6 0.314583 0.570833 0.008333 0.034259
6 0.310156 0.569444 0.009896 0.040741
0 0.285156 0.596296 0.025521 0.079630
0 0.280469 0.604630 0.022396 0.077778
3 0.287500 0.649074 0.039583 0.083333
4 0.140885 0.500926 0.280729 0.998148
7 0.363281 0.575000 0.009896 0.048148
7 0.375260 0.571759 0.009896 0.054630
7 0.372656 0.587037 0.007812 0.035185
7 0.380729 0.579167 0.010417 0.060185
7 0.380729 0.574074 0.007292 0.042593
7 0.391927 0.574074 0.011979 0.057407
7 0.421875 0.571759 0.009375 0.058333
7 0.414844 0.569444 0.007812 0.055556
7 0.408073 0.568519 0.007812 0.038889
7 0.402083 0.578241 0.011458 0.062037
7 0.431510 0.568519 0.013021 0.038889
0 0.485156 0.549074 0.017188 0.018519
0 0.486458 0.545833 0.005208 0.015741
7 0.464062 0.569444 0.027083 0.079630
5 0.448177 0.675926 0.048438 0.144444
7 0.443229 0.558333 0.020833 0.037037
6 0.446094 0.624537 0.039062 0.163889
7 0.512500 0.577778 0.017708 0.070370
7 0.506250 0.558796 0.011458 0.028704
7 0.499219 0.565741 0.027604 0.057407
5 0.498177 0.716667 0.068229 0.194444
6 0.478906 0.577778 0.014063 0.048148
6 0.493750 0.676852 0.064583 0.253704
6 0.506250 0.678241 0.056250 0.186111
5 0.546615 0.615741 0.016146 0.042593
6 0.547656 0.735648 0.036979 0.352778
6 0.585938 0.723611 0.081250 0.369444
0 0.657552 0.566204 0.115104 0.128704
7 0.724219 0.623611 0.059896 0.204630
7 0.674219 0.618981 0.050521 0.149074
7 0.676302 0.706019 0.048438 0.115741
7 0.636719 0.612500 0.055729 0.150926
4 0.858073 0.706019 0.280729 0.587963
6 0.795052 0.630556 0.050521 0.177778
5 0.812760 0.747685 0.164062 0.200926
6 0.758073 0.784722 0.132812 0.426852
5 0.610156 0.836574 0.154688 0.271296
5 0.773177 0.895833 0.315104 0.208333
6 0.618490 0.779630 0.156771 0.438889