3 0.514062 0.537963 0.010417 0.012963
3 0.518750 0.535648 0.008333 0.017593
4 0.501563 0.542130 0.019792 0.034259
2 0.527865 0.545833 0.014063 0.026852
4 0.550521 0.528704 0.043750 0.087037
3 0.601823 0.544907 0.011979 0.025000
4 0.650000 0.515741 0.061458 0.085185
3 0.737760 0.528241 0.020313 0.025000
6 0.795573 0.569444 0.009896 0.051852
4 0.718229 0.558333 0.058333 0.105556
13 0.658073 0.358796 0.013021 0.017593
13 0.657292 0.416667 0.012500 0.083333
5 0.801823 0.579630 0.020313 0.048148
6 0.800260 0.564352 0.015104 0.045370
5 0.764583 0.781481 0.064583 0.185185
6 0.745052 0.572685 0.040104 0.115741
6 0.763802 0.609722 0.058854 0.199074
7 0.487500 0.547685 0.006250 0.028704
5 0.573438 0.565278 0.010417 0.026852
6 0.726042 0.631481 0.067708 0.216667
6 0.573438 0.549074 0.017708 0.037037
4 0.347135 0.515741 0.227604 0.166667
6 0.574740 0.546759 0.014063 0.032407
7 0.120573 0.506019 0.015104 0.047222
5 0.070573 0.503704 0.030729 0.046296
5 0.160417 0.537963 0.051042 0.059259
6 0.145833 0.510185 0.019792 0.042593
5 0.886979 0.777778 0.105208 0.290741
6 0.916406 0.711574 0.104688 0.399074
6 0.942969 0.739815 0.110937 0.422222
5 0.942708 0.875463 0.111458 0.247222
6 0.950260 0.816667 0.097396 0.111111
5 0.651302 0.842130 0.200521 0.313889
6 0.658594 0.758333 0.190104 0.479630
5 0.482031 0.809722 0.111979 0.350926
6 0.487500 0.738426 0.104167 0.430556
5 0.281771 0.743056 0.079167 0.250926
6 0.277083 0.705556 0.077083 0.325926
6 0.249219 0.687037 0.091146 0.272222
6 0.175260 0.621759 0.056771 0.073148
5 0.067448 0.761111 0.057813 0.164815
6 0.090104 0.618519 0.057292 0.170370
5 0.035937 0.821759 0.070833 0.300926
6 0.017448 0.849074 0.033854 0.298148
5 0.385937 0.864815 0.166667 0.266667
6 0.401302 0.775463 0.127604 0.447222
5 0.173437 0.844444 0.175000 0.307407
6 0.224479 0.773611 0.141667 0.450926
6 0.167448 0.766204 0.175521 0.447222
7 0.041667 0.494444 0.011458 0.055556