2 0.085156 0.724537 0.169271 0.550926
6 0.163802 0.631481 0.052604 0.138889
5 0.178906 0.671296 0.043229 0.068519
2 0.309635 0.617593 0.188021 0.311111
5 0.392188 0.721296 0.058333 0.172222
6 0.407813 0.605093 0.057292 0.152778
5 0.265885 0.865278 0.169271 0.269444
6 0.291667 0.701389 0.115625 0.304630
6 0.254688 0.774074 0.191667 0.451852
0 0.431510 0.558333 0.073438 0.087037
2 0.469271 0.535185 0.046875 0.051852
4 0.472917 0.508796 0.034375 0.036111
3 0.529948 0.542130 0.078646 0.060185
6 0.509635 0.500926 0.014063 0.033333
6 0.521875 0.484259 0.016667 0.066667
6 0.507552 0.508333 0.016146 0.031481
6 0.519792 0.487963 0.040625 0.075926
1 0.541667 0.507870 0.059375 0.091667
1 0.657813 0.525463 0.182292 0.293519
1 0.791406 0.516204 0.093229 0.067593
4 0.861198 0.514352 0.098437 0.058333
1 0.903646 0.512963 0.131250 0.092593
1 0.982031 0.489352 0.034896 0.075000
0 0.877083 0.558796 0.081250 0.075000
3 0.932031 0.532407 0.040104 0.027778
0 0.779427 0.537500 0.046354 0.021296
0 0.766927 0.648148 0.166146 0.238889
0 0.873177 0.763889 0.253646 0.472222
0 0.514323 0.762037 0.265104 0.416667