13 0.544010 0.494444 0.004687 0.031481
13 0.544271 0.430093 0.015625 0.008333
4 0.551823 0.523611 0.016146 0.034259
10 0.683854 0.462963 0.021875 0.037037
6 0.660417 0.543056 0.008333 0.015741
0 0.820312 0.578704 0.087500 0.092593
5 0.686979 0.560648 0.009375 0.023148
6 0.686458 0.552778 0.010417 0.033333
2 0.552865 0.539352 0.013021 0.025000
5 0.546094 0.546296 0.005729 0.014815
6 0.546354 0.538889 0.005208 0.018519
0 0.535677 0.541204 0.018229 0.028704
5 0.515365 0.552315 0.013021 0.032407
6 0.516927 0.544907 0.005729 0.036111
6 0.514062 0.543981 0.012500 0.037963
5 0.482292 0.545370 0.008333 0.027778
6 0.482552 0.538889 0.008854 0.027778
5 0.489063 0.560185 0.013542 0.033333
6 0.489583 0.545833 0.014583 0.041667
5 0.400521 0.548148 0.012500 0.027778
3 0.571875 0.531481 0.010417 0.009259
5 0.646094 0.557407 0.009896 0.024074
6 0.646615 0.547685 0.007812 0.034259
0 0.369792 0.540278 0.015625 0.032407
2 0.312240 0.534722 0.053646 0.082407
5 0.464583 0.570370 0.014583 0.042593
6 0.465104 0.555093 0.014583 0.056481
5 0.501042 0.565741 0.016667 0.040741
6 0.498177 0.544444 0.007812 0.025926
6 0.500521 0.554167 0.014583 0.052778
5 0.581510 0.578704 0.025521 0.066667
6 0.581510 0.560648 0.021354 0.065741
6 0.580208 0.562963 0.020833 0.070370
1 0.484115 0.525926 0.093229 0.046296