7 0.194792 0.574537 0.069792 0.306481
7 0.242969 0.642593 0.052604 0.255556
5 0.415885 0.633796 0.042188 0.139815
7 0.423177 0.563426 0.011979 0.058333
7 0.435417 0.564352 0.014583 0.078704
7 0.435937 0.559722 0.015625 0.080556
7 0.445052 0.572222 0.018229 0.070370
5 0.458333 0.573611 0.026042 0.076852
5 0.473177 0.577778 0.018229 0.059259
6 0.473698 0.548148 0.015104 0.053704
6 0.473698 0.560648 0.014063 0.067593
7 0.485938 0.575000 0.018750 0.098148
7 0.496354 0.561111 0.014583 0.087037
5 0.503646 0.563426 0.011458 0.041667
6 0.503385 0.549074 0.010937 0.053704
5 0.520052 0.556481 0.014063 0.042593
6 0.520833 0.547685 0.014583 0.049074
5 0.531250 0.565278 0.019792 0.052778
6 0.529427 0.552778 0.018229 0.051852
5 0.545573 0.562037 0.019271 0.038889
6 0.546354 0.548148 0.015625 0.048148
7 0.559115 0.556481 0.011979 0.070370
6 0.561979 0.580556 0.016667 0.114815
5 0.574219 0.619444 0.035937 0.100000
6 0.571615 0.584259 0.036979 0.120370
5 0.592448 0.586111 0.021354 0.062963
6 0.594531 0.565278 0.015104 0.062037
6 0.593750 0.569907 0.021875 0.086111
0 0.607292 0.569907 0.050000 0.075000
5 0.628646 0.582407 0.035417 0.059259
5 0.636719 0.610185 0.031771 0.077778
5 0.660417 0.594907 0.021875 0.095370
5 0.676823 0.605556 0.038021 0.116667
5 0.907031 0.777778 0.155729 0.307407
5 0.828385 0.692130 0.157812 0.210185
6 0.820833 0.662500 0.083333 0.250926
5 0.988281 0.881481 0.021354 0.150000
7 0.402083 0.547685 0.013542 0.036111