7 0.673177 0.499074 0.005729 0.012963
7 0.655469 0.504167 0.006771 0.012037
4 0.616667 0.512500 0.057292 0.028704
7 0.503125 0.521759 0.014583 0.065741
0 0.451823 0.556481 0.121354 0.140741
7 0.455208 0.596759 0.057292 0.184259
7 0.328906 0.548611 0.026562 0.030556
7 0.314323 0.620833 0.043229 0.149074
7 0.258073 0.734259 0.094271 0.433333
0 0.668750 0.510185 0.009375 0.014815
6 0.674219 0.511111 0.008854 0.018519
7 0.715625 0.513426 0.007292 0.023148
0 0.687760 0.520833 0.018229 0.019444
7 0.732812 0.510648 0.009375 0.025000
7 0.724479 0.528241 0.015625 0.058333
7 0.701562 0.525463 0.016667 0.045370
7 0.695573 0.542130 0.014063 0.039815
7 0.730208 0.560185 0.020833 0.072222
7 0.721875 0.633796 0.043750 0.189815
4 0.827344 0.492130 0.140104 0.197222
2 0.779687 0.571296 0.089583 0.133333
5 0.784375 0.647685 0.031250 0.108333
6 0.791667 0.613426 0.034375 0.199074
6 0.783594 0.599537 0.032813 0.163889
7 0.779427 0.678241 0.060937 0.315741
7 0.746354 0.692130 0.046875 0.323148
7 0.722135 0.630556 0.043229 0.192593
7 0.940104 0.561111 0.025000 0.092593
7 0.933854 0.606481 0.038542 0.305556
7 0.901823 0.658333 0.093229 0.588889
7 0.825260 0.665278 0.053646 0.332407
7 0.993490 0.503241 0.008854 0.023148
7 0.988542 0.626389 0.021875 0.223148
7 0.959896 0.627778 0.053125 0.344444
7 0.866667 0.743519 0.144792 0.503704
7 0.989844 0.662963 0.017188 0.277778
7 0.983854 0.907870 0.029167 0.180556
0 0.623698 0.756019 0.302604 0.486111
7 0.336719 0.776852 0.079687 0.444444
7 0.391667 0.773611 0.118750 0.450926
7 0.474740 0.829630 0.197396 0.338889
7 0.019531 0.753241 0.036979 0.489815