7 0.667448 0.506481 0.007812 0.012963
7 0.678385 0.500926 0.004687 0.011111
7 0.727865 0.516667 0.006771 0.022222
7 0.671354 0.507870 0.006250 0.019444
7 0.684375 0.502315 0.006250 0.010185
0 0.679167 0.511111 0.012500 0.012963
6 0.684635 0.511574 0.008854 0.015741
2 0.704688 0.511574 0.014583 0.012037
6 0.700521 0.511111 0.006250 0.009259
0 0.700521 0.521759 0.014583 0.019444
0 0.735156 0.528241 0.016146 0.019444
7 0.717187 0.526852 0.018750 0.053704
7 0.711198 0.545370 0.018229 0.046296
7 0.774219 0.503704 0.011979 0.018519
4 0.843750 0.480093 0.151042 0.171296
2 0.796094 0.555556 0.093229 0.100000
5 0.805208 0.645833 0.023958 0.108333
6 0.807031 0.573611 0.028646 0.115741
6 0.798698 0.600000 0.028646 0.162963
7 0.747396 0.561574 0.020833 0.065741
7 0.735677 0.616204 0.038021 0.162037
7 0.797396 0.681944 0.050000 0.315741
7 0.779427 0.663889 0.076563 0.279630
7 0.865625 0.554167 0.015625 0.023148
7 0.843490 0.664352 0.059896 0.326852
7 0.906510 0.536574 0.020313 0.076852
7 0.954688 0.538889 0.010417 0.038889
7 0.955208 0.617130 0.031250 0.299074
4 0.628646 0.515278 0.058333 0.032407
6 0.623437 0.521759 0.008333 0.012037
7 0.514583 0.527315 0.014583 0.073148
0 0.461979 0.550000 0.128125 0.118519
7 0.476562 0.614352 0.055208 0.217593
7 0.974740 0.633333 0.048438 0.344444
7 0.921875 0.649074 0.097917 0.627778
7 0.896094 0.745833 0.126562 0.506481
7 0.335938 0.555093 0.030208 0.034259
7 0.327083 0.634722 0.039583 0.171296
7 0.277344 0.759722 0.095312 0.460185
0 0.626823 0.755556 0.342187 0.487037
7 0.344271 0.779630 0.088542 0.438889
7 0.419010 0.765278 0.165104 0.460185
7 0.532292 0.832407 0.200000 0.333333
7 0.014063 0.614352 0.027083 0.204630
7 0.035156 0.854167 0.070312 0.284259