5 0.096875 0.632870 0.073958 0.143519
2 0.235937 0.673148 0.314583 0.479630
7 0.398438 0.579630 0.017708 0.085185
7 0.411458 0.551389 0.012500 0.062037
5 0.434635 0.590741 0.024479 0.083333
6 0.435937 0.575463 0.026042 0.091667
5 0.490885 0.517593 0.015104 0.012963
1 0.517708 0.518519 0.040625 0.046296
6 0.521094 0.506944 0.011979 0.041667
6 0.510677 0.516204 0.013021 0.023148
6 0.520573 0.509259 0.016146 0.048148
1 0.560677 0.523148 0.050521 0.085185
0 0.577604 0.557870 0.036458 0.056481
4 0.622656 0.509722 0.055729 0.087963
1 0.671875 0.522222 0.027083 0.033333
1 0.698177 0.519907 0.032813 0.034259
1 0.732552 0.517130 0.039062 0.032407
1 0.784115 0.515741 0.066146 0.042593
1 0.875781 0.516204 0.118229 0.078704
0 0.649740 0.541204 0.028646 0.032407
0 0.681510 0.529630 0.027604 0.029630
3 0.741146 0.535185 0.016667 0.024074
0 0.774219 0.553241 0.064062 0.073148
0 0.856510 0.545833 0.043229 0.050926
0 0.675000 0.541204 0.026042 0.015741
0 0.719010 0.565741 0.072396 0.088889
5 0.771615 0.577778 0.021354 0.061111
6 0.771615 0.568519 0.023438 0.081481
0 0.812500 0.567130 0.067708 0.073148
6 0.844531 0.547685 0.010937 0.030556
0 0.910677 0.557870 0.093229 0.056481
6 0.969792 0.537963 0.030208 0.051852
3 0.523698 0.529167 0.034896 0.025000
0 0.526042 0.539352 0.028125 0.019444
0 0.478906 0.583333 0.073438 0.127778
0 0.534115 0.642593 0.086979 0.201852
0 0.617969 0.579167 0.055729 0.091667
0 0.683854 0.634259 0.127083 0.183333
0 0.851302 0.777778 0.297396 0.444444
5 0.581250 0.793519 0.105208 0.350000
5 0.485938 0.737037 0.083333 0.244444
6 0.485677 0.661111 0.077604 0.246296
6 0.570833 0.733796 0.115625 0.369444
5 0.194792 0.869907 0.245833 0.258333
6 0.214583 0.775000 0.189583 0.450000
1 0.977344 0.488426 0.040104 0.125000