7 0.432031 0.528704 0.008854 0.033333
0 0.452604 0.579630 0.021875 0.062963
0 0.470833 0.575463 0.022917 0.054630
0 0.520833 0.581481 0.088542 0.075926
2 0.570833 0.554630 0.016667 0.037037
5 0.574740 0.565741 0.008854 0.029630
6 0.575781 0.560185 0.011979 0.038889
7 0.597396 0.536111 0.003125 0.005556
0 0.608333 0.560648 0.043750 0.045370
7 0.658073 0.545370 0.006771 0.020370
7 0.663021 0.544907 0.008333 0.023148
3 0.684896 0.562500 0.043750 0.112037
7 0.685156 0.591204 0.022396 0.106481
7 0.712240 0.610648 0.015104 0.076852
7 0.721875 0.595370 0.017708 0.092593
7 0.748958 0.564352 0.007292 0.025000
8 0.765365 0.605556 0.030729 0.077778
5 0.741667 0.644907 0.037500 0.089815
6 0.740885 0.609259 0.034896 0.118519
6 0.743490 0.611111 0.034896 0.103704
3 0.834375 0.586111 0.098958 0.166667
7 0.871615 0.599074 0.029687 0.124074
7 0.969531 0.601852 0.027604 0.129630
7 0.976042 0.543056 0.004167 0.019444
7 0.973177 0.533796 0.005729 0.012037
3 0.957031 0.538426 0.027604 0.023148
7 0.960156 0.539352 0.005729 0.015741
7 0.884115 0.564815 0.010937 0.046296
7 0.940625 0.540278 0.005208 0.017593
0 0.415625 0.585648 0.068750 0.086111
7 0.408854 0.528704 0.005208 0.029630
7 0.398698 0.526389 0.007812 0.037963
7 0.389583 0.518056 0.006250 0.015741
7 0.389844 0.530556 0.005729 0.037037
7 0.380469 0.525926 0.004687 0.035185
7 0.383333 0.530093 0.005208 0.026852
7 0.370833 0.527315 0.006250 0.032407
7 0.377083 0.525000 0.006250 0.033333
7 0.365885 0.526389 0.005729 0.032407
7 0.360677 0.531019 0.007812 0.037963
8 0.178906 0.725000 0.159896 0.159259
7 0.347917 0.522685 0.005208 0.025000
7 0.329688 0.519444 0.008333 0.024074
7 0.338542 0.525000 0.007292 0.027778
7 0.320312 0.528704 0.009375 0.037037
7 0.327083 0.546759 0.007292 0.043519
7 0.334115 0.541204 0.009896 0.034259
7 0.343750 0.547222 0.007292 0.016667
7 0.349219 0.550926 0.004687 0.012963
7 0.382292 0.580556 0.012500 0.064815
7 0.375000 0.550926 0.007292 0.018519
7 0.367188 0.553241 0.005208 0.013889
7 0.373698 0.569907 0.010937 0.041667
7 0.369531 0.554630 0.005729 0.022222
7 0.294531 0.524537 0.008854 0.041667
7 0.300000 0.525926 0.007292 0.038889
7 0.304948 0.552315 0.007812 0.034259
7 0.290104 0.562037 0.011458 0.057407
7 0.297917 0.579630 0.010417 0.031481
7 0.304688 0.556019 0.008333 0.043519
5 0.315885 0.568981 0.010937 0.043519
7 0.309375 0.577778 0.010417 0.055556
5 0.292708 0.621759 0.021875 0.075000
0 0.347135 0.598148 0.058854 0.083333
7 0.335417 0.609259 0.012500 0.081481
7 0.349479 0.576389 0.012500 0.050926
7 0.357812 0.602315 0.015625 0.115741
7 0.345833 0.606944 0.010417 0.078704
5 0.176823 0.626389 0.027604 0.069444
6 0.178646 0.604630 0.022917 0.077778
5 0.088021 0.600463 0.017708 0.043519
5 0.073698 0.635185 0.032813 0.094444
5 0.050781 0.606481 0.021354 0.090741
7 0.049479 0.556019 0.012500 0.045370
7 0.061458 0.564352 0.012500 0.062037
6 0.066667 0.530093 0.015625 0.023148
7 0.100781 0.581019 0.011979 0.037963
7 0.079687 0.567593 0.013542 0.044444
5 0.065365 0.545833 0.022396 0.028704
3 0.084115 0.533796 0.021354 0.037963
7 0.084375 0.538426 0.008333 0.030556
5 0.008073 0.542593 0.015104 0.027778
5 0.023958 0.537037 0.021875 0.031481
5 0.050000 0.536111 0.019792 0.033333
5 0.025781 0.546759 0.029687 0.034259
6 0.023698 0.540278 0.013021 0.049074
7 0.039583 0.525926 0.010417 0.029630
6 0.048438 0.522222 0.009375 0.014815
7 0.041667 0.618056 0.026042 0.123148
5 0.021354 0.633796 0.035417 0.110185
7 0.003646 0.620370 0.007292 0.124074
6 0.010417 0.622222 0.019792 0.120370
7 0.145833 0.733796 0.056250 0.117593
5 0.666667 0.554167 0.013542 0.019444
6 0.116667 0.621759 0.009375 0.084259
7 0.306250 0.519907 0.006250 0.034259
7 0.351302 0.596296 0.011979 0.087037
7 0.493750 0.606481 0.009375 0.016667