7 0.519792 0.515741 0.004167 0.014815
0 0.505469 0.519907 0.014063 0.021296
7 0.516927 0.514815 0.003646 0.012963
7 0.513021 0.514815 0.004167 0.009259
6 0.511198 0.525000 0.006771 0.014815
6 0.516146 0.526852 0.006250 0.012963
7 0.524740 0.524537 0.010937 0.021296
4 0.540104 0.533333 0.016667 0.057407
7 0.552083 0.558333 0.016667 0.050000
7 0.565625 0.579630 0.019792 0.100000
7 0.577083 0.577315 0.010417 0.078704
7 0.583854 0.577778 0.011458 0.072222
7 0.667188 0.519907 0.013542 0.043519
7 0.676823 0.516204 0.013021 0.037963
7 0.689844 0.515278 0.017188 0.043519
7 0.760156 0.531481 0.014063 0.070370
7 0.774479 0.543981 0.027083 0.080556
2 0.693750 0.579167 0.062500 0.091667
7 0.861719 0.542593 0.009896 0.035185
7 0.869792 0.534722 0.009375 0.030556
5 0.798177 0.588426 0.057813 0.049074
5 0.790625 0.591204 0.041667 0.054630
5 0.803385 0.654630 0.033854 0.140741
5 0.830729 0.608333 0.032292 0.072222
5 0.855729 0.581019 0.023958 0.050926
5 0.851302 0.615741 0.050521 0.088889
4 0.616667 0.562500 0.075000 0.121296
6 0.645312 0.601852 0.037500 0.100000
7 0.775521 0.711111 0.071875 0.322222
7 0.726302 0.716204 0.071354 0.354630
7 0.674479 0.728241 0.058333 0.347222
5 0.555729 0.673611 0.042708 0.119444
6 0.555990 0.604630 0.044271 0.098148
5 0.594010 0.805093 0.102604 0.271296
6 0.571615 0.730093 0.071354 0.363889
6 0.603906 0.703704 0.092188 0.316667
7 0.491667 0.518981 0.005208 0.013889
7 0.494531 0.525463 0.007812 0.013889
2 0.501302 0.601389 0.069271 0.145370
3 0.467969 0.511574 0.030729 0.065741
7 0.456771 0.604630 0.017708 0.051852
5 0.517708 0.742130 0.063542 0.189815
6 0.514323 0.679630 0.070312 0.261111
7 0.461979 0.674537 0.026042 0.080556
7 0.370312 0.555556 0.007292 0.025926
7 0.372135 0.560648 0.015104 0.043519
7 0.369271 0.624074 0.014583 0.096296
7 0.378385 0.620370 0.019271 0.112963
6 0.413542 0.676389 0.071875 0.139815
5 0.417448 0.713426 0.067187 0.063889
7 0.357552 0.619907 0.027604 0.102778
7 0.354687 0.698611 0.045833 0.249074
7 0.321354 0.696759 0.035417 0.289815
7 0.273698 0.597222 0.034896 0.109259
5 0.193750 0.703241 0.091667 0.162037
3 0.247135 0.588889 0.029687 0.150000
7 0.087240 0.519444 0.023438 0.066667
7 0.066406 0.491667 0.013021 0.027778
3 0.173958 0.631944 0.123958 0.245370
7 0.199219 0.759259 0.043229 0.214815
7 0.250521 0.752778 0.036458 0.309259
7 0.292969 0.775463 0.060937 0.432407
7 0.416667 0.710185 0.179167 0.575926
7 0.010156 0.599537 0.020313 0.237963
7 0.974219 0.746296 0.050521 0.505556
7 0.914323 0.663426 0.096354 0.373148
7 0.907292 0.793056 0.148958 0.413889
7 0.166667 0.750926 0.051042 0.270370
5 0.844531 0.542130 0.015104 0.028704