4 0.520573 0.545370 0.018229 0.038889
7 0.525000 0.554167 0.012500 0.037963
6 0.475260 0.549537 0.005729 0.021296
5 0.475521 0.558796 0.006250 0.015741
1 0.494792 0.535648 0.041667 0.073148
0 0.462240 0.549074 0.007812 0.016667
0 0.440365 0.551852 0.018229 0.024074
5 0.451562 0.559722 0.011458 0.026852
6 0.451823 0.553241 0.008854 0.030556
5 0.435937 0.557407 0.016667 0.020370
4 0.400260 0.550926 0.032813 0.053704
5 0.421875 0.570833 0.020833 0.050926
6 0.422656 0.560185 0.017188 0.050000
7 0.377604 0.565741 0.012500 0.061111
7 0.366146 0.570833 0.012500 0.060185
5 0.353125 0.619444 0.041667 0.109259
6 0.353646 0.593519 0.034375 0.114815
5 0.272917 0.564352 0.029167 0.045370
5 0.308073 0.551389 0.015104 0.026852
5 0.257292 0.566667 0.036458 0.040741
5 0.212500 0.568981 0.027083 0.041667
5 0.300521 0.678704 0.067708 0.168519
6 0.299219 0.629167 0.056771 0.182407
0 0.116667 0.620370 0.229167 0.187037
0 0.614062 0.558796 0.011458 0.021296
2 0.629687 0.557407 0.015625 0.040741
4 0.664323 0.556019 0.033854 0.043519
7 0.642708 0.556944 0.007292 0.034259
5 0.650260 0.566667 0.011979 0.033333
6 0.649479 0.557407 0.011458 0.033333
5 0.607292 0.562500 0.011458 0.030556
6 0.607031 0.556944 0.011979 0.036111
7 0.704688 0.567593 0.010417 0.055556
7 0.696094 0.567130 0.009896 0.052778
7 0.738021 0.575000 0.011458 0.037037
2 0.795052 0.589815 0.059896 0.127778
4 0.908594 0.618981 0.180729 0.356481
7 0.717187 0.562500 0.007292 0.030556
7 0.745833 0.564815 0.009375 0.042593