0 0.451562 0.547685 0.013542 0.015741
4 0.489323 0.539815 0.020313 0.029630
0 0.513802 0.545833 0.017188 0.023148
3 0.409115 0.546759 0.011979 0.023148
1 0.430990 0.535648 0.031771 0.043519
6 0.394792 0.539352 0.007292 0.008333
5 0.412500 0.553241 0.005208 0.015741
5 0.418229 0.554167 0.008333 0.017593
5 0.398438 0.556019 0.008333 0.013889
6 0.398177 0.542130 0.008854 0.019444
6 0.419271 0.545833 0.009375 0.028704
5 0.404687 0.571759 0.009375 0.026852
6 0.404167 0.557407 0.011458 0.040741
5 0.439323 0.568981 0.013021 0.036111
6 0.439323 0.556944 0.016146 0.047222
5 0.388802 0.590741 0.016146 0.046296
6 0.390104 0.571759 0.018750 0.067593
0 0.289323 0.656944 0.240104 0.391667
5 0.004167 0.796296 0.007292 0.083333