7 0.239323 0.687037 0.022396 0.157407
7 0.220833 0.698148 0.053125 0.161111
7 0.181771 0.711111 0.056250 0.162963
7 0.142708 0.719444 0.062500 0.181481
7 0.102865 0.780093 0.067187 0.371296
7 0.039844 0.800000 0.078646 0.374074
7 0.055208 0.781019 0.098958 0.437963
7 0.321875 0.759259 0.067708 0.283333
7 0.321094 0.740741 0.067187 0.385185
7 0.277865 0.761111 0.067187 0.322222
0 0.352604 0.557870 0.041667 0.013889
0 0.355208 0.572222 0.050000 0.033333
4 0.384896 0.550000 0.033333 0.061111
7 0.392708 0.569444 0.010417 0.035185
7 0.402344 0.568056 0.007812 0.036111
7 0.409635 0.559259 0.006771 0.018519
7 0.424479 0.565741 0.008333 0.037037
7 0.413021 0.567130 0.016667 0.039815
7 0.428125 0.606944 0.006250 0.067593
7 0.442188 0.595833 0.018750 0.080556
7 0.466667 0.604630 0.023958 0.083333
7 0.487500 0.610185 0.014583 0.050000
7 0.430208 0.575000 0.008333 0.035185
6 0.375781 0.559259 0.004687 0.011111
6 0.380208 0.565741 0.006250 0.024074
0 0.455208 0.569444 0.023958 0.042593
0 0.486198 0.568519 0.057813 0.048148
7 0.571615 0.588426 0.024479 0.091667
7 0.442708 0.763889 0.033333 0.159259
7 0.479948 0.725926 0.071354 0.259259
7 0.496615 0.671296 0.031771 0.098148
7 0.623958 0.641667 0.031250 0.157407
7 0.645312 0.605556 0.020833 0.079630
7 0.676042 0.620370 0.014583 0.061111
7 0.698177 0.651389 0.025521 0.182407
7 0.703906 0.677778 0.052604 0.218519
7 0.781510 0.669907 0.041146 0.247222
7 0.829167 0.719907 0.068750 0.325000
7 0.870313 0.671296 0.037500 0.268519
7 0.983594 0.561574 0.032813 0.095370
7 0.964844 0.726389 0.070312 0.384259
7 0.948698 0.796759 0.085938 0.406481
7 0.857812 0.543519 0.009375 0.031481
7 0.847135 0.541667 0.017188 0.038889
0 0.902604 0.526852 0.041667 0.062963
4 0.843229 0.524537 0.083333 0.080556
1 0.768490 0.519444 0.100521 0.100000
5 0.762760 0.553241 0.042188 0.032407
6 0.763542 0.540741 0.018750 0.053704
5 0.661458 0.552315 0.014583 0.034259
5 0.652083 0.706019 0.083333 0.217593
6 0.650260 0.678241 0.079687 0.236111
2 0.690625 0.548148 0.028125 0.061111