0 0.054688 0.675463 0.109375 0.275000
5 0.091667 0.864352 0.183333 0.269444
6 0.085156 0.782407 0.169271 0.431481
5 0.241146 0.797685 0.113542 0.326852
6 0.242448 0.696759 0.097396 0.313889
7 0.059896 0.548611 0.029167 0.080556
5 0.107031 0.584259 0.057813 0.083333
5 0.133594 0.545370 0.045312 0.057407
0 0.323958 0.549074 0.044792 0.053704
0 0.291406 0.553241 0.069271 0.056481
7 0.283073 0.575463 0.020313 0.078704
5 0.333854 0.670833 0.059375 0.169444
6 0.332031 0.624537 0.057813 0.173148
0 0.387500 0.531481 0.021875 0.027778
5 0.399219 0.532407 0.006771 0.018519
5 0.385937 0.555556 0.017708 0.042593
6 0.385677 0.545370 0.013021 0.044444
2 0.407292 0.534259 0.017708 0.035185
3 0.416927 0.532407 0.005729 0.020370
1 0.438802 0.518519 0.042188 0.077778
3 0.462500 0.506944 0.008333 0.015741
0 0.461198 0.530556 0.008854 0.024074
0 0.463281 0.532407 0.009896 0.027778
3 0.464323 0.513889 0.005729 0.011111
4 0.476562 0.532407 0.023958 0.051852
3 0.501302 0.526389 0.009896 0.015741
0 0.535937 0.540278 0.025000 0.045370
4 0.578646 0.537037 0.071875 0.114815
0 0.628125 0.538426 0.025000 0.034259
5 0.612240 0.563426 0.016146 0.039815
6 0.613542 0.553241 0.013542 0.052778
7 0.630469 0.536574 0.008854 0.017593
2 0.651042 0.538889 0.021875 0.033333
5 0.665625 0.554630 0.021875 0.033333
7 0.661979 0.543519 0.008333 0.031481
7 0.672656 0.541204 0.007812 0.028704
5 0.688802 0.547222 0.029687 0.024074
7 0.689844 0.537963 0.006771 0.027778
7 0.714844 0.511111 0.008854 0.025926
0 0.641667 0.567593 0.044792 0.057407
7 0.752865 0.582407 0.013021 0.068519
2 0.788281 0.576389 0.051562 0.082407
5 0.819792 0.573148 0.020833 0.050000
5 0.917188 0.651852 0.047917 0.111111
6 0.908854 0.624074 0.028125 0.133333
7 0.887500 0.687963 0.061458 0.268519