7 0.534375 0.532870 0.005208 0.013889
2 0.540104 0.533333 0.008333 0.007407
5 0.578646 0.587500 0.026042 0.073148
6 0.569792 0.554167 0.009375 0.037963
5 0.591406 0.554630 0.011979 0.033333
7 0.599740 0.599537 0.024479 0.126852
7 0.646354 0.545370 0.013542 0.055556
7 0.651823 0.564815 0.009896 0.022222
5 0.703125 0.617593 0.048958 0.100000
7 0.646094 0.652778 0.021354 0.140741
7 0.643750 0.628704 0.027083 0.159259
7 0.669271 0.625463 0.038542 0.239815
7 0.711198 0.654630 0.039062 0.175926
5 0.824479 0.705093 0.080208 0.187963
7 0.753906 0.678704 0.059896 0.312963
7 0.212760 0.634722 0.042188 0.289815
7 0.346615 0.629167 0.018229 0.071296
7 0.379167 0.601852 0.026042 0.148148
5 0.401302 0.656481 0.053646 0.175926
5 0.411719 0.612500 0.025521 0.091667
5 0.432552 0.592130 0.029687 0.100926
7 0.447917 0.554630 0.017708 0.081481
5 0.461979 0.571759 0.017708 0.062037
7 0.469271 0.562963 0.006250 0.031481
7 0.489844 0.560648 0.010937 0.067593
7 0.501563 0.560185 0.011458 0.068519
6 0.512240 0.552778 0.010937 0.042593
7 0.523438 0.544907 0.005208 0.030556
5 0.528906 0.549537 0.005729 0.021296
6 0.528646 0.538426 0.006250 0.023148
6 0.534896 0.532870 0.005208 0.010185
2 0.539844 0.533333 0.007812 0.007407
2 0.554167 0.549537 0.023958 0.047222
0 0.545312 0.570370 0.043750 0.070370
5 0.579167 0.595370 0.026042 0.055556
5 0.516667 0.623148 0.030208 0.094444
6 0.519271 0.593981 0.027083 0.106481
6 0.512500 0.600000 0.033333 0.107407
7 0.618229 0.645833 0.036458 0.187963
7 0.577604 0.594907 0.023958 0.139815
5 0.626042 0.562963 0.014583 0.029630