5 0.658854 0.573611 0.017708 0.041667
3 0.745313 0.576389 0.041667 0.084259
5 0.966667 0.631019 0.065625 0.100926
7 0.262760 0.520833 0.015104 0.026852
7 0.247656 0.538889 0.015104 0.070370
2 0.327083 0.641204 0.169792 0.252778
7 0.311979 0.512037 0.007292 0.014815
7 0.296875 0.511111 0.005208 0.009259
7 0.220312 0.534259 0.018750 0.074074
7 0.204948 0.528704 0.013021 0.085185
7 0.194531 0.535648 0.010937 0.060185
7 0.183073 0.526389 0.016146 0.071296
7 0.163542 0.520370 0.007292 0.059259
7 0.156250 0.518056 0.017708 0.075000
7 0.128646 0.533333 0.016667 0.044444
7 0.114323 0.526852 0.017188 0.046296
7 0.107292 0.496759 0.006250 0.036111
7 0.116927 0.494444 0.016146 0.033333
7 0.137500 0.510648 0.016667 0.069444
7 0.126042 0.503704 0.009375 0.031481
7 0.050521 0.494907 0.025000 0.093519
7 0.026302 0.494444 0.014063 0.053704
7 0.032031 0.517130 0.022396 0.115741
7 0.013802 0.468056 0.013021 0.028704
7 0.003385 0.468981 0.005729 0.019444
7 0.013021 0.472222 0.009375 0.025926
7 0.013802 0.580556 0.026562 0.205556
5 0.170052 0.785185 0.106771 0.303704
5 0.048438 0.785648 0.094792 0.297222
7 0.602344 0.558796 0.006771 0.013889