0 0.103125 0.567130 0.031250 0.045370
6 0.113021 0.549537 0.007292 0.015741
6 0.107552 0.557870 0.011979 0.032407
0 0.132292 0.577778 0.054167 0.062963
5 0.146094 0.587963 0.018229 0.037037
6 0.145573 0.579167 0.021354 0.069444
6 0.146094 0.572222 0.019271 0.062963
7 0.097396 0.624537 0.017708 0.108333
7 0.075521 0.562037 0.026042 0.061111
7 0.037760 0.678241 0.048438 0.258333
7 0.083594 0.677778 0.061979 0.253704
7 0.195833 0.569444 0.010417 0.062963
4 0.178385 0.532870 0.061979 0.084259
7 0.189583 0.587963 0.009375 0.029630
7 0.226302 0.578704 0.015104 0.083333
7 0.214323 0.582407 0.024479 0.094444
7 0.233073 0.556019 0.014063 0.049074
0 0.273177 0.564815 0.033854 0.050000
0 0.319792 0.567130 0.088542 0.069444
7 0.292969 0.581481 0.017188 0.044444
7 0.300781 0.575926 0.014063 0.050000
7 0.311979 0.571296 0.014583 0.061111
7 0.325260 0.567130 0.028646 0.071296
7 0.274219 0.707407 0.053646 0.348148
7 0.242188 0.770833 0.085417 0.449074
7 0.164583 0.762037 0.114583 0.475926
5 0.613802 0.562963 0.022396 0.079630
2 0.661198 0.547685 0.055729 0.106481
1 0.792969 0.507870 0.179688 0.163889
7 0.940625 0.533333 0.027083 0.094444
0 0.959115 0.527315 0.016146 0.084259
4 0.981250 0.528704 0.037500 0.207407