3 0.382552 0.540741 0.007812 0.016667
0 0.418490 0.549074 0.018229 0.024074
3 0.395313 0.545833 0.020833 0.030556
0 0.418490 0.545833 0.016146 0.025000
5 0.392188 0.552778 0.010417 0.020370
6 0.391667 0.545370 0.010417 0.029630
4 0.434115 0.541204 0.022396 0.049074
4 0.507292 0.523148 0.045833 0.070370
6 0.570833 0.533796 0.008333 0.023148
0 0.478646 0.536574 0.012500 0.013889
5 0.633073 0.546759 0.006771 0.015741
6 0.632292 0.535185 0.007292 0.018519
4 0.610938 0.535648 0.025000 0.045370
4 0.673698 0.537037 0.039062 0.042593
5 0.626823 0.545833 0.006771 0.021296
6 0.627604 0.535185 0.007292 0.020370
0 0.460417 0.579630 0.057292 0.090741
7 0.834115 0.548148 0.017188 0.070370
0 0.736198 0.567593 0.081771 0.112963
5 0.706510 0.723611 0.096354 0.247222
6 0.701302 0.646759 0.077604 0.258333
4 0.217969 0.540278 0.032813 0.037963
6 0.216667 0.517130 0.011458 0.039815
5 0.191406 0.576852 0.043229 0.051852
0 0.081510 0.601389 0.161979 0.154630
0 0.932031 0.570370 0.130729 0.146296
0 0.018490 0.653704 0.035937 0.112963
7 0.649740 0.536574 0.011979 0.037963
7 0.807292 0.537500 0.003125 0.012037