4 0.458073 0.533333 0.048438 0.070370
1 0.529167 0.513426 0.042708 0.075000
4 0.691927 0.532407 0.028646 0.068519
1 0.864323 0.512963 0.105729 0.077778
1 0.960938 0.525926 0.078125 0.140741
7 0.905990 0.535648 0.013021 0.021296
7 0.956250 0.562963 0.012500 0.059259
7 0.930469 0.552778 0.014063 0.048148
3 0.943229 0.553704 0.046875 0.083333
4 0.771094 0.514352 0.144271 0.125000
6 0.866927 0.528704 0.004687 0.009259
6 0.873958 0.530093 0.006250 0.008333
0 0.875260 0.600000 0.149479 0.142593
1 0.613021 0.519444 0.132292 0.198148
0 0.738542 0.645370 0.169792 0.209259
6 0.489844 0.548148 0.007812 0.020370
5 0.490365 0.555556 0.007812 0.011111
4 0.516146 0.535648 0.052083 0.043519
6 0.511719 0.504167 0.010937 0.058333
6 0.500781 0.514352 0.013021 0.026852
6 0.500000 0.532407 0.014583 0.042593
0 0.533073 0.550926 0.052604 0.020370
2 0.447135 0.552778 0.061979 0.068519
6 0.306771 0.597685 0.021875 0.097222
0 0.383073 0.629630 0.143229 0.212963
0 0.907031 0.777778 0.185938 0.444444
0 0.541667 0.777778 0.282292 0.444444
2 0.161719 0.688889 0.322396 0.551852
5 0.238021 0.856019 0.214583 0.284259
6 0.276042 0.778704 0.120833 0.440741
6 0.272396 0.769444 0.245833 0.440741
6 0.517188 0.503704 0.015625 0.055556