7 0.551823 0.536574 0.005729 0.019444
7 0.648438 0.581944 0.019792 0.099074
7 0.525781 0.531481 0.004687 0.016667
0 0.533594 0.546759 0.018229 0.019444
6 0.536979 0.556944 0.007292 0.032407
7 0.524740 0.568981 0.011979 0.058333
7 0.545312 0.559259 0.013542 0.046296
7 0.546094 0.562500 0.011979 0.036111
4 0.589063 0.542130 0.064583 0.134259
7 0.584115 0.609722 0.014063 0.058333
3 0.619531 0.602315 0.049479 0.065741
0 0.498177 0.523611 0.013021 0.008333
7 0.522656 0.596296 0.013021 0.046296
7 0.554427 0.627778 0.030729 0.137037
7 0.573177 0.594907 0.016146 0.095370
7 0.546615 0.640278 0.028646 0.169444
4 0.453385 0.541667 0.034896 0.035185
7 0.477083 0.577315 0.021875 0.110185
7 0.484375 0.585648 0.018750 0.071296
7 0.438802 0.556944 0.010937 0.037963
7 0.433594 0.568519 0.015104 0.040741
7 0.454688 0.572685 0.030208 0.078704
7 0.457813 0.644444 0.035417 0.172222
7 0.419792 0.559722 0.013542 0.036111
7 0.407813 0.557870 0.008333 0.039815
7 0.410938 0.568056 0.012500 0.034259
7 0.427604 0.624537 0.026042 0.149074
0 0.365104 0.550000 0.063542 0.070370
7 0.380990 0.548611 0.013021 0.030556
7 0.402344 0.603704 0.026562 0.101852
7 0.298438 0.610185 0.022917 0.170370
7 0.299479 0.613426 0.019792 0.171296
7 0.311458 0.631481 0.032292 0.174074
7 0.342969 0.615741 0.034896 0.146296
7 0.274479 0.612963 0.022917 0.175926
0 0.692187 0.568981 0.040625 0.047222
0 0.782552 0.597685 0.173437 0.125000
7 0.367188 0.777778 0.108333 0.442593
7 0.510938 0.758333 0.106250 0.479630
7 0.881771 0.688889 0.077083 0.290741
7 0.795833 0.650463 0.023958 0.193519
7 0.774740 0.677315 0.042188 0.254630
7 0.732031 0.672685 0.052604 0.226852
7 0.652344 0.670833 0.055729 0.228704
7 0.684896 0.687500 0.060417 0.284259
7 0.159375 0.774537 0.054167 0.413889
7 0.203125 0.760648 0.087500 0.471296