3 0.512500 0.525000 0.017708 0.031481
0 0.535677 0.524074 0.007812 0.014815
1 0.605990 0.520370 0.008854 0.037037
0 0.531250 0.532407 0.017708 0.024074
4 0.597396 0.518056 0.013542 0.050926
5 0.511719 0.540741 0.005729 0.011111
1 0.565365 0.523148 0.054688 0.103704
6 0.510677 0.531944 0.009896 0.019444
0 0.624219 0.601852 0.094271 0.135185
0 0.478385 0.534259 0.019271 0.029630
5 0.520573 0.543981 0.007812 0.017593
5 0.500781 0.546296 0.007812 0.020370
6 0.521094 0.533796 0.010937 0.026852
6 0.500521 0.535648 0.010417 0.030556
0 0.885677 0.592593 0.124479 0.122222
4 0.294271 0.573148 0.139583 0.251852
10 0.371094 0.500000 0.052604 0.042593