3 0.634115 0.507870 0.002604 0.008333
3 0.630729 0.507870 0.004167 0.010185
1 0.625781 0.505093 0.009896 0.017593
5 0.631771 0.519907 0.004167 0.010185
6 0.632031 0.515278 0.003646 0.010185
5 0.625781 0.522222 0.003646 0.007407
6 0.625260 0.517593 0.003646 0.009259
10 0.758073 0.447685 0.034896 0.047222
5 0.796875 0.562500 0.019792 0.043519
6 0.792448 0.550926 0.010937 0.048148
6 0.795312 0.550926 0.011458 0.048148
7 0.577604 0.516667 0.004167 0.012963
5 0.579948 0.522685 0.003646 0.008333
0 0.563281 0.530093 0.019271 0.030556
5 0.537240 0.532407 0.005729 0.018519
6 0.536458 0.519907 0.006250 0.017593
5 0.532292 0.542130 0.011458 0.037963
6 0.532813 0.532870 0.012500 0.036111
5 0.522917 0.548148 0.013542 0.048148
6 0.522656 0.539352 0.016146 0.049074
5 0.472135 0.531481 0.020313 0.027778
5 0.650260 0.591667 0.032813 0.077778
6 0.644531 0.547685 0.023438 0.065741
6 0.652604 0.561111 0.027083 0.094444
5 0.614844 0.687963 0.069271 0.220370
6 0.616927 0.618056 0.067187 0.199074
0 0.425781 0.526389 0.015104 0.019444
0 0.515365 0.518981 0.015104 0.019444
0 0.572917 0.526389 0.007292 0.017593
5 0.635156 0.517593 0.002604 0.005556
6 0.635156 0.513426 0.003646 0.006481
3 0.639844 0.507407 0.003646 0.009259
3 0.647917 0.515741 0.008333 0.012963
3 0.643229 0.512963 0.005208 0.014815
3 0.717448 0.538889 0.024479 0.031481