1 0.502865 0.524074 0.009896 0.018519
4 0.521875 0.522222 0.011458 0.024074
5 0.484375 0.531481 0.004167 0.009259
6 0.484896 0.526389 0.005208 0.012037
5 0.480990 0.532870 0.004687 0.010185
6 0.480729 0.527778 0.005208 0.011111
5 0.472917 0.531944 0.004167 0.008333
6 0.473177 0.527778 0.004687 0.012963
0 0.495573 0.537963 0.019271 0.033333
5 0.547656 0.538889 0.007812 0.011111
6 0.547917 0.533333 0.007292 0.014815
5 0.465885 0.537963 0.005729 0.014815
6 0.466406 0.534259 0.006771 0.018519
5 0.447917 0.548611 0.006250 0.015741
6 0.447656 0.539815 0.007812 0.024074
5 0.433073 0.561574 0.014063 0.039815
6 0.432031 0.552315 0.013021 0.045370
4 0.362760 0.531944 0.061979 0.110185
7 0.250260 0.575000 0.018229 0.066667
7 0.203906 0.576852 0.014063 0.061111
5 0.168229 0.594444 0.058333 0.075926
4 0.482292 0.520370 0.007292 0.020370
7 0.609115 0.547685 0.005729 0.012037