1 0.470313 0.513889 0.037500 0.040741
0 0.540365 0.517593 0.017188 0.024074
3 0.589323 0.513426 0.010937 0.013889
0 0.626042 0.512963 0.008333 0.022222
2 0.735677 0.533333 0.030729 0.053704
2 0.634115 0.515741 0.013021 0.027778
5 0.470573 0.532407 0.005729 0.011111
6 0.470833 0.526389 0.007292 0.023148
0 0.487240 0.526852 0.017188 0.024074
0 0.527344 0.529630 0.019271 0.027778
5 0.506510 0.543056 0.009896 0.034259
6 0.507292 0.533796 0.006250 0.034259
6 0.504427 0.533796 0.010937 0.037963
5 0.498698 0.558796 0.013021 0.034259
6 0.498698 0.544444 0.015104 0.050000
0 0.551302 0.529630 0.024479 0.031481
0 0.593750 0.542593 0.042708 0.048148
0 0.611458 0.607870 0.103125 0.147222
0 0.952344 0.880556 0.092188 0.231481