3 0.515104 0.530556 0.007292 0.016667
7 0.514323 0.532407 0.004687 0.016667
4 0.505729 0.525463 0.012500 0.037963
5 0.508333 0.543981 0.009375 0.023148
6 0.507812 0.532870 0.010417 0.023148
0 0.490365 0.533796 0.022396 0.047222
5 0.490104 0.546759 0.012500 0.032407
6 0.490104 0.538426 0.012500 0.036111
5 0.447656 0.544444 0.016146 0.037037
5 0.438281 0.546296 0.018229 0.038889
5 0.432552 0.549074 0.020313 0.040741
7 0.402344 0.529630 0.009896 0.033333
7 0.409896 0.542593 0.010417 0.048148
5 0.395833 0.553704 0.026042 0.037037
5 0.345313 0.557870 0.035417 0.047222
0 0.229948 0.555093 0.150521 0.112037
5 0.155469 0.625926 0.047396 0.162963
5 0.100000 0.712963 0.084375 0.216667
7 0.323437 0.590741 0.026042 0.125926
7 0.275521 0.599074 0.031250 0.135185
0 0.466667 0.543981 0.030208 0.052778
0 0.582552 0.532407 0.010937 0.016667
0 0.595313 0.532870 0.008333 0.015741
5 0.587760 0.538426 0.005729 0.013889
6 0.587500 0.534722 0.005208 0.015741
7 0.599740 0.533333 0.005729 0.020370
5 0.607031 0.542130 0.004687 0.015741
5 0.835417 0.529167 0.022917 0.021296
5 0.806510 0.560185 0.028646 0.046296
6 0.805990 0.550463 0.018229 0.056481
5 0.558594 0.543981 0.009896 0.019444
6 0.559115 0.531944 0.008854 0.030556
4 0.536458 0.545833 0.041667 0.080556
6 0.520833 0.514352 0.011458 0.047222
6 0.550000 0.511111 0.012500 0.050000
5 0.625260 0.555093 0.027604 0.037963
6 0.627604 0.539815 0.012500 0.044444
1 0.684635 0.520370 0.059896 0.098148
3 0.634896 0.535185 0.006250 0.022222
5 0.690885 0.569907 0.019271 0.056481
6 0.688021 0.557870 0.009375 0.056481
6 0.693750 0.556481 0.018750 0.064815
13 0.661979 0.192130 0.051042 0.030556
6 0.605469 0.532407 0.006771 0.012963