7 0.038281 0.547685 0.005729 0.012037
6 0.006771 0.549074 0.006250 0.011111
6 0.025260 0.558796 0.006771 0.012037
6 0.030469 0.556019 0.006771 0.010185
6 0.035417 0.557407 0.006250 0.007407
6 0.041146 0.556019 0.005208 0.008333
6 0.050000 0.556481 0.005208 0.007407
0 0.004427 0.566667 0.007812 0.027778
0 0.013021 0.576852 0.025000 0.042593
0 0.040625 0.596296 0.042708 0.072222
5 0.015885 0.622222 0.016146 0.038889
6 0.012760 0.597685 0.024479 0.080556
6 0.016667 0.590278 0.020833 0.069444
5 0.047917 0.613889 0.019792 0.050000
6 0.047917 0.597685 0.023958 0.082407
6 0.049219 0.590278 0.022396 0.067593
7 0.062500 0.552778 0.009375 0.020370
7 0.060417 0.562037 0.006250 0.014815
7 0.063802 0.566204 0.009896 0.019444
7 0.074219 0.561574 0.005729 0.013889
7 0.077604 0.558333 0.006250 0.018519
5 0.068750 0.618056 0.018750 0.056481
6 0.063802 0.602778 0.023438 0.087037
7 0.098698 0.586574 0.011979 0.078704
7 0.104167 0.569444 0.008333 0.035185
7 0.110937 0.571759 0.008333 0.034259
7 0.126302 0.556019 0.005729 0.008333
7 0.122917 0.564815 0.008333 0.027778
7 0.115104 0.594444 0.015625 0.079630
7 0.094792 0.593056 0.016667 0.080556
7 0.083333 0.610648 0.032292 0.121296
7 0.138542 0.559259 0.008333 0.022222
7 0.126302 0.606019 0.021354 0.095370
7 0.154688 0.601389 0.017708 0.102778
7 0.163021 0.582870 0.010417 0.071296
7 0.160938 0.599537 0.011458 0.080556
7 0.178906 0.594444 0.013021 0.075926
7 0.171354 0.602778 0.014583 0.072222
7 0.143750 0.611574 0.027083 0.132407
0 0.197656 0.587500 0.038021 0.060185
0 0.254167 0.594444 0.106250 0.087037
7 0.194271 0.634722 0.029167 0.106481
7 0.220052 0.648148 0.033854 0.168519
7 0.258854 0.645370 0.052083 0.187037
7 0.295312 0.702778 0.046875 0.209259
4 0.105469 0.534722 0.063021 0.071296
5 0.600000 0.597222 0.029167 0.100000
2 0.660677 0.579630 0.070312 0.133333
1 0.817708 0.533796 0.218750 0.197222
7 0.868750 0.576852 0.029167 0.118519