0 0.489323 0.533333 0.009896 0.014815
0 0.474740 0.531481 0.006771 0.012963
2 0.460677 0.530093 0.007812 0.013889
2 0.468229 0.530093 0.007292 0.017593
6 0.469271 0.533333 0.005208 0.014815
2 0.448958 0.528704 0.008333 0.011111
7 0.462500 0.536574 0.005208 0.025000
5 0.476823 0.571296 0.020313 0.055556
6 0.476562 0.561574 0.019792 0.063889
7 0.436979 0.543981 0.007292 0.030556
0 0.452604 0.532870 0.006250 0.012037
5 0.454948 0.551389 0.009896 0.028704
6 0.454167 0.544444 0.009375 0.033333
5 0.445312 0.568519 0.018750 0.053704
6 0.445312 0.556481 0.016667 0.059259
5 0.424479 0.598611 0.025000 0.082407
6 0.424479 0.581481 0.023958 0.090741
4 0.386719 0.548148 0.036979 0.062963
2 0.311979 0.566667 0.044792 0.083333
2 0.357812 0.594907 0.029167 0.073148
6 0.357292 0.573148 0.023958 0.090741
0 0.537240 0.531481 0.007812 0.024074
0 0.557292 0.531019 0.007292 0.008333
0 0.564323 0.527315 0.008854 0.006481
0 0.548438 0.538426 0.012500 0.030556
0 0.563021 0.543981 0.018750 0.030556
0 0.587500 0.554167 0.031250 0.045370
0 0.689323 0.555093 0.025521 0.036111
0 0.692187 0.563426 0.016667 0.028704
0 0.706771 0.562037 0.020833 0.038889
2 0.660417 0.559722 0.038542 0.071296
6 0.716146 0.547685 0.008333 0.023148
4 0.802865 0.567130 0.060937 0.091667
5 0.803646 0.601389 0.025000 0.062037
6 0.798177 0.569907 0.021354 0.052778
7 0.851042 0.568056 0.011458 0.036111
0 0.634635 0.571296 0.048438 0.070370
0 0.754167 0.601389 0.098958 0.119444
6 0.456510 0.530556 0.004687 0.009259
5 0.469010 0.537500 0.003646 0.008333
0 0.494271 0.528241 0.007292 0.008333
0 0.485677 0.526852 0.004687 0.007407
10 0.843229 0.723148 0.067708 0.185185