3 0.657292 0.563426 0.016667 0.026852
6 0.663281 0.551389 0.007812 0.012037
6 0.653906 0.566667 0.008854 0.040741
0 0.644531 0.575000 0.021354 0.048148
7 0.667969 0.590741 0.019271 0.118519
7 0.702083 0.606944 0.025000 0.143519
7 0.814063 0.535185 0.018750 0.112963
5 0.773698 0.567130 0.045312 0.062037
7 0.730208 0.608333 0.031250 0.174074
5 0.687760 0.689352 0.064062 0.162037
6 0.690885 0.628241 0.053646 0.176852
5 0.635417 0.578704 0.012500 0.031481
6 0.634635 0.569907 0.014063 0.052778
7 0.612240 0.548611 0.007812 0.017593
7 0.606510 0.555093 0.009896 0.028704
7 0.603125 0.557407 0.014583 0.040741
7 0.600000 0.563889 0.014583 0.035185
5 0.592448 0.634722 0.039062 0.106481
6 0.589583 0.600000 0.037500 0.133333
2 0.561458 0.568519 0.029167 0.070370
7 0.563281 0.560648 0.021354 0.067593
7 0.539583 0.567130 0.009375 0.019444
7 0.565625 0.612500 0.021875 0.112037
7 0.547917 0.612500 0.025000 0.126852
7 0.478385 0.515278 0.008854 0.019444
7 0.490104 0.529167 0.011458 0.023148
7 0.477083 0.556944 0.014583 0.078704
7 0.489063 0.523148 0.020833 0.037037
7 0.446875 0.557407 0.013542 0.044444
7 0.461458 0.546296 0.025000 0.088889
7 0.521615 0.620370 0.034896 0.201852
7 0.489844 0.624074 0.033854 0.196296
7 0.450260 0.574074 0.018229 0.044444
7 0.449740 0.587500 0.013021 0.049074
7 0.461719 0.609722 0.027604 0.086111
5 0.403385 0.610648 0.049479 0.054630
5 0.388802 0.621759 0.058854 0.089815
5 0.405469 0.649537 0.064062 0.102778
7 0.367448 0.737037 0.042188 0.225926
7 0.436979 0.621296 0.019792 0.059259
7 0.436458 0.724537 0.040625 0.230556
7 0.468229 0.726852 0.042708 0.238889
5 0.620313 0.773148 0.105208 0.296296
6 0.618750 0.681019 0.088542 0.280556
7 0.964844 0.597222 0.033854 0.090741
5 0.804167 0.864815 0.217708 0.270370
5 0.957812 0.891204 0.084375 0.217593
6 0.948438 0.781019 0.103125 0.437963
6 0.787760 0.778704 0.168229 0.442593