5 0.078125 0.613889 0.085417 0.153704
5 0.050521 0.627778 0.098958 0.140741
5 0.022396 0.668519 0.043750 0.140741
7 0.192188 0.579630 0.026042 0.137037
6 0.195312 0.606944 0.039583 0.112037
6 0.166927 0.632870 0.065104 0.154630
5 0.161198 0.764352 0.051562 0.150926
0 0.301302 0.572222 0.082812 0.081481
7 0.392969 0.543519 0.013021 0.044444
6 0.397135 0.556019 0.019271 0.043519
3 0.406510 0.556019 0.014063 0.034259
1 0.489323 0.521759 0.033854 0.047222
6 0.506250 0.515278 0.013542 0.034259
6 0.517448 0.500463 0.015104 0.054630
6 0.521354 0.504630 0.016667 0.061111
3 0.522656 0.566667 0.041146 0.092593
1 0.536979 0.522685 0.044792 0.069444
1 0.570312 0.528241 0.019792 0.028704
0 0.570573 0.550000 0.022396 0.031481
0 0.548438 0.551852 0.014583 0.031481
0 0.591927 0.584722 0.049479 0.091667
2 0.642969 0.537963 0.038021 0.033333
5 0.695833 0.567130 0.017708 0.026852
7 0.698177 0.562500 0.009896 0.047222
5 0.707292 0.567593 0.019792 0.029630
7 0.718229 0.565278 0.011458 0.052778
5 0.732292 0.566667 0.009375 0.020370
2 0.761719 0.561574 0.053646 0.069444
0 0.859375 0.570833 0.065625 0.043519
0 0.646094 0.627315 0.105729 0.156481
0 0.828125 0.759259 0.343750 0.401852
0 0.466667 0.619907 0.121875 0.202778
0 0.516406 0.591204 0.032813 0.106481
5 0.546615 0.599074 0.015104 0.057407
5 0.562760 0.617130 0.035937 0.106481
6 0.562240 0.587037 0.041146 0.103704
0 0.312240 0.782870 0.341146 0.434259
9 0.546094 0.302315 0.004687 0.015741
9 0.536719 0.406019 0.002604 0.006481
9 0.559115 0.321296 0.007812 0.012963
9 0.589063 0.283333 0.005208 0.005556
9 0.598698 0.301852 0.006771 0.009259
9 0.590885 0.304167 0.003646 0.010185
9 0.578646 0.303241 0.004167 0.004630
9 0.582812 0.307870 0.004167 0.006481
9 0.574740 0.309259 0.003646 0.005556
9 0.564063 0.339815 0.003125 0.005556
9 0.577344 0.309259 0.002604 0.007407
9 0.564583 0.334259 0.004167 0.003704
9 0.561458 0.354167 0.003125 0.004630
9 0.560677 0.367593 0.003646 0.005556
9 0.561198 0.358796 0.002604 0.008333
9 0.558854 0.371759 0.003125 0.006481
9 0.557813 0.377315 0.005208 0.006481
9 0.554688 0.386111 0.004167 0.007407
9 0.552865 0.394444 0.002604 0.005556
9 0.547135 0.403241 0.004687 0.008333
9 0.569271 0.317130 0.006250 0.013889