7 0.503125 0.551852 0.006250 0.022222
0 0.533594 0.558333 0.008854 0.029630
0 0.556510 0.557407 0.043229 0.035185
0 0.559375 0.572222 0.043750 0.051852
6 0.633073 0.568056 0.018229 0.052778
5 0.636719 0.591667 0.010937 0.035185
6 0.659375 0.596759 0.032292 0.108333
5 0.658594 0.620370 0.032813 0.098148
2 0.718490 0.540278 0.021354 0.030556
5 0.696354 0.547685 0.011458 0.017593
1 0.784635 0.527778 0.083854 0.077778
7 0.822135 0.543981 0.018229 0.049074
5 0.553906 0.600463 0.018229 0.050926
6 0.554688 0.575463 0.020833 0.065741
7 0.539844 0.612963 0.016146 0.092593
0 0.467187 0.564352 0.032292 0.039815
3 0.475521 0.532870 0.014583 0.034259
7 0.508073 0.559259 0.010937 0.022222
7 0.519010 0.597222 0.024479 0.114815
7 0.494792 0.545370 0.008333 0.024074
7 0.494010 0.606944 0.025521 0.145370
7 0.471875 0.572222 0.012500 0.035185
5 0.589583 0.734259 0.097917 0.281481
6 0.586458 0.648148 0.079167 0.250000
6 0.594010 0.668519 0.094271 0.229630
7 0.478125 0.648611 0.021875 0.158333
7 0.456250 0.632870 0.020833 0.189815
7 0.436719 0.618056 0.026562 0.149074
7 0.416406 0.613889 0.018229 0.153704
7 0.402604 0.615741 0.020833 0.153704
7 0.385677 0.621759 0.028646 0.139815
7 0.364844 0.588426 0.022396 0.108333
0 0.294531 0.604630 0.034896 0.081481
5 0.332552 0.669444 0.123438 0.137037
6 0.319010 0.637037 0.046354 0.216667
7 0.246615 0.554630 0.009896 0.035185
7 0.267188 0.618056 0.036458 0.167593
7 0.219792 0.603241 0.018750 0.128704
7 0.239583 0.599537 0.027083 0.126852
0 0.116927 0.643981 0.118229 0.197222
7 0.169531 0.640741 0.034896 0.224074
7 0.144010 0.643981 0.036979 0.236111
7 0.194010 0.638889 0.044271 0.253704
5 0.230208 0.698611 0.118750 0.186111
7 0.010677 0.562037 0.016146 0.024074
0 0.035417 0.668056 0.069792 0.193519
0 0.953646 0.588889 0.089583 0.161111
7 0.968490 0.658796 0.038021 0.232407
7 0.942187 0.661111 0.082292 0.294444
7 0.987760 0.693519 0.021354 0.225926
4 0.819271 0.533796 0.053125 0.063889