0 0.731510 0.519444 0.014063 0.025926
0 0.783073 0.532870 0.044271 0.052778
2 0.859896 0.529630 0.037500 0.072222
4 0.926042 0.477778 0.144792 0.238889
7 0.776563 0.570370 0.022917 0.061111
7 0.730729 0.571296 0.022917 0.075926
4 0.547917 0.519444 0.027083 0.035185
4 0.595833 0.521296 0.011458 0.027778
4 0.573177 0.516204 0.038021 0.039815
6 0.583854 0.528241 0.005208 0.013889
5 0.582812 0.534722 0.008333 0.019444
5 0.487240 0.543519 0.016146 0.018519
5 0.472917 0.544444 0.018750 0.024074
6 0.499219 0.541667 0.015104 0.037037
5 0.498698 0.558333 0.013021 0.024074
0 0.538281 0.626852 0.119271 0.175926
5 0.389583 0.564815 0.021875 0.022222
6 0.403906 0.548148 0.011979 0.050000
5 0.415885 0.626852 0.043229 0.105556
6 0.414844 0.591667 0.035937 0.135185
6 0.411719 0.587037 0.039062 0.135185
6 0.368750 0.563426 0.015625 0.054630
5 0.359635 0.612963 0.041146 0.101852
6 0.358854 0.582870 0.036458 0.115741
5 0.048438 0.765278 0.096875 0.221296
6 0.039844 0.696296 0.077604 0.283333