7 0.259115 0.603241 0.015104 0.100926
7 0.361458 0.587037 0.020833 0.111111
7 0.329167 0.594444 0.022917 0.116667
7 0.345052 0.590741 0.019271 0.112963
7 0.272135 0.613889 0.020313 0.096296
7 0.310937 0.604167 0.016667 0.091667
7 0.291927 0.591204 0.023438 0.123148
5 0.126042 0.607407 0.030208 0.096296
0 0.185417 0.600000 0.096875 0.133333
7 0.225781 0.638426 0.035937 0.202778
7 0.112240 0.642130 0.029687 0.149074
7 0.092969 0.663426 0.020313 0.128704
7 0.010677 0.627778 0.014063 0.051852
3 0.922656 0.520833 0.013021 0.030556
7 0.901563 0.553241 0.013542 0.078704
7 0.919010 0.540278 0.007812 0.047222
6 0.932292 0.527778 0.006250 0.022222
5 0.931771 0.538889 0.008333 0.018519
7 0.919792 0.535648 0.009375 0.032407
7 0.938802 0.539815 0.007812 0.037037
0 0.954948 0.529630 0.010937 0.025926
0 0.970313 0.532870 0.017708 0.034259
5 0.960156 0.557870 0.014063 0.039815
6 0.960677 0.543519 0.010937 0.044444
7 0.950000 0.552778 0.015625 0.072222
0 0.982812 0.562037 0.032292 0.087037
6 0.893229 0.551389 0.016667 0.075000
6 0.886719 0.555093 0.021354 0.078704
5 0.887500 0.579167 0.026042 0.063889
7 0.864844 0.550463 0.015104 0.075000
7 0.854688 0.552778 0.011458 0.070370
7 0.841927 0.553241 0.015104 0.073148
7 0.830208 0.537963 0.011458 0.051852
7 0.821615 0.559722 0.009896 0.095370
7 0.801302 0.533796 0.014063 0.047222
6 0.809635 0.556944 0.014063 0.080556
7 0.827865 0.571759 0.016146 0.071296
7 0.783333 0.535648 0.014583 0.049074
7 0.765104 0.549074 0.019792 0.092593
7 0.755469 0.553241 0.014063 0.089815
7 0.744792 0.551389 0.014583 0.089815
7 0.623437 0.569444 0.030208 0.066667
7 0.658594 0.558796 0.015104 0.045370
7 0.649479 0.575000 0.020833 0.103704
7 0.653125 0.583796 0.018750 0.091667
3 0.573177 0.550000 0.051562 0.120370
5 0.546094 0.566667 0.036979 0.072222
0 0.672135 0.557870 0.077604 0.069444
5 0.672656 0.579167 0.032813 0.049074
5 0.782292 0.570833 0.037500 0.062037
0 0.725781 0.548148 0.047396 0.074074
5 0.818490 0.575463 0.046354 0.049074
3 0.913021 0.549074 0.022917 0.051852
7 0.020833 0.627778 0.021875 0.053704