3 0.500000 0.528241 0.006250 0.008333
4 0.489323 0.521296 0.015104 0.029630
5 0.502344 0.530093 0.004687 0.006481
6 0.503125 0.527315 0.004167 0.012037
2 0.507031 0.528241 0.007812 0.017593
3 0.521875 0.526852 0.008333 0.020370
0 0.514844 0.531944 0.011979 0.019444
1 0.602083 0.526389 0.045833 0.069444
0 0.578125 0.534722 0.010417 0.021296
0 0.564844 0.550463 0.034896 0.049074
5 0.533594 0.568056 0.019271 0.052778
6 0.534115 0.556019 0.018229 0.062037
5 0.471875 0.564352 0.022917 0.054630
6 0.472396 0.551852 0.019792 0.053704
5 0.585677 0.595833 0.030729 0.080556
6 0.586979 0.568981 0.022917 0.093519
5 0.639062 0.547685 0.009375 0.021296
6 0.638542 0.540741 0.009375 0.025926
0 0.682552 0.543981 0.025521 0.028704
5 0.698177 0.567130 0.019271 0.037963
6 0.698177 0.552315 0.019271 0.056481
5 0.788542 0.579630 0.025000 0.046296
6 0.791146 0.565278 0.018750 0.052778
7 0.860938 0.574074 0.019792 0.075926
7 0.994010 0.602315 0.010937 0.075000
7 0.975000 0.589352 0.020833 0.099074
5 0.328385 0.531481 0.025521 0.038889
3 0.250781 0.506019 0.086979 0.136111
0 0.749219 0.547222 0.019271 0.018519
4 0.838802 0.540741 0.010937 0.018519
0 0.848437 0.542593 0.009375 0.009259
3 0.816406 0.543519 0.010937 0.012963
0 0.797917 0.544907 0.013542 0.010185
0 0.780208 0.547685 0.011458 0.015741