0 0.516146 0.526389 0.011458 0.015741
5 0.484635 0.526852 0.004687 0.009259
6 0.484635 0.521759 0.005729 0.010185
6 0.470052 0.522222 0.004687 0.011111
7 0.437760 0.531481 0.007812 0.022222
5 0.431771 0.548611 0.009375 0.021296
6 0.432292 0.537963 0.010417 0.035185
7 0.269792 0.591667 0.023958 0.062963
5 0.312500 0.594444 0.030208 0.053704
5 0.443229 0.551389 0.011458 0.032407
6 0.443490 0.539815 0.013021 0.040741
0 0.546354 0.529167 0.010417 0.021296
0 0.466667 0.561111 0.048958 0.068519
3 0.575521 0.526389 0.011458 0.026852
3 0.555729 0.521759 0.008333 0.010185
0 0.556510 0.533796 0.007812 0.015741
0 0.567969 0.531481 0.014063 0.018519
5 0.626823 0.553241 0.009896 0.028704
6 0.627083 0.541204 0.014583 0.037963
5 0.660677 0.564352 0.018229 0.049074
6 0.661719 0.549537 0.017188 0.052778
2 0.710156 0.555556 0.041146 0.070370
5 0.820833 0.583333 0.023958 0.042593
5 0.790625 0.581019 0.035417 0.037963
7 0.812240 0.566667 0.015104 0.066667
5 0.904687 0.614352 0.045833 0.080556
6 0.888802 0.581944 0.020313 0.089815
6 0.907031 0.586111 0.034896 0.090741