7 0.229687 0.530556 0.029167 0.146296
5 0.350000 0.575463 0.029167 0.049074
5 0.370052 0.563426 0.020313 0.034259
6 0.423177 0.552315 0.023438 0.049074
1 0.509375 0.506019 0.039583 0.041667
1 0.581250 0.514352 0.053125 0.100926
1 0.622396 0.513889 0.032292 0.050000
5 0.982552 0.587963 0.032813 0.066667
2 0.915885 0.550463 0.082812 0.075000
6 0.874479 0.550000 0.012500 0.031481
2 0.764583 0.541667 0.027083 0.048148
0 0.804167 0.565741 0.094792 0.087037
2 0.737760 0.545370 0.036979 0.053704
0 0.599479 0.560185 0.043750 0.066667
0 0.676562 0.537037 0.011458 0.012963
0 0.639844 0.586111 0.067187 0.124074
0 0.701042 0.634259 0.142708 0.196296
0 0.861979 0.727778 0.273958 0.338889
0 0.975521 0.895370 0.046875 0.205556
5 0.599740 0.640278 0.045312 0.150926
6 0.602604 0.617130 0.050000 0.186111
0 0.503906 0.586111 0.159896 0.150000
3 0.562760 0.549074 0.023438 0.072222
0 0.412760 0.782407 0.466146 0.435185
9 0.631771 0.007407 0.008333 0.014815
9 0.704167 0.017593 0.005208 0.014815
9 0.714583 0.012963 0.008333 0.016667
9 0.684635 0.037037 0.004687 0.011111
9 0.674479 0.072685 0.005208 0.010185
9 0.670052 0.092593 0.004687 0.011111
9 0.664844 0.115278 0.006771 0.008333
9 0.653646 0.156481 0.006250 0.009259
9 0.652865 0.162963 0.007812 0.009259
9 0.644010 0.198148 0.008854 0.011111
9 0.640365 0.208796 0.009896 0.010185
9 0.636979 0.218981 0.006250 0.012037
9 0.634375 0.230093 0.004167 0.010185
9 0.629167 0.249074 0.007292 0.014815
9 0.623177 0.267130 0.007812 0.010185
9 0.619271 0.273611 0.006250 0.010185
9 0.615365 0.284259 0.006771 0.014815
9 0.607812 0.300926 0.004167 0.009259
9 0.602604 0.309722 0.007292 0.015741
9 0.579948 0.327315 0.004687 0.013889
6 0.549479 0.478241 0.016667 0.060185
6 0.544010 0.483333 0.023438 0.070370
6 0.526302 0.494444 0.016146 0.022222
6 0.524740 0.503704 0.015104 0.025926