0 0.477344 0.552315 0.015104 0.015741
7 0.474740 0.559259 0.005729 0.027778
7 0.533333 0.599074 0.027083 0.101852
7 0.536458 0.571296 0.017708 0.050000
5 0.554688 0.623611 0.040625 0.089815
7 0.470052 0.553241 0.003646 0.013889
7 0.465885 0.565741 0.004687 0.038889
7 0.470052 0.568519 0.007812 0.035185
7 0.479948 0.586574 0.023438 0.067593
7 0.483594 0.562963 0.005729 0.018519
7 0.461458 0.565278 0.005208 0.036111
7 0.465625 0.600463 0.016667 0.034259
7 0.442448 0.564352 0.010937 0.039815
7 0.433333 0.587963 0.012500 0.075926
7 0.421615 0.565278 0.005729 0.019444
7 0.416927 0.598148 0.015104 0.070370
5 0.404948 0.586111 0.011979 0.033333
6 0.406510 0.579167 0.010937 0.043519
7 0.359115 0.574074 0.007812 0.042593
7 0.369010 0.571296 0.010937 0.035185
7 0.391927 0.687037 0.064062 0.303704
5 0.453385 0.690741 0.065104 0.150000
6 0.452083 0.647685 0.042708 0.187963
7 0.466146 0.562500 0.005208 0.032407
5 0.518229 0.774537 0.101042 0.252778
6 0.526302 0.725000 0.103646 0.342593
6 0.485417 0.626852 0.019792 0.129630
6 0.526042 0.718519 0.077083 0.255556
0 0.673438 0.585648 0.139583 0.163889
4 0.878385 0.613889 0.243229 0.411111
7 0.810937 0.781944 0.084375 0.436111
7 0.865625 0.761111 0.100000 0.477778
7 0.913802 0.734259 0.063021 0.314815
6 0.952604 0.780093 0.094792 0.437963
6 0.977604 0.873611 0.042708 0.250926
7 0.705990 0.712037 0.075521 0.416667
7 0.617188 0.580093 0.069792 0.163889
6 0.597656 0.774074 0.093229 0.451852
6 0.644271 0.783796 0.121875 0.432407
5 0.673958 0.853241 0.188542 0.291667
0 0.249219 0.581944 0.061979 0.049074
0 0.242969 0.607870 0.053646 0.082407
3 0.242969 0.661574 0.057813 0.106481
7 0.277865 0.643519 0.028646 0.135185
4 0.116146 0.500000 0.231250 0.998148