7 0.447917 0.556481 0.007292 0.037037
0 0.526823 0.558796 0.028646 0.037963
0 0.553385 0.545370 0.015104 0.022222
0 0.563802 0.547685 0.008854 0.015741
0 0.677344 0.562037 0.029687 0.037037
6 0.659896 0.555556 0.009375 0.031481
5 0.660417 0.564815 0.012500 0.029630
2 0.729688 0.569907 0.042708 0.069444
5 0.421615 0.565278 0.013021 0.028704
2 0.477344 0.585648 0.052604 0.115741
5 0.394010 0.574537 0.013021 0.037963
6 0.394271 0.565741 0.018750 0.051852
0 0.035156 0.731944 0.070312 0.252778
7 0.438802 0.549537 0.004687 0.017593
7 0.435156 0.549537 0.003646 0.017593