7 0.671354 0.503704 0.008333 0.014815
4 0.630208 0.510648 0.053125 0.026852
7 0.520833 0.509259 0.015625 0.044444
6 0.677083 0.503241 0.006250 0.015741
7 0.692187 0.504167 0.007292 0.017593
7 0.715365 0.510185 0.006771 0.018519
7 0.687240 0.506944 0.007812 0.017593
7 0.708073 0.514352 0.020313 0.034259
7 0.734635 0.513426 0.007812 0.019444
7 0.777083 0.504167 0.011458 0.017593
3 0.724479 0.529167 0.015625 0.028704
7 0.741667 0.513889 0.017708 0.046296
7 0.739062 0.556019 0.020833 0.063889
7 0.650260 0.510648 0.018229 0.026852
4 0.841667 0.519907 0.139583 0.239815
2 0.790365 0.600000 0.084896 0.177778
5 0.797396 0.640741 0.016667 0.103704
6 0.798958 0.547222 0.025000 0.062963
6 0.793229 0.582407 0.029167 0.133333
7 0.875000 0.593519 0.029167 0.151852
7 0.788802 0.597222 0.095312 0.161111
7 0.834115 0.658333 0.061979 0.316667
7 0.779167 0.647222 0.051042 0.248148
7 0.885156 0.595833 0.051562 0.187963
0 0.471615 0.576852 0.126562 0.183333
5 0.506250 0.626389 0.043750 0.123148
7 0.565365 0.517593 0.014063 0.025926
7 0.387500 0.619907 0.029167 0.160185
7 0.368490 0.597222 0.034896 0.168519
7 0.355729 0.566204 0.025000 0.071296
7 0.337500 0.606944 0.039583 0.141667
5 0.439063 0.692593 0.080208 0.183333
6 0.412760 0.600463 0.044271 0.123148
7 0.436198 0.766667 0.080729 0.455556
7 0.365885 0.793981 0.111979 0.404630
7 0.125781 0.617593 0.081771 0.275926
7 0.070573 0.590741 0.047396 0.194444
7 0.180208 0.689352 0.077083 0.250926
5 0.220833 0.873148 0.140625 0.250000
7 0.055208 0.649537 0.062500 0.186111
6 0.156771 0.798611 0.218750 0.400926
6 0.057552 0.805093 0.113021 0.387963
6 0.047656 0.916204 0.093229 0.163889
6 0.914062 0.486111 0.027083 0.042593
7 0.990104 0.530093 0.017708 0.075000
7 0.944531 0.658333 0.096354 0.612963
7 0.916406 0.748148 0.164062 0.500000
0 0.655208 0.757870 0.352083 0.482407
6 0.632552 0.516204 0.006771 0.006481