5 0.038021 0.636574 0.071875 0.087963
6 0.010677 0.610185 0.019271 0.120370
6 0.030729 0.611574 0.037500 0.115741
5 0.130469 0.603704 0.021354 0.105556
0 0.185938 0.598611 0.105208 0.132407
7 0.111458 0.639352 0.030208 0.149074
7 0.263542 0.603241 0.021875 0.102778
7 0.293490 0.563889 0.026562 0.074074
7 0.327083 0.590278 0.022917 0.115741
7 0.287760 0.576389 0.014063 0.021296
7 0.311979 0.605556 0.013542 0.090741
7 0.341667 0.590278 0.017708 0.113889
7 0.360938 0.582870 0.021875 0.112037
7 0.302083 0.677315 0.055208 0.275000
3 0.572135 0.548148 0.052604 0.114815
5 0.539844 0.561111 0.023438 0.061111
7 0.624479 0.570833 0.035417 0.067593
0 0.671875 0.557870 0.076042 0.071296
0 0.724219 0.553241 0.042188 0.080556
5 0.667969 0.568981 0.047396 0.056481
7 0.744271 0.524537 0.010417 0.030556
7 0.755208 0.526389 0.011458 0.039815
7 0.743229 0.571759 0.016667 0.102778
7 0.765365 0.549074 0.019271 0.100000
7 0.755469 0.579167 0.021354 0.093519
7 0.782552 0.537963 0.011979 0.051852
5 0.781510 0.570370 0.034896 0.066667
7 0.796094 0.549537 0.018229 0.084259
7 0.822396 0.558796 0.014583 0.095370
7 0.828125 0.569444 0.014583 0.077778
7 0.864062 0.555093 0.013542 0.069444
5 0.835677 0.570370 0.016146 0.048148
3 0.883594 0.524074 0.018229 0.025926
7 0.919531 0.533796 0.008854 0.030556
7 0.932552 0.534259 0.003646 0.029630
7 0.923958 0.542130 0.006250 0.021296
0 0.952604 0.531944 0.009375 0.030556
0 0.969792 0.531481 0.023958 0.035185
7 0.940104 0.550926 0.015625 0.066667
7 0.882292 0.555093 0.011458 0.069444
7 0.903125 0.549537 0.012500 0.076852
7 0.893229 0.552778 0.012500 0.075926
5 0.956771 0.551389 0.011458 0.025000
6 0.957292 0.536111 0.012500 0.033333
0 0.982031 0.552778 0.034896 0.072222
5 0.849479 0.570833 0.013542 0.043519
7 0.656771 0.569907 0.018750 0.071296
7 0.853385 0.554167 0.010937 0.067593
3 0.914062 0.545370 0.020833 0.062963