7 0.360156 0.585185 0.022396 0.111111
7 0.342708 0.590278 0.017708 0.119444
7 0.328906 0.589352 0.017188 0.123148
7 0.310417 0.604167 0.016667 0.093519
7 0.295052 0.591204 0.036979 0.126852
7 0.266927 0.604167 0.016146 0.099074
5 0.127604 0.606944 0.027083 0.097222
0 0.187760 0.598611 0.099479 0.132407
7 0.184635 0.621296 0.022396 0.107407
7 0.109375 0.642130 0.029167 0.149074
7 0.110937 0.658333 0.021875 0.127778
7 0.016927 0.545833 0.025521 0.132407
7 0.016406 0.624537 0.022396 0.060185
5 0.018229 0.602315 0.026042 0.032407
5 0.069792 0.702315 0.075000 0.147222
6 0.049479 0.645370 0.026042 0.166667
6 0.074219 0.650000 0.059896 0.187037
5 0.503385 0.624074 0.091146 0.094444
6 0.483073 0.587963 0.032813 0.122222
6 0.501823 0.590278 0.038021 0.115741
5 0.547656 0.575000 0.036979 0.072222
3 0.575521 0.545370 0.052083 0.112963
7 0.626823 0.571759 0.027604 0.065741
7 0.655208 0.567130 0.022917 0.071296
5 0.630729 0.558333 0.014583 0.025926
0 0.671615 0.557407 0.077604 0.070370
5 0.667708 0.567130 0.042708 0.056481
0 0.724740 0.551852 0.046354 0.072222
7 0.603125 0.706481 0.117708 0.355556
3 0.910156 0.531019 0.010937 0.028704
0 0.888021 0.528241 0.022917 0.028704
3 0.923958 0.525926 0.017708 0.042593
7 0.904167 0.550463 0.010417 0.075000
7 0.895312 0.552315 0.013542 0.071296
7 0.885417 0.554167 0.014583 0.063889
7 0.913021 0.533333 0.007292 0.027778
7 0.935156 0.548611 0.010937 0.060185
5 0.945573 0.545833 0.006771 0.023148
6 0.944531 0.535648 0.007812 0.030556
5 0.954427 0.549537 0.008854 0.025000
6 0.957552 0.528704 0.005729 0.018519
6 0.953906 0.535185 0.009896 0.029630
0 0.959635 0.524074 0.004687 0.012963
0 0.974219 0.548611 0.041146 0.058333
7 0.864844 0.553241 0.014063 0.075000
7 0.854167 0.551389 0.012500 0.071296
7 0.845313 0.568981 0.013542 0.084259
7 0.829167 0.559259 0.010417 0.083333
7 0.838021 0.564815 0.021875 0.094444
7 0.804427 0.530556 0.006771 0.024074
7 0.782552 0.534722 0.017188 0.049074
7 0.755469 0.552778 0.009896 0.079630
7 0.746615 0.550926 0.011979 0.085185
7 0.739062 0.554630 0.008333 0.077778
5 0.782813 0.571296 0.039583 0.062963
5 0.812240 0.571296 0.041146 0.048148
6 0.812760 0.555093 0.017188 0.084259
7 0.765365 0.550926 0.018229 0.096296