0 0.586458 0.562500 0.019792 0.045370
6 0.610417 0.547685 0.009375 0.017593
5 0.608854 0.559259 0.009375 0.022222
7 0.628385 0.550926 0.009896 0.027778
7 0.620833 0.580556 0.021875 0.111111
7 0.600260 0.579167 0.020313 0.115741
7 0.718750 0.530556 0.016667 0.083333
5 0.702083 0.561111 0.038542 0.035185
7 0.793229 0.573611 0.029167 0.060185
7 0.656771 0.594907 0.029167 0.147222
7 0.760677 0.741204 0.093229 0.362037
7 0.930990 0.734259 0.113021 0.531481
7 0.570833 0.541667 0.010417 0.020370
5 0.577604 0.595370 0.016667 0.059259
6 0.578125 0.575000 0.016667 0.081481
7 0.559896 0.543519 0.006250 0.012963
7 0.552604 0.541204 0.009375 0.021296
5 0.563021 0.604167 0.025000 0.080556
2 0.524479 0.543519 0.021875 0.035185
7 0.507552 0.550926 0.019271 0.051852
7 0.514844 0.590741 0.023438 0.096296
7 0.497656 0.590741 0.018229 0.109259
6 0.565365 0.583333 0.024479 0.100000
7 0.456250 0.521296 0.010417 0.040741
7 0.464583 0.526852 0.015625 0.055556
7 0.463021 0.541204 0.012500 0.065741
7 0.478646 0.591667 0.033333 0.164815
7 0.471875 0.589352 0.025000 0.119444
7 0.439323 0.541204 0.010937 0.036111
7 0.431250 0.537500 0.011458 0.034259
7 0.434635 0.550463 0.010937 0.026852
7 0.437760 0.581019 0.013021 0.075000
7 0.425781 0.594907 0.025521 0.097222
7 0.452865 0.593981 0.025521 0.162037
5 0.392448 0.587963 0.031771 0.051852
7 0.410156 0.644907 0.021354 0.143519
7 0.400260 0.679630 0.033854 0.179630
7 0.433594 0.677315 0.031771 0.186111
7 0.329948 0.685185 0.035937 0.185185
7 0.538021 0.631481 0.038542 0.127778
6 0.539844 0.578241 0.033854 0.104630
6 0.540365 0.587037 0.040104 0.137037