3 0.458333 0.578704 0.010417 0.018519
3 0.464323 0.579167 0.008854 0.017593
0 0.485677 0.582870 0.032813 0.075000
3 0.572656 0.553704 0.007812 0.011111
1 0.609635 0.556944 0.041146 0.058333
0 0.680469 0.556944 0.041146 0.021296
0 0.711979 0.558796 0.023958 0.025000
0 0.751563 0.561111 0.022917 0.035185
1 0.807292 0.533796 0.110417 0.110185
0 0.871354 0.586574 0.070833 0.082407
0 0.796354 0.580093 0.083333 0.097222
4 0.928906 0.537500 0.142187 0.278704
5 0.301042 0.559259 0.011458 0.018519
5 0.338021 0.578704 0.035417 0.042593
0 0.049740 0.531944 0.051562 0.052778
3 0.059375 0.785648 0.085417 0.236111
7 0.018229 0.747222 0.035417 0.505556
5 0.727865 0.600000 0.056771 0.090741
6 0.729948 0.572222 0.033854 0.103704
7 0.410417 0.586111 0.019792 0.083333
5 0.201823 0.664815 0.041146 0.155556
6 0.214062 0.628241 0.055208 0.167593
5 0.232292 0.786111 0.096875 0.314815
6 0.236719 0.713426 0.105729 0.328704
0 0.660937 0.554167 0.030208 0.015741
2 0.536979 0.592593 0.082292 0.162963
5 0.447917 0.814815 0.096875 0.290741
6 0.446354 0.694907 0.091667 0.300926