0 0.497917 0.528241 0.006250 0.010185
1 0.517448 0.543519 0.027604 0.050000
1 0.581510 0.526852 0.100521 0.172222
5 0.534896 0.598611 0.031250 0.082407
6 0.532813 0.574537 0.031250 0.087963
0 0.623437 0.601852 0.094792 0.129630
0 0.750521 0.670833 0.205208 0.302778
3 0.471875 0.530093 0.052083 0.145370
5 0.445573 0.597222 0.026562 0.070370
6 0.446094 0.575926 0.028646 0.075926
6 0.445573 0.570833 0.026562 0.078704
5 0.495833 0.594444 0.021875 0.055556
6 0.494531 0.571759 0.023438 0.080556
7 0.015104 0.734722 0.028125 0.360185
5 0.091667 0.789352 0.142708 0.325000
6 0.089063 0.730556 0.118750 0.361111
6 0.074219 0.700463 0.099479 0.302778
10 0.416406 0.521759 0.008854 0.017593
7 0.421354 0.567593 0.006250 0.020370