7 0.644531 0.509259 0.007812 0.014815
7 0.650781 0.506019 0.006771 0.015741
6 0.662240 0.512963 0.006771 0.016667
0 0.657552 0.512037 0.010937 0.014815
7 0.702604 0.525926 0.012500 0.040741
5 0.662240 0.522222 0.007812 0.012963
0 0.672135 0.521759 0.015104 0.015741
0 0.666667 0.532407 0.017708 0.012963
7 0.689323 0.524074 0.021354 0.046296
7 0.716927 0.514815 0.007812 0.031481
0 0.705729 0.536574 0.015625 0.025000
7 0.683073 0.556019 0.016146 0.069444
7 0.671615 0.548148 0.015104 0.040741
7 0.708073 0.545833 0.013021 0.080556
4 0.603646 0.517130 0.059375 0.030556
7 0.711719 0.558796 0.021354 0.062037
4 0.816146 0.485648 0.145833 0.173148
2 0.768490 0.556944 0.095312 0.102778
7 0.828125 0.545370 0.020833 0.051852
5 0.766667 0.646296 0.031250 0.105556
6 0.773438 0.581019 0.031250 0.128704
6 0.770312 0.613426 0.045833 0.193519
7 0.759635 0.677778 0.059896 0.314815
7 0.728125 0.688889 0.045833 0.333333
7 0.703646 0.634722 0.043750 0.197222
6 0.597917 0.525926 0.011458 0.011111
7 0.807292 0.667130 0.057292 0.330556
7 0.490104 0.524074 0.014583 0.061111
0 0.436198 0.569444 0.125521 0.151852
7 0.435417 0.606019 0.057292 0.195370
7 0.917708 0.529630 0.018750 0.033333
7 0.908594 0.602315 0.044271 0.284259
7 0.937500 0.627315 0.058333 0.334259
7 0.894792 0.657870 0.117708 0.569444
7 0.978385 0.522222 0.015104 0.055556
7 0.970573 0.629167 0.027604 0.234259
7 0.990104 0.534259 0.016667 0.061111
7 0.983073 0.655093 0.032813 0.291667
7 0.972135 0.855093 0.053646 0.287963
7 0.870833 0.750463 0.193750 0.495370
7 0.314844 0.557870 0.023438 0.039815
7 0.303906 0.670833 0.044271 0.243519
7 0.246615 0.737963 0.088021 0.422222
0 0.599219 0.759259 0.302604 0.479630
7 0.321615 0.779630 0.082812 0.438889
7 0.398177 0.767593 0.157812 0.462963
7 0.417187 0.828704 0.185417 0.340741
7 0.018490 0.758796 0.035937 0.480556