0 0.476823 0.528704 0.011979 0.014815
0 0.465885 0.531944 0.014063 0.019444
1 0.504687 0.526852 0.036458 0.068519
7 0.525000 0.537500 0.005208 0.026852
0 0.479948 0.558796 0.034896 0.054630
6 0.519271 0.546759 0.008333 0.034259
5 0.519531 0.556481 0.010937 0.033333
5 0.505208 0.599074 0.027083 0.088889
6 0.504687 0.573611 0.026042 0.097222
6 0.503646 0.573148 0.027083 0.087037
0 0.549479 0.522222 0.007292 0.016667
0 0.551823 0.539815 0.014063 0.027778
0 0.567969 0.544907 0.014063 0.032407
7 0.559375 0.555093 0.011458 0.060185
7 0.567708 0.556019 0.009375 0.065741
2 0.592187 0.550000 0.012500 0.042593
0 0.724740 0.569444 0.021354 0.050000
0 0.783073 0.571296 0.076563 0.059259
3 0.858594 0.593056 0.067187 0.104630
2 0.977865 0.671296 0.044271 0.225926
5 0.960417 0.634259 0.011458 0.059259
6 0.874479 0.584259 0.018750 0.038889
4 0.683594 0.566667 0.085938 0.159259
0 0.447396 0.537037 0.021875 0.025926
2 0.403125 0.552315 0.033333 0.054630
0 0.425781 0.551852 0.018229 0.037037
7 0.428385 0.548611 0.008854 0.037963
7 0.402344 0.556944 0.011979 0.060185
7 0.409896 0.548611 0.011458 0.045370
7 0.419010 0.546296 0.011979 0.042593
5 0.412240 0.631944 0.028646 0.126852
6 0.415104 0.593056 0.038542 0.108333
5 0.448958 0.736111 0.087500 0.266667
6 0.444271 0.662037 0.073958 0.262963
7 0.375000 0.563426 0.013542 0.069444
5 0.288021 0.556944 0.014583 0.045370
0 0.315625 0.569907 0.063542 0.086111
5 0.267448 0.596759 0.040104 0.052778
5 0.250260 0.692130 0.076563 0.191667
6 0.251042 0.641667 0.064583 0.201852