13 0.355729 0.380093 0.016667 0.102778
5 0.603646 0.545833 0.015625 0.043519
6 0.602604 0.536574 0.018750 0.052778
5 0.629687 0.521296 0.015625 0.024074
5 0.720313 0.504630 0.011458 0.022222
6 0.720313 0.499537 0.010417 0.026852
0 0.862500 0.517593 0.035417 0.044444
0 0.934375 0.475000 0.016667 0.020370
5 0.936198 0.482407 0.006771 0.016667
6 0.936458 0.475000 0.006250 0.016667
5 0.946094 0.481481 0.006771 0.018519
6 0.946094 0.474537 0.005729 0.023148
0 0.908594 0.482870 0.019271 0.026852
5 0.900781 0.493519 0.008854 0.024074
6 0.900521 0.484722 0.009375 0.032407
6 0.884115 0.505093 0.009896 0.034259
5 0.883594 0.513889 0.010937 0.035185
5 0.890365 0.514815 0.014063 0.037037
6 0.890365 0.504167 0.013021 0.041667
0 0.917448 0.514815 0.038021 0.048148
0 0.968490 0.513889 0.056771 0.053704
5 0.771875 0.556944 0.039583 0.067593
6 0.773438 0.545370 0.018750 0.070370