5 0.070052 0.503241 0.026562 0.045370
7 0.122917 0.502315 0.015625 0.039815
5 0.217708 0.566667 0.043750 0.068519
6 0.209635 0.552315 0.029687 0.095370
5 0.145313 0.540278 0.023958 0.036111
5 0.099219 0.548611 0.046354 0.047222
6 0.089583 0.514815 0.017708 0.061111
6 0.105990 0.512963 0.021354 0.055556
4 0.640104 0.522222 0.046875 0.035185
13 0.658333 0.357870 0.012500 0.019444
13 0.655990 0.415278 0.011979 0.087963
4 0.720833 0.550463 0.062500 0.117593
6 0.717448 0.519444 0.019271 0.037037
5 0.767448 0.781944 0.056771 0.191667
6 0.737500 0.573611 0.038542 0.112037
5 0.861198 0.588889 0.023438 0.038889
6 0.857552 0.571759 0.021354 0.052778
5 0.892969 0.781481 0.103646 0.298148
6 0.760417 0.604630 0.063542 0.183333
4 0.440365 0.522685 0.322396 0.254630
5 0.059375 0.605556 0.014583 0.020370
5 0.028646 0.686111 0.055208 0.075926
6 0.044792 0.598148 0.032292 0.103704
6 0.017969 0.613426 0.034896 0.123148
5 0.201563 0.631481 0.021875 0.048148
5 0.265365 0.747685 0.105729 0.250926
6 0.273438 0.703241 0.082292 0.330556
6 0.251042 0.677778 0.077083 0.275926
5 0.072135 0.753704 0.056771 0.144444
6 0.085677 0.619444 0.058854 0.177778
5 0.034635 0.776852 0.068229 0.129630
6 0.024740 0.712037 0.048438 0.053704
5 0.061719 0.876389 0.122396 0.243519
6 0.057292 0.862963 0.113542 0.094444
5 0.469531 0.779630 0.110937 0.325926
6 0.472396 0.718519 0.107292 0.377778
5 0.173437 0.843519 0.178125 0.305556
6 0.220833 0.769907 0.147917 0.458333
6 0.168490 0.774074 0.181771 0.448148
5 0.607292 0.669444 0.027083 0.025926
6 0.626563 0.637500 0.047917 0.082407
5 0.377604 0.871296 0.147917 0.253704
6 0.389062 0.772685 0.145833 0.447222
6 0.919531 0.712037 0.117188 0.409259
5 0.653385 0.842130 0.200521 0.312037
6 0.660937 0.758796 0.191667 0.478704
6 0.945833 0.737500 0.106250 0.437963
5 0.945052 0.877315 0.105729 0.243519
6 0.955208 0.851389 0.086458 0.089815
5 0.175521 0.560648 0.048958 0.050926
6 0.175000 0.519907 0.025000 0.049074