7 0.053125 0.649074 0.057292 0.264815
2 0.210156 0.648148 0.255729 0.414815
5 0.163281 0.827778 0.211979 0.342593
7 0.342187 0.573611 0.016667 0.082407
7 0.373437 0.558796 0.021875 0.082407
7 0.412240 0.552315 0.013021 0.060185
7 0.400000 0.559259 0.017708 0.072222
7 0.421875 0.564815 0.014583 0.055556
6 0.441406 0.541204 0.013021 0.026852
6 0.451562 0.538889 0.011458 0.031481
1 0.510938 0.510185 0.038542 0.035185
6 0.511458 0.495833 0.011458 0.045370
6 0.500781 0.508333 0.013021 0.020370
6 0.500000 0.510185 0.010417 0.012963
6 0.515625 0.495833 0.018750 0.043519
3 0.534375 0.518519 0.005208 0.016667
1 0.568229 0.526389 0.067708 0.115741
1 0.621354 0.519907 0.038542 0.019444
1 0.657031 0.518519 0.029687 0.024074
1 0.685937 0.519444 0.029167 0.029630
1 0.720573 0.514352 0.046354 0.030556
4 0.726042 0.524537 0.057292 0.041667
0 0.608073 0.526389 0.010937 0.012037
0 0.625260 0.529167 0.022396 0.019444
2 0.657813 0.528704 0.018750 0.014815
2 0.682031 0.532870 0.030729 0.025000
0 0.698698 0.546296 0.039062 0.037037
0 0.743750 0.547222 0.063542 0.038889
7 0.772656 0.532870 0.005729 0.032407
1 0.887500 0.534722 0.212500 0.187963
7 0.800000 0.536574 0.016667 0.045370
0 0.898438 0.596759 0.144792 0.171296
0 0.989062 0.586574 0.020833 0.191667
0 0.581250 0.562963 0.022917 0.061111
0 0.644010 0.536111 0.026562 0.016667
0 0.604167 0.581019 0.060417 0.102778
0 0.657031 0.610648 0.099479 0.149074
0 0.767969 0.686111 0.209896 0.266667
0 0.984375 0.936574 0.031250 0.126852
0 0.552083 0.586111 0.037500 0.109259
0 0.495052 0.543056 0.091146 0.056481
0 0.481771 0.699537 0.190625 0.300926
5 0.364583 0.802778 0.128125 0.390741
6 0.358073 0.756944 0.121354 0.423148