2 0.281771 0.573611 0.023958 0.054630
0 0.352865 0.575000 0.033854 0.064815
3 0.331510 0.549537 0.025521 0.023148
6 0.322396 0.547685 0.006250 0.012037
0 0.313281 0.557407 0.017188 0.016667
6 0.300000 0.556481 0.008333 0.029630
6 0.291146 0.557870 0.005208 0.021296
5 0.288542 0.580556 0.014583 0.035185
6 0.289062 0.567593 0.013542 0.042593
0 0.328385 0.600926 0.060937 0.098148
0 0.261719 0.595833 0.054688 0.078704
5 0.308333 0.653241 0.045833 0.115741
6 0.306510 0.618056 0.039062 0.145370
0 0.458333 0.632870 0.198958 0.189815
6 0.532292 0.572685 0.022917 0.084259
3 0.583594 0.619444 0.100521 0.124074
5 0.220052 0.695833 0.091146 0.150926
6 0.213542 0.640278 0.057292 0.178704
6 0.232813 0.649074 0.070833 0.205556
5 0.383333 0.688889 0.114583 0.150000
6 0.380469 0.639352 0.070312 0.193519
5 0.892188 0.592593 0.109375 0.138889
6 0.886979 0.546759 0.061458 0.149074
6 0.307552 0.622222 0.030729 0.085185