3 0.528125 0.527778 0.004167 0.007407
3 0.522135 0.523611 0.005729 0.012037
5 0.517708 0.536574 0.003125 0.006481
6 0.518229 0.531944 0.003125 0.008333
3 0.574479 0.532870 0.009375 0.010185
3 0.594010 0.534259 0.007812 0.016667
5 0.597656 0.537037 0.005729 0.012963
6 0.597917 0.530556 0.005208 0.011111
2 0.671875 0.535648 0.015625 0.032407
5 0.660677 0.545370 0.010937 0.024074
6 0.657031 0.535648 0.005729 0.030556
6 0.660156 0.536574 0.009896 0.034259
10 0.757812 0.587037 0.014583 0.040741
2 0.523438 0.535648 0.008333 0.017593
3 0.535156 0.535185 0.005729 0.012963
0 0.539844 0.535185 0.009896 0.014815
5 0.532292 0.539352 0.004167 0.008333
6 0.532552 0.533333 0.004687 0.011111
5 0.513021 0.538426 0.007292 0.019444
6 0.512500 0.533333 0.007292 0.022222
5 0.477865 0.578704 0.024479 0.070370
6 0.478385 0.562500 0.022396 0.069444
3 0.549219 0.525000 0.008854 0.012963
0 0.495312 0.531481 0.009375 0.012963