4 0.411979 0.533333 0.018750 0.029630
5 0.406771 0.547222 0.004167 0.011111
6 0.405208 0.541667 0.006250 0.012963
2 0.447135 0.539815 0.010937 0.016667
4 0.434115 0.538426 0.017188 0.032407
3 0.393750 0.554167 0.009375 0.023148
0 0.469010 0.545370 0.009896 0.025926
1 0.529948 0.527778 0.032813 0.057407
0 0.567708 0.542130 0.014583 0.021296
1 0.622135 0.527778 0.101562 0.120370
0 0.798177 0.545833 0.053646 0.045370
7 0.984115 0.570833 0.009896 0.056481
7 0.989583 0.573611 0.013542 0.063889
7 0.967187 0.566667 0.015625 0.075926
5 0.843750 0.589352 0.025000 0.056481
5 0.879948 0.594907 0.052604 0.060185
8 0.753385 0.584259 0.019271 0.046296
6 0.753125 0.562037 0.015625 0.061111
5 0.704688 0.576852 0.023958 0.055556
6 0.702083 0.565278 0.018750 0.056481
4 0.485156 0.543981 0.031771 0.067593
0 0.604688 0.662500 0.175000 0.252778
4 0.199219 0.518981 0.397396 0.962037
5 0.546094 0.548148 0.006771 0.016667
6 0.545833 0.535185 0.007292 0.027778
3 0.560417 0.537963 0.011458 0.022222