5 0.529948 0.529167 0.016146 0.013889
5 0.520833 0.529630 0.017708 0.016667
5 0.386458 0.585185 0.029167 0.064815
6 0.385677 0.569907 0.024479 0.080556
5 0.453646 0.662037 0.058333 0.155556
6 0.451562 0.636111 0.056250 0.164815
6 0.452344 0.623148 0.049479 0.161111
6 0.452865 0.532870 0.013021 0.023148
6 0.455990 0.534259 0.018229 0.031481
6 0.325000 0.573611 0.035417 0.045370
5 0.260677 0.569444 0.026562 0.046296
6 0.241406 0.574074 0.031771 0.042593
6 0.828385 0.518056 0.014063 0.030556
5 0.827344 0.537963 0.016146 0.038889
0 0.817969 0.536574 0.026562 0.043519
6 0.890104 0.545370 0.017708 0.062963
5 0.890885 0.556019 0.023438 0.039815
5 0.957031 0.565741 0.035937 0.059259
6 0.955729 0.549537 0.023958 0.062037
0 0.981510 0.567593 0.035937 0.066667
0 0.236719 0.790278 0.473438 0.415741