0 0.535156 0.551389 0.017188 0.021296
5 0.516406 0.551389 0.008854 0.021296
6 0.516146 0.545370 0.007292 0.022222
5 0.499740 0.559259 0.004687 0.005556
6 0.500521 0.555556 0.005208 0.011111
4 0.475260 0.534259 0.029687 0.055556
5 0.489063 0.554167 0.008333 0.021296
6 0.488542 0.547222 0.010417 0.027778
7 0.457292 0.550926 0.009375 0.048148
7 0.441667 0.554167 0.010417 0.054630
10 0.376563 0.583333 0.013542 0.033333
5 0.505469 0.557870 0.011979 0.030556
6 0.506250 0.547685 0.012500 0.036111
5 0.582552 0.567130 0.017188 0.047222
6 0.582292 0.555093 0.013542 0.047222
5 0.566667 0.599537 0.028125 0.069444
6 0.567187 0.574537 0.030208 0.086111
0 0.593750 0.547222 0.017708 0.022222
0 0.641927 0.551389 0.035937 0.045370
4 0.622396 0.549537 0.010417 0.030556
0 0.695052 0.559722 0.039062 0.047222
5 0.673177 0.560648 0.010937 0.030556
6 0.672135 0.542130 0.010937 0.021296
5 0.692448 0.562500 0.018229 0.043519
6 0.693229 0.556019 0.018750 0.049074
0 0.841406 0.555556 0.078646 0.048148
0 0.752865 0.561574 0.063021 0.076852
4 0.992188 0.556019 0.014583 0.154630
4 0.479687 0.525463 0.022917 0.045370
10 0.670833 0.565278 0.010417 0.028704