3 0.470052 0.522685 0.005729 0.010185
2 0.551562 0.524074 0.011458 0.022222
3 0.473438 0.522222 0.006250 0.012963
1 0.498177 0.523148 0.046354 0.101852
2 0.590885 0.531944 0.015104 0.032407
2 0.563021 0.525000 0.009375 0.018519
5 0.623177 0.548611 0.009896 0.023148
6 0.621354 0.537037 0.011458 0.031481
5 0.467708 0.542130 0.005208 0.015741
5 0.570573 0.538426 0.006771 0.021296
6 0.467448 0.532407 0.007812 0.024074
6 0.569271 0.527778 0.007292 0.014815
5 0.471094 0.546759 0.008854 0.023148
6 0.471094 0.536574 0.011979 0.028704
0 0.449219 0.527778 0.013021 0.012963
0 0.438281 0.543056 0.013021 0.025000
5 0.427604 0.579167 0.014583 0.037963
6 0.427604 0.556481 0.017708 0.057407
5 0.404427 0.575463 0.016146 0.050926
6 0.403646 0.558333 0.019792 0.064815
5 0.344531 0.586574 0.017188 0.028704
7 0.313281 0.564815 0.011979 0.029630
0 0.518490 0.593981 0.071354 0.139815
5 0.450000 0.685648 0.053125 0.149074
6 0.452083 0.631019 0.052083 0.202778
6 0.448437 0.619444 0.057292 0.196296
5 0.304427 0.690278 0.064062 0.187963
6 0.305208 0.637963 0.057292 0.188889