7 0.504687 0.545370 0.018750 0.096296
7 0.728125 0.561574 0.015625 0.097222
7 0.816667 0.518981 0.012500 0.045370
7 0.830469 0.522685 0.013021 0.041667
7 0.854948 0.524537 0.015104 0.030556
7 0.878906 0.552315 0.016146 0.071296
7 0.860677 0.555556 0.018229 0.079630
7 0.838542 0.516667 0.011458 0.044444
7 0.848437 0.508333 0.007292 0.022222
7 0.844271 0.523611 0.010417 0.032407
7 0.873958 0.513889 0.007292 0.031481
7 0.884635 0.514815 0.008854 0.037037
7 0.888281 0.531019 0.013021 0.058333
7 0.898958 0.543056 0.011458 0.065741
7 0.985417 0.548148 0.010417 0.066667
7 0.995313 0.537963 0.008333 0.087037
7 0.853125 0.503241 0.008333 0.026852