5 0.611458 0.570370 0.018750 0.040741
3 0.715885 0.579630 0.048438 0.092593
5 0.993750 0.690741 0.010417 0.057407
7 0.261979 0.647685 0.039583 0.208333
7 0.207292 0.503704 0.015625 0.040741
7 0.141146 0.474074 0.011458 0.020370
7 0.165885 0.484259 0.013021 0.035185
7 0.097917 0.468981 0.015625 0.013889
7 0.073438 0.465278 0.012500 0.025000
7 0.061458 0.471296 0.009375 0.016667
7 0.056510 0.475463 0.004687 0.013889
7 0.013281 0.490741 0.015104 0.096296
7 0.003385 0.490278 0.006771 0.086111
2 0.143490 0.680093 0.261979 0.417593