3 0.496094 0.569444 0.005729 0.009259
5 0.483854 0.566204 0.007292 0.013889
6 0.483333 0.558796 0.006250 0.023148
5 0.488281 0.564352 0.007812 0.017593
6 0.488281 0.558333 0.009896 0.024074
4 0.514062 0.552778 0.023958 0.057407
4 0.620833 0.539815 0.036458 0.068519
5 0.625521 0.559259 0.016667 0.029630
6 0.627865 0.551852 0.013021 0.044444
7 0.644792 0.552315 0.014583 0.052778
3 0.694792 0.532870 0.015625 0.008333
4 0.797396 0.561111 0.054167 0.074074
0 0.754687 0.565278 0.054167 0.076852
3 0.923958 0.545833 0.151042 0.193519
7 0.011458 0.590278 0.020833 0.100926
7 0.072917 0.574074 0.027083 0.131481
0 0.262760 0.527315 0.030729 0.015741
0 0.333073 0.556944 0.028646 0.045370
7 0.394531 0.568056 0.009896 0.034259
3 0.416146 0.569907 0.038542 0.043519
5 0.807813 0.571759 0.019792 0.047222
6 0.806510 0.558333 0.023438 0.053704
7 0.436458 0.563889 0.010417 0.055556
7 0.448177 0.564815 0.009896 0.061111
5 0.468490 0.568519 0.015104 0.038889
6 0.466667 0.561574 0.013542 0.054630
7 0.457031 0.561111 0.017188 0.066667
5 0.280990 0.594444 0.059896 0.090741
5 0.233073 0.612500 0.071354 0.080556
5 0.184115 0.626852 0.047396 0.107407
4 0.575000 0.530093 0.041667 0.110185
0 0.535677 0.565741 0.045312 0.064815
5 0.527344 0.594444 0.026562 0.064815
6 0.527604 0.570833 0.027083 0.086111
5 0.600260 0.583796 0.025521 0.056481
6 0.600781 0.562037 0.026562 0.072222
5 0.656510 0.586111 0.030729 0.075926
6 0.662500 0.564815 0.039583 0.085185
6 0.657813 0.564815 0.028125 0.085185
7 0.111719 0.578241 0.022396 0.123148
3 0.500521 0.563889 0.011458 0.020370