0 0.920052 0.542593 0.028646 0.048148
0 0.959635 0.535185 0.007812 0.024074
0 0.967969 0.541204 0.018229 0.030556
0 0.986458 0.535648 0.016667 0.034259
7 0.988802 0.558333 0.010937 0.051852
7 0.978125 0.557407 0.011458 0.057407
7 0.936458 0.540278 0.007292 0.034259
5 0.944271 0.568519 0.017708 0.044444
6 0.945052 0.547685 0.018229 0.060185
7 0.901823 0.550000 0.009896 0.061111
6 0.853385 0.553241 0.019271 0.060185
5 0.838281 0.567593 0.024479 0.048148
6 0.842448 0.556019 0.016146 0.067593
7 0.818229 0.552778 0.010417 0.074074
7 0.822917 0.561574 0.011458 0.054630
6 0.807552 0.552778 0.011979 0.062963
7 0.797917 0.534722 0.009375 0.036111
7 0.789323 0.533333 0.010937 0.038889
7 0.778385 0.542593 0.013021 0.066667
7 0.766146 0.545833 0.010417 0.062037
7 0.762240 0.549074 0.006771 0.059259
0 0.753906 0.548148 0.036979 0.059259
7 0.725000 0.522685 0.006250 0.008333
0 0.707812 0.552778 0.065625 0.059259
7 0.695833 0.556944 0.016667 0.050926
7 0.671354 0.556481 0.023958 0.053704
5 0.712240 0.562500 0.019271 0.032407
5 0.676302 0.550463 0.011979 0.017593
5 0.792969 0.565278 0.031771 0.041667
5 0.812240 0.566204 0.020313 0.036111
3 0.633333 0.539352 0.040625 0.084259
7 0.488281 0.562963 0.015104 0.081481
0 0.562500 0.576852 0.127083 0.092593
7 0.474219 0.563889 0.013021 0.081481
7 0.473177 0.566667 0.010937 0.075926
7 0.463021 0.565278 0.016667 0.078704
7 0.457552 0.573148 0.011979 0.062963
7 0.448698 0.573611 0.011979 0.063889
7 0.395052 0.584722 0.013021 0.082407
7 0.411979 0.607870 0.031250 0.163889
0 0.376563 0.547685 0.033333 0.043519
7 0.376302 0.592130 0.027604 0.128704
7 0.365365 0.577778 0.011979 0.103704
0 0.060156 0.538889 0.015104 0.027778
0 0.086719 0.546759 0.034896 0.037963
7 0.083073 0.558333 0.010937 0.051852
7 0.071615 0.555556 0.007812 0.035185
7 0.095052 0.564352 0.015104 0.045370
7 0.101562 0.590278 0.022917 0.075000
7 0.241146 0.586111 0.020833 0.101852
5 0.230469 0.561574 0.010937 0.030556
7 0.022917 0.544907 0.011458 0.034259
7 0.044271 0.536111 0.004167 0.009259
7 0.048177 0.548148 0.014063 0.031481
7 0.038021 0.596296 0.014583 0.103704
7 0.055990 0.613426 0.031771 0.112037
5 0.208333 0.618519 0.019792 0.040741
6 0.211198 0.593519 0.023438 0.090741
7 0.255729 0.582407 0.012500 0.112963
7 0.174479 0.593519 0.020833 0.081481
7 0.122656 0.642593 0.043229 0.194444
7 0.123177 0.677315 0.033854 0.121296
3 0.199740 0.621759 0.144271 0.269444
7 0.100260 0.720833 0.055729 0.152778
7 0.019010 0.734259 0.036979 0.411111
7 0.378385 0.712037 0.056771 0.179630
5 0.311719 0.697222 0.076563 0.214815
7 0.018229 0.567593 0.011458 0.048148