3 0.514844 0.531944 0.006771 0.013889
0 0.507812 0.535185 0.011458 0.016667
2 0.579688 0.535185 0.011458 0.024074
4 0.673698 0.564815 0.030729 0.050000
0 0.571354 0.543056 0.008333 0.008333
0 0.515885 0.539352 0.007812 0.010185
10 0.566406 0.496759 0.014063 0.025000
4 0.496615 0.546296 0.015104 0.077778
7 0.081510 0.573611 0.017188 0.054630
5 0.194271 0.683796 0.071875 0.121296
6 0.202865 0.619907 0.034896 0.176852
6 0.182031 0.617593 0.089063 0.181481
9 0.101042 0.640278 0.038542 0.058333
2 0.782552 0.581019 0.039062 0.065741
0 0.554948 0.540278 0.005729 0.010185
4 0.385937 0.527778 0.216667 0.420370