13 0.399479 0.397685 0.011458 0.086111
5 0.549219 0.564815 0.029687 0.046296
6 0.549479 0.542130 0.015625 0.052778
6 0.538021 0.550000 0.015625 0.051852
5 0.469010 0.570833 0.042188 0.052778
5 0.515625 0.578704 0.042708 0.068519
6 0.514323 0.562037 0.026562 0.072222
6 0.470313 0.562500 0.019792 0.067593
5 0.619010 0.575926 0.046354 0.062963
6 0.634896 0.554630 0.013542 0.057407
6 0.621094 0.562963 0.022396 0.092593
2 0.707292 0.506944 0.027083 0.041667
6 0.703906 0.485185 0.016146 0.024074
0 0.675000 0.510185 0.035417 0.027778
2 0.684896 0.559722 0.080208 0.100926
5 0.683854 0.582407 0.023958 0.072222
5 0.702865 0.594907 0.051562 0.080556
6 0.706250 0.556019 0.025000 0.052778
2 0.758333 0.542593 0.056250 0.070370
2 0.791927 0.563426 0.073438 0.110185
0 0.884896 0.510185 0.020833 0.031481
6 0.858594 0.515278 0.010937 0.032407
5 0.858594 0.521759 0.013021 0.021296
4 0.923698 0.484722 0.022396 0.030556
6 0.922656 0.497222 0.007812 0.012963
5 0.922656 0.500000 0.006771 0.009259
6 0.903646 0.514352 0.009375 0.034259
5 0.903125 0.524074 0.009375 0.027778
6 0.909375 0.505556 0.005208 0.020370
0 0.914583 0.538426 0.022917 0.062037
0 0.953906 0.547685 0.072396 0.104630
7 0.878125 0.543519 0.016667 0.061111
5 0.865104 0.655093 0.088542 0.141667
6 0.870052 0.625000 0.049479 0.209259
0 0.966667 0.607870 0.066667 0.149074
5 0.946615 0.826389 0.106771 0.269444
6 0.965365 0.750000 0.069271 0.412963
7 0.032813 0.586111 0.014583 0.046296
5 0.047917 0.603704 0.023958 0.038889
0 0.028646 0.631944 0.057292 0.099074
5 0.123177 0.826852 0.191146 0.346296
6 0.155729 0.773148 0.140625 0.451852
6 0.104688 0.763889 0.150000 0.427778
5 0.028125 0.886111 0.055208 0.227778
5 0.323437 0.823148 0.111458 0.350000
6 0.318490 0.770833 0.124479 0.454630
6 0.697396 0.544907 0.010417 0.026852