0 0.117188 0.851852 0.234375 0.290741
5 0.403385 0.563426 0.009896 0.036111
6 0.403646 0.548148 0.007292 0.022222
4 0.431771 0.572685 0.047917 0.104630
5 0.458333 0.553704 0.008333 0.022222
5 0.461979 0.558333 0.010417 0.024074
0 0.474219 0.554167 0.020313 0.037963
5 0.487500 0.556944 0.015625 0.021296
5 0.488802 0.581019 0.021354 0.050926
6 0.503385 0.571759 0.021354 0.073148
5 0.523177 0.605093 0.061979 0.084259
7 0.534115 0.629167 0.043229 0.176852
5 0.763802 0.863889 0.272396 0.272222
6 0.736979 0.754167 0.145833 0.489815
5 0.211198 0.697222 0.076563 0.222222
5 0.259375 0.669907 0.058333 0.167593
5 0.292187 0.658333 0.051042 0.120370
5 0.303646 0.630093 0.050000 0.134259
5 0.320312 0.623611 0.041667 0.099074
5 0.395833 0.566667 0.008333 0.033333
7 0.389323 0.548611 0.007812 0.025000
7 0.382031 0.557407 0.009896 0.042593
7 0.387760 0.562963 0.005729 0.037037
5 0.381771 0.579167 0.014583 0.045370
5 0.348698 0.601852 0.028646 0.068519
5 0.343490 0.605556 0.024479 0.075926
5 0.645052 0.705093 0.059896 0.249074
7 0.275000 0.558796 0.021875 0.089815
7 0.254688 0.571296 0.016667 0.109259
7 0.244271 0.573148 0.015625 0.118519
7 0.328125 0.551852 0.011458 0.062963
7 0.354948 0.568519 0.016146 0.068519
7 0.479427 0.577778 0.018229 0.088889