0 0.307031 0.592130 0.030729 0.076852
0 0.303125 0.598611 0.026042 0.069444
3 0.310156 0.651852 0.041146 0.087037
4 0.152344 0.500000 0.303646 0.998148
5 0.343490 0.577778 0.027604 0.027778
6 0.332292 0.568519 0.005208 0.042593
6 0.343490 0.571296 0.006771 0.040741
6 0.340625 0.566667 0.009375 0.037037
7 0.389062 0.571759 0.008333 0.049074
7 0.398438 0.584259 0.007292 0.037037
7 0.403646 0.575000 0.010417 0.053704
7 0.401823 0.568056 0.007812 0.056481
7 0.416146 0.569444 0.012500 0.062963
7 0.413542 0.575926 0.010417 0.064815
7 0.425000 0.576389 0.006250 0.041667
7 0.428385 0.576852 0.010937 0.059259
7 0.437240 0.576389 0.008854 0.043519
7 0.437760 0.548611 0.008854 0.012037
7 0.441406 0.575463 0.008854 0.045370
7 0.448698 0.569444 0.008854 0.062963
7 0.464583 0.565278 0.023958 0.052778
7 0.484115 0.562500 0.010937 0.025000
7 0.475260 0.564815 0.005729 0.024074
7 0.492969 0.564352 0.024479 0.078704
0 0.509115 0.545833 0.013021 0.010185
7 0.507292 0.543981 0.003125 0.008333
7 0.545312 0.559259 0.011458 0.033333
7 0.538802 0.589352 0.040104 0.119444
5 0.579948 0.619907 0.033854 0.069444
6 0.588021 0.650463 0.040625 0.223148
6 0.590625 0.662963 0.050000 0.231481
5 0.592708 0.674074 0.040625 0.148148
0 0.692187 0.555556 0.127083 0.107407
4 0.877344 0.639352 0.245312 0.432407
5 0.875781 0.802315 0.222396 0.204630
6 0.864844 0.649074 0.093229 0.238889
6 0.878646 0.788426 0.171875 0.423148
5 0.847396 0.918519 0.305208 0.162963
7 0.781510 0.640278 0.071354 0.252778
7 0.721615 0.627778 0.061979 0.157407
7 0.687760 0.651852 0.066146 0.233333
7 0.730729 0.698148 0.032292 0.072222
5 0.475521 0.676389 0.052083 0.147222
6 0.471354 0.624537 0.043750 0.167593
6 0.522917 0.677778 0.075000 0.266667
6 0.504427 0.570833 0.010937 0.045370
6 0.532031 0.682870 0.066146 0.191667
5 0.522656 0.720833 0.085938 0.210185
5 0.687500 0.858796 0.200000 0.278704
6 0.600260 0.754167 0.032813 0.393519
6 0.645052 0.747222 0.099479 0.420370
6 0.677604 0.779167 0.176042 0.441667