0 0.754687 0.593519 0.084375 0.114815
7 0.679427 0.567593 0.024479 0.075926
7 0.650000 0.537037 0.043750 0.107407
7 0.654687 0.594444 0.038542 0.105556
7 0.617969 0.750926 0.081771 0.405556
5 0.697656 0.571759 0.021354 0.039815
6 0.700000 0.553704 0.017708 0.031481
6 0.700260 0.554167 0.013021 0.017593
6 0.709115 0.548148 0.013021 0.018519
7 0.775000 0.532407 0.004167 0.014815
7 0.769792 0.534722 0.006250 0.015741
7 0.790104 0.535648 0.012500 0.026852
7 0.808073 0.535648 0.009896 0.015741
7 0.709635 0.584722 0.030729 0.054630
7 0.740885 0.601389 0.049479 0.093519
7 0.733594 0.629167 0.043229 0.093519
7 0.708594 0.790278 0.057813 0.417593
7 0.676042 0.795833 0.077083 0.406481
7 0.780469 0.766204 0.169271 0.465741
7 0.517708 0.633796 0.097917 0.402778
7 0.294271 0.700463 0.059375 0.287963
7 0.147917 0.709259 0.179167 0.581481
7 0.060937 0.875000 0.053125 0.250000
7 0.375521 0.802778 0.173958 0.392593
7 0.463802 0.854630 0.079687 0.288889
7 0.555469 0.836111 0.096354 0.324074
7 0.860417 0.568519 0.025000 0.088889
5 0.898698 0.700926 0.051562 0.185185
6 0.883333 0.564815 0.037500 0.105556
6 0.894531 0.608333 0.034896 0.162963
0 0.921354 0.540278 0.084375 0.104630
4 0.951823 0.544444 0.095312 0.157407
5 0.856510 0.751389 0.079687 0.236111
6 0.821354 0.561574 0.030208 0.099074
6 0.850781 0.606019 0.071354 0.156481
5 0.940625 0.818056 0.115625 0.362037
6 0.917448 0.654630 0.051562 0.220370
6 0.951823 0.732407 0.093229 0.409259
7 0.886979 0.915741 0.107292 0.166667
3 0.472917 0.504167 0.315625 0.743519
7 0.554167 0.947685 0.120833 0.104630