0 0.466927 0.516204 0.009896 0.019444
0 0.456771 0.514352 0.012500 0.021296
7 0.411979 0.523611 0.006250 0.012037
3 0.561719 0.516204 0.011979 0.019444
3 0.550781 0.516667 0.009896 0.014815
6 0.592969 0.520833 0.006771 0.012037
5 0.651563 0.552315 0.010417 0.030556
5 0.827865 0.578241 0.038021 0.063889
6 0.649219 0.536111 0.009896 0.022222
1 0.498698 0.515741 0.060937 0.118519
0 0.492188 0.570370 0.062500 0.085185
6 0.442448 0.519444 0.009896 0.018519
6 0.427865 0.538889 0.010937 0.035185
6 0.431250 0.542130 0.015625 0.043519
0 0.590885 0.659722 0.158854 0.286111
5 0.445833 0.616667 0.040625 0.122222
6 0.446354 0.585648 0.038542 0.112037
6 0.443750 0.580093 0.040625 0.119444
3 0.321875 0.508796 0.178125 0.367593
5 0.371094 0.665741 0.065104 0.174074
6 0.372135 0.617593 0.054688 0.174074