0 0.885156 0.528241 0.022396 0.025000
3 0.910937 0.523148 0.014583 0.020370
7 0.937240 0.537037 0.005729 0.020370
0 0.958854 0.537037 0.027083 0.033333
0 0.974740 0.532407 0.016146 0.035185
7 0.975781 0.538889 0.006771 0.035185
5 0.957031 0.548611 0.010937 0.028704
6 0.956250 0.535648 0.010417 0.037963
7 0.938021 0.538426 0.005208 0.026852
7 0.902865 0.552315 0.011979 0.076852
7 0.892708 0.551852 0.012500 0.070370
7 0.882552 0.554167 0.014063 0.063889
7 0.985156 0.564815 0.019271 0.101852
7 0.831250 0.534722 0.010417 0.036111
7 0.827865 0.572685 0.017188 0.073148
7 0.821094 0.557870 0.013021 0.097222
7 0.804167 0.553241 0.013542 0.082407
7 0.783854 0.538889 0.013542 0.053704
7 0.773438 0.535648 0.010417 0.043519
7 0.763542 0.550000 0.014583 0.096296
7 0.754687 0.554167 0.013542 0.084259
7 0.744271 0.552778 0.014583 0.088889
5 0.781510 0.572685 0.038021 0.056481
0 0.726823 0.554167 0.051562 0.075000
7 0.689063 0.520833 0.007292 0.010185
5 0.818750 0.570833 0.043750 0.050926
6 0.810937 0.555093 0.017708 0.075000
0 0.669792 0.559259 0.080208 0.068519
5 0.667188 0.574537 0.044792 0.052778
7 0.656510 0.574074 0.021354 0.066667
7 0.623437 0.571296 0.033333 0.066667
5 0.629167 0.558796 0.014583 0.021296
7 0.866146 0.555093 0.012500 0.073148
7 0.854427 0.554630 0.010937 0.070370
5 0.929948 0.625463 0.047396 0.145370
6 0.927344 0.592130 0.045312 0.137963
7 0.971615 0.547222 0.005729 0.031481
3 0.573177 0.549074 0.052604 0.116667
5 0.541146 0.571296 0.031250 0.059259
7 0.396875 0.610185 0.020833 0.112963
7 0.385677 0.599537 0.034896 0.132407
7 0.362500 0.590278 0.017708 0.121296
7 0.342708 0.585648 0.020833 0.112037
7 0.328125 0.593981 0.017708 0.121296
7 0.311979 0.604167 0.020833 0.091667
7 0.343750 0.593981 0.020833 0.112037
7 0.319792 0.606019 0.012500 0.087963
7 0.291146 0.591204 0.023958 0.128704
5 0.126042 0.612963 0.031250 0.081481
0 0.185938 0.598148 0.102083 0.127778
7 0.017188 0.550463 0.022917 0.126852
7 0.046094 0.622685 0.018229 0.045370
7 0.088542 0.664352 0.027083 0.130556
7 0.089323 0.644907 0.032813 0.160185
7 0.017708 0.624074 0.023958 0.062963
7 0.006510 0.732870 0.011979 0.171296