5 0.531250 0.554630 0.006250 0.016667
6 0.531771 0.547685 0.007292 0.021296
5 0.522396 0.555556 0.005208 0.018519
5 0.559635 0.561574 0.009896 0.026852
6 0.522917 0.545833 0.006250 0.017593
6 0.519010 0.543056 0.006771 0.015741
4 0.547135 0.544444 0.020313 0.038889
5 0.505990 0.556481 0.006771 0.014815
6 0.505469 0.547685 0.008854 0.025000
5 0.514062 0.569444 0.011458 0.025926
6 0.513281 0.554630 0.014063 0.044444
6 0.560417 0.546296 0.010417 0.024074
6 0.558854 0.550000 0.010417 0.038889
6 0.495833 0.548148 0.009375 0.024074
5 0.464062 0.555093 0.008333 0.030556
5 0.497396 0.566667 0.008333 0.020370
5 0.489323 0.573611 0.014063 0.039815
6 0.489583 0.560185 0.016667 0.048148
5 0.439583 0.564815 0.012500 0.024074
7 0.457552 0.561111 0.011979 0.051852
7 0.432031 0.570833 0.008854 0.039815
0 0.398177 0.555556 0.045312 0.075926
7 0.423438 0.568981 0.011458 0.062037
5 0.332031 0.574074 0.033854 0.068519
5 0.320312 0.578704 0.051042 0.062963
5 0.363802 0.581019 0.022396 0.063889
5 0.624219 0.553704 0.002604 0.007407
5 0.655990 0.562963 0.008854 0.020370
0 0.629427 0.551389 0.009896 0.017593
6 0.655469 0.552315 0.009896 0.023148
5 0.691146 0.566204 0.011458 0.025000
6 0.690625 0.557870 0.010417 0.028704
4 0.904167 0.537963 0.166667 0.112963
0 0.976302 0.558796 0.044271 0.063889
2 0.994531 0.576389 0.008854 0.082407
3 0.060677 0.650926 0.120313 0.314815