1 0.510677 0.503704 0.044271 0.031481
1 0.620052 0.516667 0.017188 0.038889
1 0.581510 0.524537 0.064062 0.119444
4 0.558073 0.543519 0.034896 0.083333
6 0.543490 0.484722 0.020313 0.062037
0 0.598177 0.574074 0.042188 0.081481
6 0.620052 0.529630 0.006771 0.011111
0 0.642708 0.575463 0.061458 0.087963
2 0.715104 0.537963 0.032292 0.025926
2 0.751823 0.556944 0.043229 0.063889
1 0.886719 0.519907 0.225521 0.334259
0 0.696875 0.538426 0.043750 0.013889
0 0.684896 0.628241 0.135417 0.184259
0 0.825521 0.707407 0.246875 0.294444
0 0.939583 0.861111 0.120833 0.277778
5 0.610938 0.660185 0.053125 0.140741
6 0.609896 0.629630 0.063542 0.196296
6 0.428125 0.550463 0.019792 0.036111
0 0.504948 0.595370 0.150521 0.157407
7 0.242188 0.540741 0.025000 0.150000
6 0.355729 0.584259 0.042708 0.079630
0 0.435677 0.781944 0.364063 0.436111
9 0.626042 0.030093 0.007292 0.013889
9 0.742188 0.021296 0.007292 0.011111
9 0.705208 0.035185 0.005208 0.009259
9 0.695833 0.038889 0.004167 0.007407
9 0.682031 0.040278 0.005729 0.008333
9 0.668490 0.090741 0.007812 0.009259
9 0.665365 0.113889 0.006771 0.009259
9 0.659115 0.134259 0.005729 0.009259
9 0.648958 0.172685 0.006250 0.006481
9 0.646615 0.181481 0.003646 0.009259
9 0.639844 0.213426 0.004687 0.010185
9 0.637500 0.220833 0.005208 0.006481
9 0.634115 0.228241 0.004687 0.004630
9 0.632812 0.232407 0.006250 0.007407
9 0.630208 0.243519 0.006250 0.005556
9 0.627604 0.252315 0.004167 0.004630
9 0.625000 0.260648 0.004167 0.008333
9 0.623437 0.267130 0.006250 0.004630
9 0.618750 0.279167 0.005208 0.004630
9 0.615885 0.286574 0.005729 0.006481
9 0.613021 0.295833 0.006250 0.006481
9 0.605469 0.312037 0.003646 0.011111
9 0.601302 0.318519 0.005729 0.007407
6 0.524740 0.508333 0.014063 0.016667
9 0.578906 0.342130 0.003646 0.004630
6 0.545573 0.490278 0.020313 0.063889