5 0.174219 0.829167 0.208854 0.339815
6 0.188281 0.759259 0.140104 0.440741
2 0.209115 0.640741 0.257812 0.394444
7 0.094271 0.644444 0.046875 0.240741
7 0.346094 0.572685 0.018229 0.080556
7 0.370312 0.543981 0.015625 0.045370
7 0.377865 0.562963 0.014063 0.092593
7 0.401042 0.558796 0.015625 0.071296
7 0.411198 0.550463 0.014063 0.058333
5 0.373958 0.781019 0.114583 0.362037
7 0.426302 0.564815 0.011979 0.051852
6 0.441146 0.544907 0.006250 0.017593
6 0.451562 0.539815 0.012500 0.027778
6 0.441927 0.535648 0.007812 0.028704
6 0.444792 0.536111 0.010417 0.033333
5 0.443750 0.540278 0.010417 0.025000
1 0.510677 0.508333 0.038021 0.027778
1 0.567187 0.518519 0.066667 0.101852
6 0.501042 0.505556 0.013542 0.024074
6 0.500521 0.511111 0.011458 0.018519
6 0.512240 0.492593 0.013021 0.044444
6 0.516406 0.495833 0.014063 0.047222
3 0.532813 0.516667 0.007292 0.012963
0 0.550781 0.582870 0.036979 0.104630
0 0.580729 0.566204 0.021875 0.067593
0 0.602865 0.581944 0.057813 0.102778
0 0.607292 0.524074 0.010417 0.011111
0 0.605208 0.528704 0.009375 0.007407
1 0.614844 0.520833 0.027604 0.021296
1 0.635417 0.518056 0.013542 0.019444
1 0.648958 0.518056 0.017708 0.025000
1 0.665365 0.517130 0.017188 0.025000
1 0.684375 0.513426 0.025000 0.023148
1 0.717969 0.511111 0.044271 0.029630
4 0.721354 0.516667 0.056250 0.033333
6 0.756250 0.528241 0.006250 0.015741
0 0.622917 0.528704 0.022917 0.020370
0 0.642448 0.534259 0.027604 0.016667
2 0.655208 0.529630 0.015625 0.020370
0 0.679688 0.531019 0.028125 0.026852
0 0.692969 0.545370 0.034896 0.038889
6 0.761719 0.540741 0.006771 0.016667
0 0.733333 0.546759 0.062500 0.041667
7 0.791667 0.536111 0.014583 0.044444
0 0.882552 0.591667 0.133854 0.164815
1 0.875260 0.536111 0.200521 0.185185
0 0.975260 0.599074 0.049479 0.238889
0 0.497396 0.543519 0.090625 0.061111
0 0.654427 0.607870 0.100521 0.147222
0 0.766667 0.681019 0.210417 0.262037
0 0.485677 0.690278 0.175521 0.293519
0 0.978385 0.925463 0.043229 0.149074