2 0.116146 0.677778 0.231250 0.644444
0 0.421615 0.781944 0.391146 0.436111
5 0.302344 0.593981 0.025521 0.097222
7 0.391406 0.550463 0.010937 0.045370
7 0.409896 0.547222 0.013542 0.037037
7 0.432292 0.551852 0.011458 0.040741
7 0.421615 0.548611 0.014063 0.045370
6 0.426563 0.558796 0.014583 0.028704
7 0.413281 0.556019 0.016146 0.039815
1 0.517708 0.515278 0.028125 0.034259
6 0.516406 0.513426 0.011979 0.025000
6 0.528646 0.504167 0.011458 0.050926
6 0.515885 0.518981 0.009896 0.017593
6 0.533073 0.504630 0.015104 0.050000
1 0.574479 0.527315 0.060417 0.097222
7 0.610417 0.535648 0.007292 0.013889
3 0.541927 0.538889 0.019271 0.033333
0 0.558333 0.592130 0.034375 0.104630
5 0.571875 0.585648 0.011458 0.052778
6 0.570573 0.563426 0.018229 0.062037
0 0.592187 0.572685 0.031250 0.071296
0 0.621615 0.594444 0.068229 0.114815
0 0.673958 0.542593 0.041667 0.048148
0 0.719271 0.523611 0.058333 0.062037
2 0.730729 0.540278 0.040625 0.026852
0 0.752083 0.581019 0.068750 0.091667
2 0.791406 0.562963 0.047396 0.066667
5 0.790365 0.583796 0.026562 0.054630
6 0.781250 0.557407 0.015625 0.048148
6 0.788542 0.571759 0.017708 0.069444
6 0.842969 0.555093 0.025521 0.052778
2 0.902865 0.553241 0.053646 0.050926
0 0.960417 0.566204 0.079167 0.067593
6 0.908333 0.551852 0.025000 0.042593
0 0.966146 0.565278 0.067708 0.054630
0 0.503646 0.575463 0.106250 0.112037
0 0.691667 0.626852 0.138542 0.172222
3 0.646094 0.530093 0.022396 0.030556
0 0.867188 0.756481 0.264583 0.385185