2 0.351823 0.695833 0.172396 0.384259
5 0.454167 0.593981 0.033333 0.082407
7 0.486719 0.620833 0.038021 0.130556
7 0.511979 0.613426 0.030208 0.130556
7 0.536198 0.610648 0.030729 0.117593
7 0.518490 0.569444 0.010937 0.027778
7 0.501823 0.575000 0.013021 0.033333
5 0.547135 0.578241 0.017188 0.050926
6 0.548177 0.563426 0.015104 0.052778
7 0.555208 0.562037 0.007292 0.055556
7 0.560156 0.565741 0.010937 0.059259
7 0.570052 0.551389 0.008854 0.034259
7 0.571615 0.566204 0.009896 0.049074
7 0.580469 0.564815 0.013021 0.051852
7 0.587240 0.558796 0.008854 0.045370
7 0.593229 0.556944 0.007292 0.039815
5 0.603125 0.572685 0.014583 0.030556
6 0.602604 0.555093 0.015625 0.041667
5 0.619792 0.569444 0.013542 0.037037
6 0.620833 0.549074 0.011458 0.025926
6 0.626823 0.561111 0.015104 0.042593
6 0.634896 0.599537 0.037500 0.115741
5 0.634375 0.630556 0.041667 0.120370
5 0.643490 0.555093 0.011979 0.030556
5 0.652604 0.558796 0.010417 0.045370
7 0.711198 0.529167 0.007812 0.045370
5 0.717708 0.570833 0.019792 0.019444
6 0.678646 0.640278 0.032292 0.225000
6 0.696615 0.665278 0.061979 0.263889
6 0.719792 0.659722 0.061458 0.182407
6 0.764583 0.762500 0.111458 0.445370
5 0.681250 0.713889 0.040625 0.187037
5 0.767448 0.820833 0.166146 0.358333
7 0.767708 0.535648 0.015625 0.019444
6 0.832552 0.666204 0.032813 0.223148
6 0.855208 0.678241 0.042708 0.291667
6 0.880208 0.712037 0.054167 0.381481
6 0.931510 0.751852 0.117188 0.444444
5 0.915625 0.828241 0.168750 0.343519
5 0.970573 0.668056 0.058854 0.176852