5 0.051302 0.591667 0.021354 0.055556
5 0.083594 0.622222 0.055729 0.074074
7 0.329948 0.584259 0.022396 0.109259
5 0.349479 0.618519 0.019792 0.075926
6 0.349740 0.587500 0.020313 0.099074
5 0.367969 0.625926 0.027604 0.100000
6 0.366146 0.594907 0.033333 0.112037
2 0.243490 0.640741 0.179688 0.285185
5 0.143750 0.850000 0.244792 0.300000
6 0.166927 0.775463 0.167187 0.449074
5 0.403385 0.653704 0.047396 0.148148
6 0.401042 0.611574 0.046875 0.158333
0 0.420573 0.581481 0.041146 0.081481
6 0.447656 0.580093 0.030729 0.110185
6 0.442708 0.586574 0.033333 0.095370
5 0.449479 0.613426 0.031250 0.084259
1 0.444271 0.530556 0.035417 0.046296
2 0.477604 0.568981 0.035417 0.093519
6 0.486719 0.517130 0.010937 0.021296
0 0.511719 0.582870 0.067187 0.104630
0 0.541927 0.558333 0.018229 0.037037
5 0.551823 0.562500 0.011979 0.026852
6 0.551823 0.556481 0.009896 0.037037
3 0.563021 0.550463 0.015625 0.017593
5 0.561719 0.562500 0.011979 0.026852
6 0.559635 0.550463 0.006771 0.030556
6 0.561719 0.555093 0.009896 0.037963
5 0.573698 0.563889 0.014063 0.033333
6 0.571615 0.555556 0.010937 0.040741
5 0.580208 0.560648 0.008333 0.030556
6 0.576302 0.549537 0.006771 0.021296
6 0.583333 0.558796 0.009375 0.023148
5 0.585417 0.568056 0.008333 0.021296
2 0.597396 0.558796 0.027083 0.054630
0 0.629167 0.568981 0.058333 0.076852
1 0.712760 0.530093 0.146354 0.152778
0 0.723177 0.574074 0.123438 0.164815
1 0.922917 0.433333 0.154167 0.168519
4 0.896615 0.577315 0.206771 0.406481
1 0.559635 0.539352 0.033854 0.043519