7 0.092708 0.554630 0.020833 0.120370
7 0.348438 0.582870 0.016667 0.117593
7 0.434896 0.521759 0.007292 0.017593
7 0.443750 0.538889 0.018750 0.050000
7 0.465625 0.540741 0.012500 0.046296
7 0.473698 0.537037 0.008854 0.051852
7 0.462500 0.531944 0.005208 0.017593
7 0.480469 0.544444 0.006771 0.038889
7 0.485938 0.532870 0.006250 0.026852
7 0.489323 0.543981 0.009896 0.039815
7 0.500260 0.575000 0.015104 0.088889
7 0.517448 0.576389 0.017188 0.078704
7 0.509896 0.557407 0.007292 0.044444
7 0.502604 0.523611 0.009375 0.025000
7 0.509115 0.528704 0.005729 0.027778
7 0.519271 0.537963 0.005208 0.046296
7 0.517969 0.546296 0.005729 0.044444
7 0.525521 0.549537 0.011458 0.056481
7 0.535937 0.563426 0.009375 0.069444
7 0.613542 0.567130 0.011458 0.073148
7 0.637500 0.577315 0.011458 0.063889
7 0.635938 0.561574 0.015625 0.091667
7 0.654167 0.573611 0.011458 0.075000
7 0.677083 0.569444 0.012500 0.075926
7 0.689323 0.575000 0.009896 0.066667
7 0.698438 0.536574 0.015625 0.058333
7 0.702604 0.571759 0.009375 0.075000
7 0.717448 0.553241 0.018229 0.030556
7 0.733333 0.531019 0.017708 0.075000
7 0.758333 0.531944 0.020833 0.071296
7 0.777083 0.571759 0.010417 0.082407
7 0.808594 0.566667 0.007812 0.077778
7 0.815625 0.567130 0.008333 0.078704
7 0.797135 0.586574 0.027604 0.119444
7 0.795573 0.520833 0.002604 0.008333
7 0.798958 0.525463 0.006250 0.013889
7 0.802604 0.523148 0.004167 0.018519
7 0.802344 0.525926 0.004687 0.014815
7 0.805729 0.529167 0.003125 0.013889
7 0.807813 0.524074 0.003125 0.009259
7 0.813802 0.525000 0.005729 0.016667
7 0.818490 0.521296 0.004687 0.012963
7 0.823698 0.531944 0.006771 0.034259
7 0.833333 0.519444 0.004167 0.003704
7 0.853646 0.544444 0.007292 0.037037
7 0.859635 0.543981 0.006771 0.037963
7 0.875260 0.546296 0.006771 0.029630
7 0.838542 0.525926 0.003125 0.012963
7 0.935937 0.542130 0.009375 0.056481
7 0.945052 0.546296 0.007812 0.048148
3 0.948958 0.540278 0.033333 0.063889
8 0.965365 0.560648 0.019271 0.039815
7 0.963542 0.563426 0.012500 0.030556
3 0.986198 0.542593 0.026562 0.098148
7 0.495052 0.537037 0.006771 0.024074
7 0.601302 0.566667 0.016146 0.068519
7 0.939323 0.550926 0.010937 0.061111
7 0.995573 0.558796 0.008854 0.065741