2 0.520312 0.547222 0.008333 0.016667
0 0.539323 0.553241 0.014063 0.028704
0 0.581250 0.551852 0.015625 0.022222
10 0.630208 0.494444 0.019792 0.025926
7 0.682813 0.556481 0.008333 0.035185
7 0.644271 0.556944 0.006250 0.026852
5 0.669271 0.565741 0.014583 0.031481
6 0.669271 0.557870 0.013542 0.034259
10 0.600260 0.499074 0.011979 0.031481
3 0.511198 0.543981 0.008854 0.015741
5 0.494531 0.562037 0.009896 0.024074
6 0.495312 0.553241 0.009375 0.034259
5 0.502344 0.564815 0.015104 0.040741
6 0.501563 0.558333 0.014583 0.042593
5 0.513542 0.553704 0.006250 0.016667
6 0.513542 0.549074 0.008333 0.020370
5 0.526823 0.571296 0.015104 0.040741
6 0.527604 0.558333 0.016667 0.050000
0 0.558594 0.560648 0.035937 0.052778
4 0.317448 0.525463 0.118229 0.106481