4 0.375781 0.607407 0.080729 0.159259
7 0.372917 0.567130 0.028125 0.089815
0 0.464323 0.625926 0.050521 0.068519
2 0.493229 0.627315 0.021875 0.050926
6 0.504167 0.612963 0.010417 0.038889
0 0.549219 0.668519 0.124479 0.201852
5 0.603906 0.632870 0.020313 0.045370
6 0.605469 0.625000 0.014063 0.057407
5 0.631771 0.628704 0.005208 0.012963
6 0.632031 0.623611 0.005729 0.017593
7 0.623437 0.625926 0.004167 0.018519
3 0.636198 0.625926 0.004687 0.018519
0 0.647396 0.625926 0.010417 0.020370
3 0.655469 0.621296 0.006771 0.014815
5 0.654427 0.625000 0.003646 0.009259
6 0.653906 0.621296 0.003646 0.012963
0 0.674740 0.625000 0.016146 0.027778
5 0.706510 0.644907 0.050521 0.060185
6 0.708854 0.625463 0.022917 0.076852
6 0.721615 0.624537 0.019271 0.065741
0 0.805208 0.617593 0.091667 0.098148
2 0.749219 0.590741 0.032813 0.022222
0 0.741927 0.614815 0.043229 0.055556
3 0.903385 0.626389 0.119271 0.247222
0 0.977865 0.626852 0.042188 0.077778
7 0.642708 0.633796 0.017708 0.075000
7 0.493490 0.226389 0.007812 0.015741