4 0.391667 0.493981 0.031250 0.041667
7 0.393229 0.518981 0.011458 0.028704
0 0.358333 0.518981 0.041667 0.036111
0 0.367708 0.522685 0.047917 0.023148
0 0.408854 0.520370 0.031250 0.027778
6 0.422135 0.510185 0.006771 0.014815
7 0.427344 0.505093 0.004687 0.010185
6 0.434896 0.519444 0.010417 0.031481
6 0.413542 0.518056 0.012500 0.034259
5 0.416146 0.527315 0.019792 0.013889
7 0.430208 0.522222 0.010417 0.024074
6 0.425521 0.516204 0.005208 0.015741
7 0.421875 0.528241 0.009375 0.012037
7 0.452083 0.543981 0.025000 0.078704
7 0.471615 0.562037 0.017188 0.051852
6 0.471354 0.523148 0.012500 0.038889
6 0.474740 0.525926 0.018229 0.044444
5 0.473698 0.547685 0.017188 0.034259
0 0.455469 0.517130 0.030729 0.028704
0 0.489323 0.520833 0.055729 0.043519
7 0.502083 0.532407 0.015625 0.059259
7 0.454167 0.654630 0.042708 0.233333
7 0.497656 0.647685 0.055729 0.243519
7 0.361719 0.649537 0.063021 0.308333
7 0.325521 0.667130 0.056250 0.254630
7 0.279427 0.617593 0.042188 0.135185
7 0.258854 0.628704 0.055208 0.138889
7 0.227083 0.633333 0.042708 0.146296
7 0.205990 0.648611 0.034896 0.123148
7 0.188021 0.676852 0.043750 0.290741
7 0.171875 0.695833 0.083333 0.369444
7 0.141146 0.689815 0.082292 0.355556
7 0.114844 0.687963 0.059896 0.288889
7 0.057813 0.673611 0.069792 0.354630
5 0.063542 0.706481 0.095833 0.220370
5 0.657031 0.510185 0.011979 0.031481
5 0.621354 0.619444 0.042708 0.146296
6 0.625521 0.529630 0.020833 0.029630
6 0.623958 0.586111 0.047917 0.138889
7 0.664844 0.584722 0.031771 0.160185
2 0.685937 0.504167 0.027083 0.056481
1 0.762500 0.481019 0.098958 0.089815
4 0.829427 0.487963 0.080729 0.075926
7 0.815885 0.502315 0.013021 0.039815
7 0.832031 0.506944 0.018229 0.037963
7 0.842969 0.508796 0.010937 0.036111
0 0.883073 0.490741 0.030729 0.053704
7 0.802604 0.635648 0.041667 0.232407
7 0.862240 0.705093 0.080729 0.317593
7 0.921094 0.689352 0.066146 0.315741
7 0.971094 0.674074 0.057813 0.312963