1 0.519010 0.498148 0.014063 0.042593
0 0.468490 0.519907 0.010937 0.021296
3 0.478906 0.503241 0.011979 0.015741
3 0.495833 0.497222 0.032292 0.094444
0 0.514323 0.523148 0.007812 0.022222
3 0.456510 0.517593 0.014063 0.016667
5 0.521354 0.536574 0.007292 0.019444
6 0.519531 0.522222 0.005729 0.020370
5 0.502083 0.543981 0.010417 0.030556
6 0.502083 0.527315 0.016667 0.049074
5 0.474740 0.541667 0.009896 0.029630
6 0.475521 0.515741 0.009375 0.025926
1 0.562500 0.506019 0.077083 0.160185
5 0.481771 0.545370 0.014583 0.035185
6 0.480990 0.528704 0.018229 0.051852
7 0.447396 0.528704 0.010417 0.044444
0 0.649479 0.517130 0.023958 0.025000
0 0.629948 0.564815 0.076563 0.103704
0 0.733594 0.615741 0.168229 0.238889
5 0.458333 0.659722 0.061458 0.178704
6 0.458073 0.612037 0.066146 0.187037
5 0.984115 0.586111 0.029687 0.075926
6 0.988542 0.563426 0.020833 0.100926
6 0.978385 0.558333 0.024479 0.098148