0 0.344531 0.541204 0.044271 0.086111
7 0.350000 0.568981 0.017708 0.112037
5 0.062500 0.570370 0.060417 0.090741
5 0.055208 0.575000 0.058333 0.087037
5 0.030208 0.580093 0.057292 0.078704
5 0.185156 0.578241 0.057813 0.082407
5 0.172917 0.582870 0.051042 0.087963
5 0.157031 0.584722 0.051562 0.091667
5 0.143490 0.587963 0.061979 0.103704
5 0.122135 0.590741 0.089063 0.085185
5 0.255208 0.531944 0.031250 0.049074
5 0.263542 0.652778 0.073958 0.146296
6 0.274740 0.614815 0.031771 0.166667
6 0.247656 0.618056 0.056771 0.156481
7 0.453125 0.537037 0.007292 0.027778
0 0.430990 0.532407 0.018229 0.029630
7 0.444531 0.534722 0.005729 0.021296
6 0.474219 0.537500 0.008854 0.023148
0 0.491406 0.541667 0.013021 0.029630
0 0.504948 0.544907 0.023438 0.047222
0 0.516146 0.552778 0.029167 0.046296
0 0.530729 0.536574 0.006250 0.019444
1 0.545833 0.531481 0.028125 0.046296
2 0.579427 0.546296 0.014063 0.029630
6 0.567969 0.541204 0.010937 0.028704
6 0.580990 0.542130 0.008854 0.030556
5 0.580469 0.553241 0.008854 0.025000
5 0.567969 0.551852 0.008854 0.020370
7 0.657031 0.548611 0.006771 0.028704
4 0.761458 0.546759 0.080208 0.060185
4 0.865885 0.541667 0.082812 0.046296
7 0.719010 0.558796 0.010937 0.036111
5 0.724219 0.600926 0.029687 0.064815
6 0.722917 0.581019 0.020833 0.078704
5 0.783854 0.607870 0.027083 0.078704
6 0.783073 0.593981 0.022396 0.076852
2 0.870313 0.600463 0.086458 0.115741
7 0.813542 0.600463 0.016667 0.095370
7 0.816927 0.607407 0.016146 0.098148
5 0.918490 0.580556 0.013021 0.042593
0 0.964844 0.608333 0.070312 0.098148
5 0.953906 0.672222 0.090104 0.125926
6 0.938542 0.637037 0.022917 0.129630
6 0.953646 0.629167 0.040625 0.136111
5 0.619792 0.654630 0.048958 0.155556
6 0.621354 0.618519 0.060417 0.153704
5 0.515365 0.575926 0.021354 0.061111
6 0.513542 0.563889 0.018750 0.064815
5 0.543750 0.594907 0.027083 0.075000
6 0.543490 0.576389 0.023438 0.086111
6 0.483594 0.580093 0.027604 0.091667
5 0.488802 0.600463 0.021354 0.060185
2 0.366146 0.541204 0.014583 0.067593
0 0.428125 0.648148 0.134375 0.203704