7 0.357031 0.587500 0.014063 0.115741
7 0.345573 0.591204 0.018229 0.113889
7 0.453646 0.585185 0.036458 0.118519
7 0.465365 0.595833 0.019271 0.102778
7 0.622396 0.571296 0.033333 0.064815
7 0.654948 0.569907 0.024479 0.071296
7 0.328646 0.593519 0.018750 0.124074
7 0.309635 0.604630 0.017188 0.092593
7 0.292708 0.592593 0.021875 0.120370
7 0.291927 0.600000 0.030729 0.127778
5 0.126042 0.605556 0.033333 0.096296
0 0.185938 0.597685 0.104167 0.130556
7 0.092188 0.647222 0.032292 0.159259
7 0.064844 0.635648 0.024479 0.123148
7 0.091667 0.662037 0.026042 0.135185
7 0.016927 0.622222 0.027604 0.059259
7 0.016146 0.541667 0.021875 0.137037
5 0.546094 0.565278 0.036979 0.065741
5 0.666146 0.569907 0.052083 0.056481
5 0.627604 0.559259 0.015625 0.022222
5 0.747135 0.832870 0.243229 0.332407
5 0.782292 0.575463 0.033333 0.054630
5 0.815104 0.572222 0.047917 0.055556
3 0.922135 0.519444 0.015104 0.025926
0 0.888542 0.528704 0.025000 0.035185
0 0.727344 0.550463 0.050521 0.075000
0 0.668229 0.559722 0.084375 0.075000
0 0.954688 0.535648 0.017708 0.032407
0 0.981250 0.529630 0.033333 0.031481
7 0.936979 0.537037 0.008333 0.035185
7 0.932813 0.535185 0.005208 0.040741
7 0.923438 0.537500 0.007292 0.043519
7 0.966927 0.557407 0.016146 0.092593
7 0.903125 0.549537 0.012500 0.078704
7 0.892708 0.553704 0.015625 0.075926
7 0.881510 0.555556 0.016146 0.068519
7 0.864062 0.552315 0.013542 0.073148
7 0.855208 0.554167 0.013542 0.075000
7 0.842187 0.552778 0.013542 0.075926
7 0.830990 0.527778 0.009896 0.040741
7 0.820312 0.560185 0.011458 0.098148
7 0.829688 0.571296 0.016667 0.075926
7 0.801302 0.534259 0.011979 0.042593
7 0.782031 0.535648 0.016146 0.052778
7 0.764323 0.528704 0.018229 0.057407
7 0.752604 0.532870 0.014583 0.036111
7 0.742969 0.547222 0.015104 0.077778
6 0.808594 0.558796 0.018229 0.071296
6 0.731250 0.735185 0.130208 0.381481
3 0.570573 0.547685 0.056771 0.119444
3 0.912500 0.550000 0.020833 0.051852
7 0.972396 0.523611 0.006250 0.013889