3 0.494531 0.530093 0.007812 0.017593
4 0.504427 0.523611 0.007812 0.013889
1 0.517969 0.520833 0.009896 0.012037
5 0.498958 0.538426 0.004167 0.010185
6 0.499219 0.533796 0.005729 0.013889
0 0.523698 0.536574 0.008854 0.023148
0 0.512500 0.540278 0.025000 0.039815
5 0.439063 0.557407 0.011458 0.031481
6 0.439583 0.546296 0.012500 0.042593
4 0.605469 0.522685 0.054688 0.100926
5 0.801562 0.585185 0.026042 0.042593
0 0.469792 0.568981 0.061458 0.108333
0 0.702344 0.579167 0.077604 0.097222
5 0.883594 0.611111 0.044271 0.087037
6 0.886719 0.586574 0.032813 0.097222