7 0.621354 0.539815 0.006250 0.018519
7 0.629948 0.548148 0.007812 0.035185
7 0.613021 0.558796 0.011458 0.062037
7 0.618750 0.554167 0.008333 0.045370
7 0.597656 0.554630 0.008854 0.055556
7 0.605469 0.556481 0.015104 0.074074
2 0.576823 0.566204 0.035937 0.084259
3 0.553385 0.542593 0.017188 0.027778
7 0.548177 0.543981 0.014063 0.037963
6 0.536979 0.573611 0.022917 0.069444
5 0.532552 0.594907 0.021354 0.058333
5 0.525000 0.561574 0.016667 0.052778
7 0.511198 0.546296 0.013021 0.031481
7 0.514062 0.584259 0.015625 0.085185
6 0.548958 0.614815 0.047917 0.153704
6 0.541927 0.615741 0.055729 0.159259
5 0.546094 0.662500 0.036979 0.128704
7 0.642969 0.591204 0.025521 0.106481
7 0.858073 0.645370 0.042188 0.251852
6 0.597656 0.731019 0.070312 0.286111
6 0.695052 0.770370 0.136979 0.457407
5 0.709115 0.847685 0.322396 0.304630
7 0.028385 0.663889 0.055729 0.190741
7 0.042448 0.790741 0.083854 0.418519
7 0.190104 0.761574 0.115625 0.476852
7 0.514844 0.581944 0.011979 0.084259
7 0.488542 0.543981 0.011458 0.028704
7 0.505729 0.591667 0.016667 0.087037
7 0.488021 0.551852 0.006250 0.012963
7 0.475260 0.600926 0.017188 0.081481
7 0.494271 0.592130 0.018750 0.102778
7 0.477604 0.599537 0.031250 0.137963
7 0.445573 0.593519 0.027604 0.125926
7 0.414844 0.668519 0.029687 0.168519
7 0.441927 0.637037 0.033854 0.072222
7 0.438281 0.706481 0.034896 0.192593
7 0.396615 0.709259 0.027604 0.177778
7 0.381771 0.715278 0.040625 0.204630