6 0.541406 0.549074 0.003646 0.012963
5 0.541927 0.552315 0.005729 0.012037
6 0.571094 0.553241 0.005729 0.015741
5 0.571094 0.558333 0.005729 0.016667
0 0.581510 0.545370 0.008854 0.011111
5 0.598698 0.563426 0.010937 0.030556
6 0.598177 0.555556 0.011979 0.038889
5 0.587240 0.571759 0.013021 0.037963
6 0.586719 0.559259 0.015104 0.042593
0 0.648698 0.568056 0.032813 0.067593
0 0.556771 0.555556 0.027083 0.038889
0 0.732292 0.556944 0.015625 0.019444
0 0.760156 0.560185 0.022396 0.029630
0 0.844792 0.572222 0.038542 0.040741
0 0.931771 0.583333 0.096875 0.085185
5 0.629948 0.671759 0.055729 0.150926
6 0.628385 0.626389 0.050521 0.191667
3 0.469010 0.537500 0.073438 0.067593
7 0.492708 0.551852 0.008333 0.050000
5 0.463802 0.562037 0.015104 0.044444
6 0.463542 0.550463 0.015625 0.043519
4 0.410938 0.536574 0.051042 0.060185
3 0.364063 0.527778 0.070833 0.083333
6 0.413021 0.544444 0.010417 0.027778
5 0.416406 0.570370 0.019271 0.064815
7 0.234635 0.530556 0.008854 0.035185
5 0.784375 0.819907 0.138542 0.319444
6 0.777344 0.699537 0.111979 0.349074
6 0.786198 0.705093 0.135937 0.312037