5 0.327865 0.580093 0.027604 0.030556
6 0.329688 0.573148 0.012500 0.040741
6 0.323177 0.568981 0.006771 0.037963
6 0.319792 0.571296 0.011458 0.042593
7 0.374219 0.574074 0.011979 0.050000
7 0.385677 0.573148 0.009896 0.061111
7 0.400521 0.573611 0.011458 0.060185
7 0.388021 0.577778 0.008333 0.050000
7 0.394271 0.580556 0.018750 0.062963
7 0.414062 0.577778 0.010417 0.062963
7 0.432812 0.571296 0.011458 0.061111
7 0.423698 0.569907 0.009896 0.058333
7 0.440885 0.570370 0.010937 0.044444
7 0.451562 0.559259 0.023958 0.040741
7 0.475521 0.567593 0.027083 0.074074
0 0.494271 0.548148 0.013542 0.011111
7 0.513021 0.575463 0.026042 0.076852
7 0.525000 0.581481 0.014583 0.075926
7 0.492188 0.546296 0.005208 0.009259
7 0.499479 0.547222 0.004167 0.011111
5 0.556771 0.620833 0.018750 0.054630
6 0.577344 0.552315 0.016146 0.023148
0 0.687760 0.573611 0.155729 0.141667
4 0.864844 0.711574 0.270313 0.576852
5 0.835156 0.782870 0.207813 0.191667
6 0.836198 0.619907 0.052604 0.182407
7 0.745313 0.632407 0.078125 0.224074
7 0.690104 0.627315 0.046875 0.169444
7 0.654167 0.613889 0.053125 0.159259
5 0.640885 0.855556 0.173437 0.285185
6 0.643750 0.780093 0.150000 0.439815
6 0.580990 0.737500 0.054688 0.387963
6 0.565885 0.746759 0.035937 0.367593
5 0.819792 0.904630 0.321875 0.187037
6 0.812760 0.790741 0.160938 0.418519
5 0.509896 0.722685 0.067708 0.200926
6 0.489063 0.578241 0.017708 0.041667
6 0.507031 0.675926 0.072396 0.257407
6 0.517448 0.678704 0.061979 0.181481
5 0.458594 0.675463 0.049479 0.145370
6 0.457031 0.629630 0.045312 0.162963
0 0.293490 0.596296 0.026562 0.081481
0 0.289062 0.602778 0.023958 0.072222
3 0.296354 0.650000 0.039583 0.090741
4 0.145833 0.500463 0.290625 0.999074