7 0.279687 0.618056 0.042708 0.136111
7 0.259635 0.630093 0.053646 0.139815
7 0.227083 0.633796 0.040625 0.149074
7 0.210156 0.642593 0.025521 0.138889
7 0.185938 0.677315 0.037500 0.287963
7 0.116927 0.691204 0.056771 0.293519
7 0.141667 0.689815 0.082292 0.355556
7 0.171094 0.695370 0.086979 0.370370
5 0.057031 0.709722 0.107813 0.230556
7 0.058073 0.674537 0.069271 0.358333
7 0.353646 0.662500 0.046875 0.249074
7 0.360938 0.649537 0.063542 0.306481
7 0.324479 0.668981 0.057292 0.254630
7 0.392969 0.518981 0.010937 0.028704
0 0.357812 0.520370 0.040625 0.037037
0 0.365365 0.523611 0.052604 0.026852
4 0.390885 0.493981 0.031771 0.043519
0 0.408854 0.520370 0.031250 0.027778
6 0.421615 0.509259 0.005729 0.011111
6 0.424479 0.514815 0.005208 0.012963
7 0.427604 0.506481 0.004167 0.011111
7 0.413802 0.517130 0.014063 0.034259
7 0.429167 0.522222 0.010417 0.024074
7 0.421875 0.529167 0.009375 0.010185
6 0.432031 0.518519 0.011979 0.027778
5 0.438281 0.534259 0.007812 0.014815
0 0.457031 0.521759 0.025521 0.037963
0 0.489323 0.524537 0.055729 0.050926
5 0.473177 0.547222 0.017188 0.040741
6 0.473698 0.531944 0.019271 0.058333
6 0.473438 0.532407 0.019792 0.059259
7 0.502083 0.532870 0.013542 0.058333
7 0.452865 0.540741 0.025521 0.072222
7 0.472396 0.566204 0.017708 0.054630
7 0.454427 0.654167 0.044271 0.234259
7 0.500000 0.650926 0.056250 0.244444
5 0.623437 0.619907 0.045833 0.149074
6 0.623698 0.550000 0.023438 0.070370
6 0.624219 0.585185 0.047396 0.142593
5 0.656771 0.508333 0.012500 0.029630
2 0.686458 0.506481 0.027083 0.059259
1 0.762240 0.481481 0.098437 0.088889
4 0.829948 0.487963 0.080729 0.075926
7 0.842708 0.508333 0.012500 0.037037
7 0.832031 0.508333 0.018229 0.038889
7 0.816927 0.501389 0.015104 0.037963
0 0.883594 0.492130 0.033854 0.056481
7 0.800260 0.636574 0.042188 0.234259
7 0.859115 0.703241 0.078646 0.315741
7 0.916667 0.690278 0.065625 0.315741
7 0.970052 0.673148 0.059896 0.307407
7 0.663802 0.583796 0.031771 0.162037