7 0.485156 0.524074 0.009896 0.025926
7 0.495833 0.522685 0.005208 0.012037
7 0.501823 0.517593 0.007812 0.016667
7 0.507812 0.522685 0.006250 0.017593
7 0.510677 0.526389 0.006771 0.025000
7 0.493229 0.525463 0.007292 0.025000
7 0.525781 0.529167 0.008854 0.025000
7 0.762760 0.498611 0.009896 0.019444
7 0.498958 0.546759 0.008333 0.054630
7 0.503125 0.547222 0.013542 0.059259
7 0.515104 0.528704 0.010417 0.020370
5 0.547135 0.551389 0.011979 0.026852
7 0.510417 0.560648 0.017708 0.078704
5 0.511719 0.579167 0.016146 0.063889
7 0.536979 0.553241 0.013542 0.069444
5 0.557552 0.579630 0.021354 0.055556
6 0.554688 0.558333 0.013542 0.066667
7 0.560937 0.559722 0.017708 0.075000
5 0.603385 0.592130 0.013021 0.054630
6 0.616927 0.550000 0.009896 0.044444
6 0.577865 0.550926 0.020313 0.062963
5 0.662240 0.585648 0.052604 0.063889
7 0.662500 0.552315 0.015625 0.075000
5 0.701562 0.591667 0.044792 0.027778
7 0.706250 0.542130 0.031250 0.087963
5 0.737500 0.598148 0.018750 0.072222
5 0.689583 0.654630 0.111458 0.107407
5 0.737760 0.689352 0.025521 0.112037
5 0.741146 0.702778 0.021875 0.124074
7 0.457813 0.523148 0.005208 0.011111
2 0.470313 0.527315 0.016667 0.023148
7 0.447656 0.508333 0.005729 0.014815
7 0.441667 0.519907 0.008333 0.017593
7 0.421354 0.523148 0.009375 0.027778
7 0.383073 0.512037 0.004687 0.014815
7 0.393229 0.520833 0.006250 0.026852
7 0.388021 0.520833 0.010417 0.032407
7 0.396875 0.524537 0.006250 0.019444
7 0.446615 0.523148 0.008854 0.014815
7 0.447917 0.523148 0.005208 0.012963
7 0.451042 0.527315 0.012500 0.025000
7 0.378385 0.516204 0.007812 0.021296
5 0.396615 0.533796 0.006771 0.017593
7 0.431250 0.528241 0.021875 0.032407
7 0.431510 0.539352 0.007812 0.021296
7 0.450000 0.536574 0.008333 0.015741
7 0.475781 0.538889 0.013021 0.040741
7 0.465104 0.551389 0.011458 0.052778
7 0.412240 0.537500 0.010937 0.032407
7 0.365885 0.556944 0.027604 0.091667
7 0.422135 0.567130 0.018229 0.073148
7 0.436458 0.578241 0.020833 0.095370
7 0.453906 0.575926 0.024479 0.100000
5 0.487240 0.573611 0.020313 0.050926
7 0.339062 0.518981 0.009375 0.025000
7 0.405729 0.564815 0.023958 0.087037
7 0.165104 0.589815 0.045833 0.192593
5 0.155990 0.630556 0.073438 0.148148
5 0.193750 0.608333 0.044792 0.074074
7 0.069271 0.543519 0.036458 0.075926
7 0.062240 0.687963 0.072396 0.307407
7 0.056510 0.609259 0.033854 0.124074
7 0.260937 0.627778 0.039583 0.168519
7 0.338802 0.607870 0.033854 0.104630
7 0.433594 0.670370 0.048438 0.151852
7 0.475260 0.688889 0.057813 0.272222
7 0.116406 0.619907 0.032813 0.228704
7 0.144271 0.615741 0.053125 0.253704
7 0.168229 0.739352 0.039583 0.221296
7 0.177344 0.776852 0.034896 0.218519
7 0.294531 0.766667 0.082812 0.455556
7 0.381510 0.761574 0.113021 0.476852
7 0.237500 0.753241 0.135417 0.493519
7 0.524219 0.572222 0.023438 0.098148
5 0.623437 0.593981 0.035417 0.078704
6 0.625781 0.569907 0.028646 0.087963
7 0.586979 0.671296 0.054167 0.244444
7 0.573958 0.587037 0.020833 0.066667
7 0.716927 0.673611 0.057813 0.232407
7 0.768490 0.681019 0.052604 0.282407
7 0.659375 0.686574 0.057292 0.263889
7 0.828125 0.727315 0.054167 0.365741
7 0.948438 0.751852 0.045833 0.385185
7 0.817448 0.754630 0.080729 0.418519
7 0.881771 0.702778 0.061458 0.209259
7 0.914062 0.786111 0.093750 0.427778
6 0.486198 0.546759 0.019271 0.056481