5 0.932813 0.830556 0.129167 0.338889
0 0.387760 0.582407 0.061979 0.046296
7 0.432552 0.621296 0.026562 0.166667
5 0.470052 0.576852 0.033854 0.025926
7 0.550260 0.607870 0.022396 0.095370
5 0.478906 0.644444 0.034896 0.098148
6 0.479427 0.601852 0.034896 0.096296
7 0.401562 0.625926 0.029167 0.161111
5 0.330729 0.637037 0.030208 0.070370
5 0.331250 0.668519 0.029167 0.109259
2 0.245052 0.656019 0.156771 0.293519
7 0.175260 0.840741 0.097396 0.318519
7 0.024479 0.824537 0.047917 0.347222
7 0.073958 0.843056 0.115625 0.312037
5 0.861719 0.700000 0.079687 0.129630
5 0.786719 0.868056 0.218229 0.260185
6 0.785417 0.777778 0.186458 0.444444
5 0.667188 0.664815 0.069792 0.162963