0 0.567969 0.553241 0.006771 0.015741
5 0.588281 0.557870 0.005729 0.015741
6 0.588281 0.554167 0.006771 0.019444
5 0.607812 0.560185 0.007292 0.022222
6 0.607812 0.551389 0.009375 0.025000
6 0.579167 0.542593 0.013542 0.037037
5 0.579167 0.552315 0.011458 0.028704
5 0.450781 0.554167 0.011979 0.032407
6 0.453385 0.528241 0.010937 0.023148
6 0.451042 0.538426 0.014583 0.043519
5 0.416667 0.554167 0.016667 0.052778
6 0.418750 0.540278 0.016667 0.058333
7 0.336198 0.533796 0.010937 0.028704
5 0.291927 0.656019 0.055729 0.110185
6 0.298958 0.600000 0.027083 0.157407
6 0.281250 0.594444 0.082292 0.157407
4 0.505208 0.523148 0.104167 0.227778
3 0.334896 0.560185 0.026042 0.038889
7 0.012760 0.612500 0.020313 0.054630