1 0.509375 0.518519 0.029167 0.051852
3 0.474219 0.502315 0.034896 0.104630
5 0.517708 0.552778 0.012500 0.027778
6 0.515885 0.537500 0.015104 0.049074
1 0.574740 0.510648 0.101562 0.175000
6 0.484896 0.544444 0.017708 0.062963
5 0.426823 0.553241 0.018229 0.037963
6 0.426563 0.537963 0.014583 0.042593
5 0.447135 0.555556 0.015104 0.050000
6 0.447396 0.542130 0.013542 0.054630
5 0.461458 0.559722 0.019792 0.062037
6 0.457813 0.541204 0.021875 0.067593
5 0.497396 0.612963 0.036458 0.101852
6 0.496615 0.576389 0.039062 0.115741
0 0.633073 0.592130 0.090104 0.126852
0 0.747135 0.669907 0.211979 0.312037
5 0.402865 0.568056 0.024479 0.067593
6 0.399479 0.557870 0.029167 0.089815
6 0.401042 0.550463 0.021875 0.075000
7 0.378385 0.547685 0.017188 0.060185