0 0.623698 0.537037 0.014063 0.020370
5 0.640885 0.545370 0.006771 0.012963
6 0.641667 0.539352 0.007292 0.015741
0 0.654427 0.549074 0.029687 0.046296
0 0.730469 0.569444 0.052604 0.053704
0 0.809635 0.588889 0.100521 0.105556
1 0.507031 0.522222 0.024479 0.059259
5 0.493750 0.547685 0.008333 0.019444
6 0.494792 0.536574 0.012500 0.034259
5 0.512500 0.546296 0.009375 0.022222
6 0.511719 0.535648 0.009896 0.032407
1 0.557552 0.523148 0.085938 0.148148
1 0.466146 0.524074 0.020833 0.042593
0 0.604427 0.593519 0.088021 0.120370
5 0.448958 0.580093 0.021875 0.060185
6 0.449479 0.563426 0.021875 0.071296
6 0.443750 0.561574 0.028125 0.071296
0 0.970573 0.897685 0.056771 0.200926
10 0.445312 0.524537 0.023958 0.030556