5 0.189583 0.682870 0.054167 0.143519
7 0.217188 0.618981 0.051042 0.126852
7 0.303125 0.781481 0.101042 0.420370
5 0.390625 0.631481 0.052083 0.138889
7 0.438542 0.637037 0.021875 0.144444
7 0.451823 0.622222 0.043229 0.174074
2 0.446354 0.547685 0.042708 0.087963
7 0.469792 0.568981 0.012500 0.069444
7 0.475521 0.569444 0.007292 0.064815
7 0.483073 0.565278 0.013021 0.075000
7 0.489063 0.565741 0.008333 0.072222
5 0.514844 0.581481 0.027604 0.061111
7 0.497135 0.573611 0.023438 0.123148
7 0.520312 0.571296 0.026042 0.125926
6 0.508854 0.568056 0.011458 0.080556
0 0.571094 0.540278 0.031771 0.041667
5 0.561198 0.578704 0.026562 0.074074
6 0.551823 0.561111 0.009896 0.070370
6 0.561719 0.562963 0.022396 0.079630
7 0.569531 0.556019 0.010937 0.054630
5 0.588281 0.596296 0.029687 0.081481
6 0.587760 0.568519 0.030729 0.096296
5 0.609635 0.572222 0.025521 0.053704
5 0.627604 0.582870 0.030208 0.065741
5 0.632812 0.588426 0.026042 0.080556
7 0.647656 0.581481 0.020313 0.101852
5 0.705208 0.613889 0.037500 0.096296
5 0.688802 0.615741 0.040104 0.109259
5 0.806250 0.667593 0.071875 0.200000
5 0.865885 0.721296 0.070312 0.224074