0 0.163542 0.650000 0.213542 0.233333
7 0.227083 0.549074 0.015625 0.053704
6 0.341927 0.547222 0.015104 0.031481
6 0.440104 0.545370 0.011458 0.027778
1 0.503125 0.512037 0.033333 0.027778
6 0.525260 0.497222 0.009896 0.044444
6 0.530208 0.503704 0.014583 0.053704
3 0.543229 0.542593 0.020833 0.046296
1 0.552083 0.518519 0.038542 0.068519
1 0.596094 0.528241 0.032813 0.045370
3 0.572656 0.531481 0.009896 0.011111
0 0.559115 0.543056 0.015104 0.021296
0 0.573698 0.544444 0.018229 0.025926
0 0.536979 0.576389 0.017708 0.084259
5 0.554427 0.606944 0.028646 0.089815
6 0.554948 0.584722 0.027604 0.106481
6 0.573177 0.587037 0.022396 0.109259
5 0.567969 0.602315 0.017188 0.087963
0 0.609635 0.573611 0.035937 0.073148
6 0.613281 0.532870 0.003646 0.006481
6 0.628385 0.547685 0.011979 0.039815
5 0.626823 0.554630 0.011979 0.029630
0 0.635417 0.539815 0.020833 0.027778
0 0.685417 0.559722 0.053125 0.065741
5 0.709896 0.553704 0.011458 0.022222
6 0.739844 0.545370 0.007812 0.012963
7 0.841146 0.543981 0.010417 0.025000
6 0.816667 0.542593 0.011458 0.020370
0 0.657813 0.613889 0.093750 0.142593
5 0.590365 0.667593 0.048438 0.151852
6 0.591146 0.611574 0.047917 0.169444
5 0.899479 0.575463 0.031250 0.047222
5 0.920052 0.582407 0.042188 0.053704
0 0.493490 0.611574 0.107813 0.191667
0 0.805990 0.706019 0.297396 0.321296
0 0.384635 0.742593 0.269271 0.385185
9 0.626302 0.210648 0.005729 0.006481
9 0.630729 0.250463 0.005208 0.008333
9 0.621875 0.254630 0.003125 0.005556
9 0.612760 0.256944 0.003646 0.006481
9 0.609896 0.245370 0.005208 0.007407
9 0.604427 0.254630 0.004687 0.005556
9 0.607552 0.259259 0.002604 0.007407
9 0.600000 0.262500 0.004167 0.006481
9 0.592708 0.282870 0.004167 0.004630
9 0.591406 0.293056 0.004687 0.004630
9 0.589583 0.300000 0.004167 0.005556
9 0.585677 0.319444 0.002604 0.005556
9 0.584896 0.322222 0.002083 0.001852
9 0.583333 0.335648 0.003125 0.002778
9 0.582292 0.342130 0.003125 0.002778
9 0.570833 0.373148 0.003125 0.005556
9 0.572656 0.369444 0.002604 0.007407
9 0.573958 0.366204 0.003125 0.004630
9 0.576042 0.361111 0.002083 0.003704
9 0.576823 0.356944 0.002604 0.002778
9 0.577865 0.356481 0.002604 0.005556
9 0.579167 0.351389 0.004167 0.002778
9 0.579427 0.345833 0.003646 0.002778
9 0.567969 0.381481 0.003646 0.001852
9 0.566146 0.383796 0.003125 0.002778
9 0.565625 0.385648 0.003125 0.002778
9 0.567708 0.252315 0.003125 0.006481