3 0.493490 0.518056 0.005729 0.015741
5 0.489063 0.531481 0.006250 0.011111
6 0.488542 0.521296 0.006250 0.014815
3 0.549740 0.532870 0.006771 0.023148
0 0.559115 0.538426 0.016146 0.028704
0 0.576562 0.550000 0.028125 0.040741
0 0.619271 0.552778 0.034375 0.048148
7 0.708333 0.543519 0.009375 0.033333
5 0.900260 0.611574 0.047396 0.087963
6 0.896875 0.590278 0.022917 0.089815
0 0.681510 0.572685 0.076563 0.099074
4 0.468229 0.541204 0.036458 0.073148
6 0.459635 0.524074 0.008854 0.031481
6 0.479167 0.510648 0.011458 0.037963
4 0.522135 0.526852 0.057813 0.133333
5 0.474479 0.593981 0.022917 0.054630
6 0.472917 0.560648 0.023958 0.087963
6 0.474219 0.561111 0.027604 0.094444
5 0.418229 0.571759 0.021875 0.049074
6 0.421875 0.554630 0.014583 0.064815
6 0.417708 0.554167 0.021875 0.063889
0 0.369271 0.551389 0.035417 0.058333
7 0.379948 0.552778 0.016146 0.068519
0 0.309375 0.540741 0.071875 0.053704
0 0.306771 0.549074 0.068750 0.070370
5 0.256771 0.543981 0.040625 0.063889
2 0.057031 0.547222 0.113021 0.201852
5 0.015104 0.707870 0.029167 0.195370
6 0.012240 0.637963 0.022396 0.038889
5 0.235156 0.605556 0.042188 0.094444
5 0.311458 0.573611 0.023958 0.067593
5 0.361979 0.610185 0.041667 0.114815
6 0.362760 0.579167 0.038021 0.132407