0 0.578906 0.563889 0.005729 0.011111
5 0.670833 0.590741 0.006250 0.027778
6 0.670312 0.576852 0.007292 0.025926
5 0.647396 0.588426 0.011458 0.030556
6 0.648177 0.572685 0.009896 0.017593
6 0.647917 0.582407 0.011458 0.035185
3 0.584115 0.560648 0.005729 0.012037
0 0.584896 0.578241 0.015625 0.028704
0 0.470313 0.575000 0.008333 0.029630
4 0.444271 0.565278 0.013542 0.026852
0 0.477604 0.578241 0.006250 0.017593
4 0.487240 0.569444 0.020313 0.100000
0 0.458594 0.581481 0.021354 0.042593
7 0.410156 0.580093 0.008854 0.041667
4 0.427344 0.580556 0.021354 0.048148
5 0.440104 0.597222 0.012500 0.033333
6 0.439844 0.582407 0.015104 0.048148
5 0.418750 0.603704 0.021875 0.053704
6 0.418229 0.584722 0.021875 0.071296
5 0.366667 0.656481 0.041667 0.092593
6 0.373958 0.612037 0.025000 0.138889
6 0.364323 0.604630 0.068229 0.135185
7 0.310937 0.557870 0.011458 0.041667
4 0.529427 0.547222 0.091146 0.200000
5 0.459115 0.599537 0.016146 0.037963
6 0.461979 0.582407 0.010417 0.048148
6 0.459115 0.580093 0.017188 0.049074
10 0.406510 0.533796 0.016146 0.021296