7 0.042448 0.822685 0.083854 0.354630
7 0.103385 0.755093 0.165104 0.487963
7 0.380469 0.669907 0.028646 0.160185
7 0.431250 0.640278 0.018750 0.134259
7 0.419010 0.668519 0.029687 0.155556
7 0.448958 0.665741 0.028125 0.157407
7 0.442188 0.589815 0.021875 0.079630
7 0.451562 0.534259 0.013542 0.035185
7 0.460677 0.589815 0.027604 0.138889
7 0.469792 0.509722 0.008333 0.015741
7 0.471615 0.528704 0.009896 0.033333
7 0.466146 0.527778 0.011458 0.038889
7 0.479167 0.518056 0.011458 0.026852
7 0.476823 0.526389 0.013021 0.037963
3 0.494531 0.537037 0.025521 0.031481
7 0.478385 0.587963 0.019271 0.096296
7 0.510417 0.550463 0.018750 0.052778
7 0.511979 0.582870 0.017708 0.089815
7 0.463802 0.589352 0.022396 0.139815
7 0.491927 0.588426 0.032813 0.145370
5 0.523958 0.568519 0.012500 0.037037
2 0.531771 0.549537 0.028125 0.054630
6 0.542448 0.538426 0.013021 0.023148
0 0.570312 0.549074 0.018750 0.018519
6 0.578385 0.562963 0.016146 0.061111
5 0.577083 0.574074 0.017708 0.042593
6 0.595833 0.560648 0.007292 0.060185
5 0.594531 0.574074 0.009896 0.046296
7 0.600781 0.538889 0.006771 0.007407
7 0.608594 0.543056 0.005729 0.010185
7 0.614583 0.551852 0.008333 0.029630
7 0.603906 0.568981 0.016146 0.084259
7 0.622135 0.559259 0.016146 0.046296
7 0.619271 0.625926 0.026042 0.151852
7 0.641146 0.621296 0.038542 0.216667
7 0.700781 0.531481 0.014063 0.074074
5 0.677865 0.561574 0.022396 0.021296
7 0.588021 0.566667 0.015625 0.081481
6 0.544271 0.549537 0.013542 0.039815
6 0.548958 0.548148 0.010417 0.037037
5 0.538021 0.592593 0.015625 0.027778
6 0.542188 0.574537 0.019792 0.062037
5 0.547656 0.789815 0.101562 0.329630
6 0.529427 0.707407 0.066146 0.290741
6 0.552865 0.695833 0.116146 0.325000