7 0.498958 0.522685 0.005208 0.012037
7 0.504427 0.522222 0.004687 0.011111
7 0.532292 0.530556 0.006250 0.016667
7 0.647917 0.555556 0.020833 0.055556
7 0.491927 0.533333 0.005729 0.014815
7 0.498437 0.531944 0.007292 0.015741
7 0.502083 0.530093 0.006250 0.017593
7 0.497396 0.544444 0.008333 0.020370
2 0.522656 0.530556 0.015104 0.016667
7 0.521615 0.529630 0.005729 0.012963
7 0.524219 0.530556 0.004687 0.012963
6 0.490885 0.553241 0.013021 0.032407
6 0.480208 0.549537 0.014583 0.028704
7 0.503646 0.559259 0.010417 0.046296
7 0.508333 0.567593 0.012500 0.066667
7 0.518750 0.557870 0.015625 0.049074
0 0.539844 0.547685 0.015104 0.026852
7 0.534635 0.559722 0.013021 0.052778
7 0.542188 0.558796 0.011458 0.054630
7 0.522917 0.575463 0.028125 0.082407
7 0.598698 0.593981 0.021354 0.108333
4 0.581771 0.529630 0.075000 0.133333
0 0.350000 0.558333 0.067708 0.098148
7 0.467448 0.551852 0.005729 0.024074
7 0.470313 0.567593 0.008333 0.031481
7 0.474219 0.622685 0.019271 0.132407
7 0.488802 0.566204 0.018229 0.030556
7 0.486719 0.624537 0.033854 0.143519
7 0.340365 0.567593 0.021354 0.085185
7 0.418229 0.546759 0.007292 0.021296
7 0.409635 0.557407 0.009896 0.025926
7 0.387500 0.573611 0.016667 0.050926
7 0.396875 0.568056 0.015625 0.043519
7 0.444271 0.609259 0.022917 0.140741
7 0.458333 0.631019 0.034375 0.147222
7 0.453125 0.566667 0.027083 0.070370
7 0.428906 0.627778 0.028646 0.161111
7 0.348438 0.613889 0.023958 0.155556
7 0.364844 0.617130 0.030729 0.160185
7 0.388281 0.645370 0.017188 0.133333
7 0.406771 0.636111 0.027083 0.164815
7 0.318490 0.619444 0.033854 0.161111
7 0.239844 0.618519 0.028646 0.201852
7 0.271094 0.611111 0.027604 0.183333
7 0.268490 0.641204 0.017188 0.134259
7 0.645312 0.644907 0.041667 0.186111
0 0.693750 0.592593 0.059375 0.107407
0 0.789583 0.612500 0.189583 0.175000
7 0.683333 0.659722 0.040625 0.236111
7 0.621354 0.682870 0.032292 0.123148
7 0.590885 0.684722 0.030729 0.132407
7 0.608594 0.690741 0.041146 0.162963
7 0.534635 0.665741 0.103646 0.231481
7 0.890885 0.725463 0.081771 0.352778
3 0.455990 0.539815 0.030729 0.038889
7 0.508333 0.526852 0.007292 0.020370
7 0.511719 0.526389 0.005729 0.023148