5 0.024740 0.540741 0.023438 0.066667
5 0.017188 0.595833 0.034375 0.073148
7 0.007031 0.541204 0.013021 0.086111
5 0.121094 0.683796 0.077604 0.158333
6 0.131510 0.628241 0.055729 0.180556
6 0.107292 0.623611 0.052083 0.156481
5 0.194010 0.538426 0.020313 0.054630
5 0.317448 0.558796 0.016146 0.037963
6 0.374219 0.530556 0.011979 0.025926
2 0.346354 0.573148 0.044792 0.101852
2 0.256250 0.633333 0.125000 0.225926
5 0.248698 0.762500 0.104688 0.276852
6 0.255990 0.680556 0.086979 0.281481
5 0.380729 0.778704 0.101042 0.298148
6 0.382552 0.684259 0.083854 0.287037
0 0.424479 0.595370 0.092708 0.150000
1 0.468750 0.523148 0.048958 0.088889
3 0.492448 0.515278 0.007812 0.017593
0 0.498437 0.512037 0.008333 0.020370
0 0.500521 0.537037 0.014583 0.031481
4 0.520573 0.539352 0.031771 0.071296
3 0.556250 0.534722 0.021875 0.037963
7 0.561719 0.539815 0.009896 0.042593
1 0.601562 0.532407 0.060417 0.098148
0 0.644792 0.572222 0.056250 0.072222
6 0.673177 0.552315 0.010937 0.034259
5 0.675000 0.568981 0.010417 0.028704
0 0.723437 0.555093 0.030208 0.032407
0 0.738021 0.575926 0.046875 0.055556
2 0.786979 0.594907 0.064583 0.110185
0 0.828125 0.567593 0.043750 0.050000
6 0.853125 0.586574 0.030208 0.071296
5 0.881250 0.555093 0.027083 0.037963
5 0.886979 0.566667 0.021875 0.059259
5 0.924479 0.574074 0.027083 0.042593
5 0.933594 0.588889 0.034896 0.044444
5 0.991146 0.595370 0.016667 0.055556
5 0.991406 0.682407 0.009896 0.090741
5 0.845573 0.547222 0.018229 0.027778