8 0.151562 0.734722 0.048958 0.195370
7 0.065885 0.708796 0.130729 0.582407
7 0.286979 0.643056 0.051042 0.169444
5 0.315104 0.653704 0.044792 0.107407
7 0.294792 0.809722 0.189583 0.380556
3 0.483333 0.481944 0.307292 0.700926
7 0.365625 0.651389 0.031250 0.139815
7 0.480729 0.631019 0.101042 0.434259
5 0.703906 0.561574 0.011979 0.019444
6 0.704167 0.550000 0.015625 0.024074
6 0.711979 0.550463 0.010417 0.021296
7 0.656510 0.549537 0.033854 0.039815
7 0.655729 0.558333 0.050000 0.164815
7 0.635677 0.595370 0.019271 0.092593
7 0.693229 0.560185 0.028125 0.059259
7 0.680208 0.594907 0.025000 0.067593
7 0.657292 0.606019 0.046875 0.126852
7 0.716146 0.579630 0.017708 0.040741
7 0.737500 0.594907 0.023958 0.071296
7 0.708333 0.653704 0.058333 0.146296
7 0.666406 0.795833 0.059896 0.404630
7 0.598698 0.770370 0.096354 0.457407
7 0.414583 0.860185 0.067708 0.279630
7 0.484375 0.842593 0.093750 0.314815
7 0.737500 0.621296 0.030208 0.081481
0 0.754427 0.565741 0.069271 0.055556
7 0.791406 0.544444 0.013021 0.042593
5 0.823438 0.723148 0.070833 0.224074
6 0.800260 0.547685 0.027604 0.065741
6 0.821615 0.608333 0.066146 0.157407
7 0.840365 0.569907 0.018229 0.087963
0 0.928385 0.534722 0.092188 0.093519
5 0.853385 0.593519 0.017188 0.062963
6 0.864583 0.540741 0.013542 0.022222
5 0.878646 0.668981 0.052083 0.136111
6 0.869010 0.566667 0.028646 0.112963
6 0.876302 0.629167 0.043229 0.212037
7 0.907031 0.547222 0.019271 0.059259
4 0.957552 0.595370 0.084896 0.261111
5 0.914062 0.765741 0.106250 0.312963
6 0.889844 0.681944 0.060937 0.302778
6 0.919531 0.697685 0.093229 0.336111
7 0.980990 0.611574 0.036979 0.226852
0 0.958594 0.827315 0.082812 0.345370
7 0.747917 0.773148 0.197917 0.453704
7 0.877604 0.930093 0.095833 0.139815
7 0.774219 0.534259 0.008854 0.018519