5 0.832552 0.856019 0.288021 0.287963
0 0.777083 0.654167 0.162500 0.212037
7 0.876302 0.657407 0.085938 0.281481
6 0.730729 0.763426 0.066667 0.454630
6 0.822396 0.770370 0.178125 0.455556
5 0.688802 0.670370 0.060937 0.129630
6 0.695052 0.632870 0.036979 0.199074
5 0.654687 0.618056 0.059375 0.084259
5 0.614583 0.600000 0.050000 0.079630
6 0.648958 0.582407 0.027083 0.105556
6 0.613281 0.582870 0.030729 0.104630
7 0.621354 0.551852 0.015625 0.053704
7 0.634635 0.543056 0.010937 0.047222
5 0.581250 0.569444 0.016667 0.038889
5 0.538281 0.570370 0.013021 0.051852
6 0.538542 0.557407 0.015625 0.062963
5 0.523958 0.582870 0.020833 0.054630
6 0.525781 0.564815 0.018229 0.070370
5 0.493490 0.554167 0.034896 0.049074
7 0.469010 0.549537 0.009896 0.036111
7 0.487240 0.637500 0.035937 0.193519
5 0.432292 0.687963 0.054167 0.170370
6 0.438542 0.640278 0.070833 0.210185
5 0.386979 0.582870 0.016667 0.056481
5 0.395833 0.616204 0.030208 0.100926
7 0.357031 0.635185 0.026562 0.124074
7 0.333594 0.568519 0.025521 0.085185
7 0.241927 0.601852 0.052604 0.107407
7 0.275000 0.657407 0.031250 0.188889
7 0.133333 0.581019 0.046875 0.299074
7 0.303906 0.753241 0.119271 0.493519
6 0.702083 0.674537 0.064583 0.300926
5 0.386979 0.699074 0.057292 0.216667