5 0.037500 0.737500 0.040625 0.071296
7 0.073177 0.825463 0.145313 0.349074
7 0.089844 0.675000 0.097396 0.166667
7 0.158333 0.793056 0.080208 0.387963
7 0.223698 0.760648 0.033854 0.178704
7 0.275521 0.725463 0.030208 0.189815
7 0.301823 0.740741 0.028646 0.161111
7 0.289844 0.763426 0.035937 0.193519
7 0.317708 0.758796 0.033333 0.195370
7 0.402604 0.637500 0.019792 0.102778
7 0.421354 0.645833 0.018750 0.097222
7 0.430208 0.652778 0.020833 0.090741
7 0.441667 0.611574 0.007292 0.015741
7 0.461719 0.613889 0.010937 0.022222
7 0.458854 0.598611 0.010417 0.028704
7 0.470573 0.615278 0.010937 0.045370
7 0.482031 0.598148 0.008854 0.022222
7 0.479427 0.613426 0.013021 0.049074
7 0.472656 0.596759 0.005729 0.015741
7 0.491667 0.590278 0.008333 0.017593
7 0.488021 0.596759 0.010417 0.019444
6 0.513021 0.589352 0.009375 0.019444
2 0.529948 0.598148 0.016146 0.048148
7 0.545312 0.595833 0.008333 0.036111
7 0.532292 0.597685 0.008333 0.054630
7 0.542188 0.591667 0.006250 0.024074
7 0.539844 0.615278 0.016146 0.063889
6 0.521875 0.597685 0.016667 0.034259
0 0.508073 0.642593 0.053646 0.090741
5 0.501823 0.662500 0.034896 0.093519
6 0.498177 0.643519 0.032813 0.124074
6 0.499219 0.637037 0.029687 0.103704
5 0.459115 0.706944 0.047396 0.128704
6 0.458073 0.662500 0.043229 0.139815
7 0.565104 0.626852 0.032292 0.168519
7 0.593229 0.586574 0.006250 0.015741
7 0.590365 0.640278 0.031771 0.134259
7 0.614583 0.629167 0.025000 0.113889
7 0.630469 0.583333 0.018229 0.050000
7 0.703646 0.642593 0.029167 0.144444
7 0.790885 0.596296 0.026562 0.109259
6 0.609635 0.709722 0.068229 0.212037
6 0.651042 0.777315 0.141667 0.445370
2 0.953906 0.764352 0.092188 0.384259
5 0.640104 0.852315 0.155208 0.295370