3 0.320052 0.524074 0.029687 0.042593
6 0.321875 0.529630 0.015625 0.035185
7 0.389844 0.562037 0.016146 0.062963
7 0.397396 0.558796 0.013542 0.069444
0 0.468490 0.563889 0.110937 0.114815
9 0.612500 0.543056 0.012500 0.017593
5 0.669010 0.528241 0.011979 0.034259
5 0.561979 0.538889 0.013542 0.031481
7 0.553125 0.528241 0.010417 0.049074
7 0.545312 0.526389 0.009375 0.043519
7 0.185417 0.521296 0.015625 0.040741
7 0.159896 0.518981 0.006250 0.019444
2 0.267448 0.532870 0.047396 0.071296
5 0.323698 0.542130 0.035937 0.030556
5 0.333333 0.570833 0.050000 0.049074
5 0.328385 0.576389 0.048438 0.058333
5 0.304688 0.566667 0.058333 0.087037
7 0.140625 0.530093 0.012500 0.050926
7 0.098177 0.532407 0.014063 0.048148
7 0.078385 0.548611 0.015104 0.043519
7 0.088542 0.554630 0.015625 0.031481
7 0.050781 0.499074 0.011979 0.055556
7 0.040365 0.494444 0.008854 0.055556
7 0.033594 0.475463 0.009896 0.041667
7 0.038021 0.506944 0.009375 0.054630
7 0.028385 0.517593 0.017188 0.090741
7 0.016146 0.513426 0.018750 0.086111
7 0.005990 0.493056 0.010937 0.062037
0 0.203385 0.623611 0.131771 0.176852
5 0.226042 0.536111 0.039583 0.022222
0 0.090104 0.705093 0.179167 0.269444
3 0.995573 0.638426 0.008854 0.095370
5 0.903906 0.630093 0.104688 0.136111
6 0.895833 0.589815 0.065625 0.172222
7 0.633594 0.510185 0.005729 0.018519