4 0.391406 0.494444 0.030729 0.044444
7 0.392969 0.518519 0.011979 0.029630
0 0.410938 0.519444 0.031250 0.027778
0 0.357552 0.519907 0.042188 0.036111
0 0.367448 0.521296 0.049479 0.024074
5 0.416927 0.527315 0.013021 0.013889
6 0.416667 0.516667 0.013542 0.033333
7 0.426823 0.508796 0.004687 0.015741
6 0.429167 0.512500 0.008333 0.019444
6 0.435417 0.513426 0.006250 0.012037
6 0.441927 0.518056 0.011979 0.028704
0 0.461458 0.518056 0.018750 0.028704
0 0.490104 0.521759 0.055208 0.047222
7 0.502344 0.531944 0.014063 0.058333
6 0.475260 0.531481 0.014063 0.053704
6 0.479427 0.531481 0.020313 0.053704
7 0.430990 0.521759 0.009896 0.025000
7 0.425521 0.528241 0.008333 0.013889
7 0.471615 0.556019 0.016146 0.036111
7 0.450260 0.544907 0.021354 0.084259
7 0.452604 0.641204 0.039583 0.219444
7 0.486719 0.643056 0.065104 0.228704
7 0.361979 0.645833 0.072917 0.254630
7 0.361979 0.648611 0.067708 0.306481
7 0.326042 0.668056 0.055208 0.252778
7 0.279687 0.614815 0.042708 0.129630
7 0.260677 0.628704 0.051562 0.138889
7 0.227344 0.634722 0.040104 0.141667
7 0.194531 0.673148 0.057813 0.290741
7 0.172656 0.694907 0.083854 0.367593
7 0.141667 0.691204 0.081250 0.356481
7 0.113802 0.684259 0.064062 0.281481
7 0.057031 0.675000 0.068229 0.355556
5 0.061458 0.735648 0.095833 0.208333
5 0.657813 0.515278 0.014583 0.045370
5 0.621615 0.613426 0.041146 0.132407
6 0.628125 0.532407 0.019792 0.037037
6 0.625000 0.575000 0.044792 0.118519
7 0.671094 0.588889 0.039062 0.168519
2 0.685937 0.503241 0.028125 0.050926
1 0.763281 0.481019 0.099479 0.089815
4 0.830469 0.488889 0.080729 0.075926
0 0.885156 0.484259 0.032813 0.042593
7 0.842969 0.508796 0.011979 0.036111
7 0.832812 0.507870 0.018750 0.037963
7 0.807813 0.502315 0.016667 0.041667
7 0.819792 0.639815 0.044792 0.246296
7 0.882292 0.710648 0.087500 0.334259
7 0.943750 0.693981 0.069792 0.321296
7 0.986198 0.702778 0.027604 0.264815