5 0.607552 0.540278 0.008854 0.012037
6 0.608854 0.533333 0.007292 0.018519
5 0.582031 0.543519 0.006771 0.014815
6 0.581771 0.534259 0.007292 0.020370
5 0.563021 0.556019 0.009375 0.030556
6 0.563021 0.534259 0.008333 0.018519
6 0.561719 0.543519 0.010937 0.035185
5 0.538542 0.544444 0.008333 0.012963
6 0.536979 0.534722 0.005208 0.013889
5 0.549219 0.554167 0.007812 0.021296
6 0.549219 0.535648 0.006771 0.015741
6 0.548698 0.544444 0.011979 0.035185
5 0.532292 0.564352 0.014583 0.036111
6 0.530469 0.550463 0.014063 0.043519
6 0.531771 0.547222 0.014583 0.044444
5 0.507812 0.568519 0.013542 0.031481
6 0.509635 0.551852 0.018229 0.051852
7 0.454688 0.552315 0.012500 0.049074
1 0.805729 0.478704 0.387500 0.520370
4 0.034896 0.651389 0.067708 0.237963
4 0.080469 0.438889 0.084896 0.103704