7 0.019010 0.505556 0.006771 0.018519
7 0.005469 0.511111 0.009896 0.029630
7 0.013281 0.519907 0.007812 0.025000
7 0.109115 0.546759 0.010937 0.052778
7 0.141927 0.525926 0.004687 0.018519
7 0.145573 0.514352 0.006771 0.021296
7 0.177083 0.518519 0.007292 0.040741
7 0.183594 0.520370 0.008854 0.042593
7 0.191927 0.520833 0.005729 0.039815
7 0.200260 0.520833 0.006771 0.037963
7 0.205729 0.522685 0.005208 0.034259
8 0.216927 0.528241 0.013021 0.025000
7 0.224219 0.520370 0.005729 0.031481
3 0.233333 0.531481 0.021875 0.031481
7 0.229427 0.510648 0.004687 0.013889
7 0.233854 0.511111 0.007292 0.014815
7 0.240104 0.512037 0.006250 0.014815
7 0.290885 0.525000 0.006771 0.050000
3 0.275260 0.522685 0.036979 0.060185
7 0.365885 0.562963 0.009896 0.057407
7 0.380729 0.550000 0.008333 0.057407
7 0.410156 0.543519 0.016146 0.077778
7 0.425260 0.544907 0.013021 0.075000
7 0.445573 0.540741 0.011979 0.079630
0 0.436198 0.518519 0.015104 0.022222
3 0.469792 0.522685 0.013542 0.034259
7 0.475000 0.527778 0.007292 0.033333
7 0.480208 0.522222 0.004167 0.027778
7 0.486719 0.545833 0.015104 0.082407
8 0.469271 0.577315 0.041667 0.071296
0 0.523177 0.537037 0.047396 0.053704
7 0.550000 0.577315 0.018750 0.137963
3 0.550000 0.545833 0.095833 0.180556
7 0.567187 0.531481 0.008333 0.040741
7 0.584375 0.558796 0.019792 0.104630
7 0.606250 0.570833 0.021875 0.123148
3 0.623437 0.524537 0.014583 0.013889
0 0.636458 0.538889 0.052083 0.042593
7 0.673698 0.543981 0.011979 0.043519
7 0.700781 0.542593 0.008854 0.055556
7 0.715104 0.545833 0.013542 0.050926
7 0.725781 0.543981 0.010937 0.054630
7 0.735156 0.541204 0.008854 0.058333
1 0.656250 0.520370 0.042708 0.053704
4 0.697135 0.522222 0.031771 0.057407
4 0.722656 0.524074 0.030729 0.055556
1 0.758073 0.525926 0.054688 0.061111
7 0.747396 0.547685 0.005208 0.028704
7 0.753125 0.543056 0.006250 0.036111
7 0.759375 0.563889 0.008333 0.037037
7 0.765885 0.542593 0.006771 0.037037
7 0.770833 0.537500 0.006250 0.032407
7 0.778646 0.532407 0.006250 0.022222
7 0.783854 0.535648 0.005208 0.025000
0 0.802865 0.530093 0.038021 0.017593
5 0.789844 0.565278 0.043229 0.047222
7 0.803906 0.533333 0.010937 0.031481
0 0.830990 0.562037 0.047396 0.081481
5 0.817187 0.512037 0.007292 0.014815
0 0.912500 0.565278 0.150000 0.108333
7 0.967708 0.532407 0.008333 0.025926
7 0.972917 0.533333 0.013542 0.031481
7 0.982292 0.535648 0.006250 0.034259
7 0.988281 0.537963 0.009896 0.042593
7 0.996615 0.538426 0.005729 0.047222
0 0.973437 0.649074 0.053125 0.190741
7 0.077344 0.641204 0.040104 0.206481
7 0.098958 0.668056 0.036458 0.265741
7 0.125781 0.689352 0.075521 0.395370
7 0.162760 0.658333 0.043229 0.375926
3 0.428646 0.537500 0.053125 0.093519
7 0.760156 0.540278 0.007812 0.045370
0 0.830729 0.503704 0.011458 0.016667
6 0.783594 0.550000 0.006771 0.031481
6 0.216927 0.517593 0.006771 0.033333