7 0.437500 0.542593 0.005208 0.025926
6 0.454427 0.540741 0.006771 0.024074
5 0.454427 0.547222 0.008854 0.016667
5 0.462500 0.553704 0.006250 0.029630
6 0.463021 0.544444 0.006250 0.031481
2 0.481250 0.562500 0.041667 0.086111
2 0.556250 0.540741 0.012500 0.025926
0 0.597396 0.546759 0.019792 0.025000
0 0.576042 0.542593 0.028125 0.027778
6 0.687760 0.550463 0.009896 0.034259
5 0.687760 0.559259 0.014063 0.035185
4 0.770052 0.544907 0.057813 0.063889
2 0.770052 0.564815 0.055729 0.085185
5 0.661458 0.558796 0.013542 0.032407
6 0.661198 0.548611 0.010937 0.032407
0 0.536458 0.556019 0.033333 0.049074
5 0.516406 0.569907 0.020313 0.049074
6 0.515885 0.555093 0.018229 0.060185
5 0.422135 0.548148 0.007812 0.020370
6 0.421875 0.544907 0.006250 0.021296
5 0.411719 0.550463 0.007812 0.023148
6 0.412500 0.547222 0.010417 0.029630
6 0.413281 0.543519 0.007812 0.029630
0 0.373698 0.559722 0.035937 0.060185
5 0.382552 0.591667 0.036979 0.070370
6 0.382292 0.572222 0.025000 0.087037
6 0.384635 0.568519 0.020313 0.081481
7 0.343750 0.539352 0.011458 0.039815
0 0.252865 0.576389 0.098437 0.147222
5 0.339323 0.611574 0.034896 0.110185
6 0.336979 0.594444 0.036458 0.129630
6 0.335156 0.588889 0.033854 0.120370
0 0.018229 0.774537 0.036458 0.232407