0 0.486198 0.525463 0.007812 0.013889
3 0.490104 0.524537 0.008333 0.015741
0 0.502083 0.528704 0.011458 0.018519
4 0.514062 0.525463 0.011458 0.021296
1 0.542969 0.522222 0.014063 0.027778
4 0.557292 0.523148 0.016667 0.038889
5 0.566146 0.531481 0.006250 0.011111
6 0.565625 0.525926 0.006250 0.014815
5 0.573438 0.531481 0.006250 0.016667
6 0.572917 0.524537 0.007292 0.019444
5 0.578125 0.532407 0.007292 0.014815
6 0.577865 0.526389 0.006771 0.015741
5 0.610156 0.541667 0.007812 0.024074
6 0.609896 0.535185 0.009375 0.031481
5 0.689583 0.549537 0.008333 0.026852
5 0.700781 0.553241 0.011979 0.026852
0 0.648438 0.552778 0.042708 0.051852
0 0.878646 0.555556 0.067708 0.050000
4 0.468750 0.516667 0.020833 0.040741
0 0.527083 0.536574 0.021875 0.034259
5 0.503385 0.550000 0.013021 0.035185
6 0.503125 0.538889 0.011458 0.038889
5 0.491927 0.554167 0.014063 0.036111
6 0.489583 0.543056 0.016667 0.041667
5 0.466146 0.575000 0.027083 0.070370
6 0.466406 0.560185 0.024479 0.072222