4 0.332031 0.519444 0.053646 0.068519
0 0.294531 0.557407 0.040104 0.051852
5 0.317448 0.572222 0.011979 0.031481
6 0.315625 0.554167 0.015625 0.050926
6 0.315365 0.547685 0.016146 0.041667
7 0.325521 0.549537 0.010417 0.049074
7 0.340104 0.538889 0.008333 0.024074
7 0.348438 0.538426 0.008333 0.032407
7 0.353125 0.545370 0.008333 0.031481
7 0.364323 0.536574 0.011979 0.025000
7 0.374219 0.554167 0.013021 0.065741
7 0.383333 0.547222 0.008333 0.051852
7 0.367708 0.570833 0.010417 0.063889
6 0.334635 0.545370 0.017188 0.020370
7 0.360677 0.592593 0.026562 0.129630
7 0.338021 0.594444 0.028125 0.131481
7 0.306250 0.595370 0.017708 0.088889
7 0.290885 0.580556 0.022396 0.122222
0 0.197917 0.592130 0.098958 0.134259
0 0.132812 0.646759 0.194792 0.226852
7 0.163021 0.781944 0.118750 0.432407
0 0.420052 0.550926 0.029687 0.055556
0 0.463281 0.545833 0.067187 0.054630
7 0.421615 0.564815 0.006771 0.061111
7 0.426042 0.568519 0.022917 0.096296
7 0.446354 0.553704 0.008333 0.061111
7 0.441406 0.555556 0.016146 0.070370
7 0.504427 0.668519 0.041146 0.285185
7 0.544531 0.690741 0.066146 0.324074
7 0.471094 0.710185 0.085938 0.394444
5 0.577344 0.574074 0.055729 0.062963
6 0.573438 0.550000 0.023958 0.079630
6 0.583073 0.552778 0.014063 0.079630
6 0.593229 0.550463 0.025000 0.080556
5 0.708854 0.538426 0.020833 0.067593
2 0.749740 0.525000 0.046354 0.090741
1 0.866406 0.487500 0.154688 0.143519
4 0.985156 0.507407 0.029687 0.162963
7 0.950781 0.720370 0.073438 0.346296
7 0.918750 0.779167 0.111458 0.441667
7 0.993229 0.885185 0.011458 0.044444