7 0.675000 0.509259 0.007292 0.012963
7 0.686719 0.502315 0.004687 0.010185
7 0.735938 0.519907 0.007292 0.026852
7 0.679688 0.505556 0.006250 0.014815
0 0.687760 0.511574 0.008854 0.010185
7 0.683333 0.520833 0.005208 0.012037
6 0.692708 0.512500 0.007292 0.013889
2 0.709375 0.514352 0.014583 0.012037
7 0.740625 0.520370 0.008333 0.014815
7 0.761719 0.509722 0.013021 0.023148
7 0.750781 0.522222 0.014063 0.044444
7 0.726562 0.534259 0.017708 0.059259
7 0.720313 0.545833 0.020833 0.043519
0 0.743229 0.531944 0.017708 0.021296
4 0.635938 0.516667 0.057292 0.029630
7 0.782292 0.505093 0.009375 0.013889
4 0.846875 0.475926 0.140625 0.162963
2 0.803646 0.598611 0.101042 0.180556
5 0.816146 0.651389 0.022917 0.104630
6 0.817187 0.560185 0.030208 0.090741
6 0.809635 0.593519 0.029687 0.151852
7 0.759115 0.560185 0.019271 0.064815
7 0.808073 0.687037 0.051562 0.322222
7 0.774479 0.671759 0.043750 0.291667
7 0.749479 0.617593 0.037500 0.155556
7 0.874740 0.547222 0.020313 0.053704
7 0.853906 0.663889 0.055729 0.325926
7 0.965104 0.532870 0.038542 0.139815
7 0.948177 0.546759 0.010937 0.043519
7 0.522135 0.516204 0.015104 0.045370
0 0.470052 0.546296 0.128646 0.111111
7 0.966667 0.574074 0.020833 0.040741
7 0.979427 0.608333 0.038021 0.303704
7 0.946615 0.665278 0.104688 0.619444
7 0.900260 0.745833 0.152604 0.506481
7 0.490365 0.628704 0.060937 0.242593
7 0.346094 0.556481 0.022396 0.040741
7 0.337500 0.611574 0.038542 0.119444
7 0.295052 0.765278 0.099479 0.465741
7 0.352344 0.781481 0.091146 0.433333
7 0.427344 0.771296 0.172396 0.455556
7 0.543490 0.836574 0.201563 0.325000
7 0.016927 0.605093 0.032813 0.182407
7 0.061979 0.838889 0.122917 0.320370
0 0.645312 0.757870 0.331250 0.480556
6 0.634375 0.521759 0.010417 0.013889