7 0.652344 0.503704 0.006771 0.012963
7 0.664844 0.500463 0.006771 0.012037
7 0.675260 0.506481 0.006771 0.020370
7 0.659896 0.504167 0.008333 0.019444
7 0.671094 0.510185 0.008854 0.016667
0 0.683073 0.522222 0.020313 0.022222
4 0.613281 0.513889 0.056771 0.029630
7 0.500260 0.525000 0.017188 0.070370
6 0.606771 0.521759 0.008333 0.012037
0 0.447656 0.556481 0.126562 0.144444
7 0.711198 0.512963 0.009896 0.024074
7 0.728646 0.514352 0.008333 0.028704
0 0.716667 0.532407 0.016667 0.025926
7 0.721354 0.531944 0.014583 0.060185
7 0.698698 0.522685 0.013021 0.043519
7 0.692187 0.539352 0.015625 0.043519
4 0.819531 0.477315 0.133854 0.171296
2 0.774740 0.562037 0.084896 0.118519
7 0.840104 0.545833 0.020833 0.056481
7 0.725000 0.556019 0.020833 0.065741
5 0.780729 0.647222 0.031250 0.109259
6 0.786198 0.576852 0.028646 0.127778
6 0.783333 0.614352 0.043750 0.195370
7 0.690625 0.552778 0.012500 0.029630
7 0.773958 0.675926 0.056250 0.316667
7 0.742708 0.689815 0.045833 0.335185
7 0.718490 0.632407 0.044271 0.196296
7 0.325260 0.552315 0.023438 0.034259
7 0.311458 0.736111 0.044792 0.381481
7 0.252604 0.735648 0.095833 0.432407
7 0.451042 0.594444 0.055208 0.185185
7 0.333854 0.775463 0.082292 0.447222
7 0.382812 0.763426 0.115625 0.465741
0 0.618490 0.756019 0.302604 0.484259
7 0.819792 0.662500 0.055208 0.330556
7 0.934375 0.557870 0.027083 0.099074
7 0.926042 0.614352 0.042708 0.299074
7 0.896094 0.648611 0.092188 0.606481
7 0.955729 0.626852 0.054167 0.344444
7 0.990104 0.513889 0.017708 0.044444
7 0.985156 0.629167 0.027604 0.236111
7 0.858854 0.743519 0.150000 0.509259
7 0.457031 0.829167 0.193229 0.337963
7 0.990104 0.655556 0.016667 0.298148
7 0.018490 0.752778 0.035937 0.490741
7 0.979427 0.882870 0.038021 0.230556