7 0.561719 0.505093 0.004687 0.012037
7 0.565365 0.503704 0.003646 0.009259
7 0.568229 0.504167 0.004167 0.010185
7 0.572135 0.503241 0.003646 0.010185
0 0.556771 0.505093 0.010417 0.012037
7 0.580208 0.509722 0.005208 0.013889
0 0.570833 0.513889 0.017708 0.014815
3 0.499740 0.528241 0.059896 0.049074
7 0.566406 0.526389 0.006771 0.019444
2 0.618490 0.535185 0.027604 0.044444
7 0.622396 0.538889 0.014583 0.040741
7 0.638802 0.576389 0.028646 0.134259
4 0.698958 0.524537 0.115625 0.230556
5 0.810417 0.562037 0.033333 0.048148
5 0.777344 0.566667 0.033854 0.035185
7 0.841927 0.595370 0.033854 0.179630
3 0.790625 0.632407 0.087500 0.109259
7 0.869271 0.659259 0.060417 0.279630
0 0.977604 0.669444 0.043750 0.242593
0 0.585677 0.568056 0.045312 0.093519
7 0.540365 0.542130 0.008854 0.037963
7 0.555469 0.535648 0.010937 0.041667
7 0.550000 0.543056 0.016667 0.050926
7 0.564583 0.605093 0.027083 0.145370
7 0.533333 0.539815 0.012500 0.050000
7 0.521615 0.542130 0.014063 0.043519
7 0.503125 0.544907 0.012500 0.037963
7 0.512500 0.553704 0.012500 0.050000
7 0.525260 0.609722 0.026562 0.162037
7 0.483594 0.547685 0.015104 0.037963
7 0.489063 0.550000 0.014583 0.055556
7 0.546615 0.677778 0.058854 0.227778
7 0.433854 0.541204 0.012500 0.041667
7 0.417708 0.574074 0.020833 0.098148
7 0.450781 0.575463 0.021354 0.113889
7 0.439583 0.610185 0.035417 0.166667
7 0.468490 0.622222 0.030729 0.185185
7 0.495573 0.672222 0.054688 0.255556
0 0.320573 0.572685 0.109896 0.191667
7 0.358594 0.691667 0.030729 0.248148
7 0.381510 0.687963 0.055729 0.394444
7 0.285938 0.691204 0.044792 0.245370
7 0.402083 0.756944 0.087500 0.391667
5 0.610677 0.642593 0.064062 0.140741
6 0.607292 0.603241 0.048958 0.160185
7 0.600000 0.515278 0.007292 0.013889
7 0.593490 0.514352 0.005729 0.013889
7 0.586979 0.512963 0.006250 0.018519