10 0.542708 0.509259 0.007292 0.014815
10 0.575000 0.508333 0.008333 0.025926
2 0.657552 0.553241 0.009896 0.015741
7 0.665104 0.556019 0.005208 0.021296
5 0.660937 0.568519 0.011458 0.014815
6 0.660417 0.558796 0.008333 0.023148
1 0.732292 0.550926 0.121875 0.137037
7 0.823698 0.574074 0.014063 0.038889
5 0.812500 0.616667 0.042708 0.074074
6 0.812760 0.588889 0.024479 0.098148
6 0.531250 0.549537 0.006250 0.019444
5 0.530990 0.556019 0.006771 0.019444
0 0.517708 0.545833 0.013542 0.028704
0 0.503646 0.549074 0.017708 0.029630
6 0.494271 0.555556 0.010417 0.027778
6 0.516406 0.552315 0.008854 0.025000
5 0.493750 0.565741 0.009375 0.025926
6 0.509375 0.566667 0.018750 0.048148
5 0.509115 0.577778 0.016146 0.037037
1 0.478646 0.537500 0.020833 0.039815
0 0.453385 0.538426 0.022396 0.021296
6 0.456510 0.541204 0.005729 0.015741
5 0.458594 0.544907 0.004687 0.012037
6 0.463802 0.556481 0.009896 0.031481
5 0.464323 0.561574 0.009896 0.026852
0 0.408854 0.533796 0.015625 0.019444
4 0.429427 0.531944 0.025521 0.041667
0 0.392188 0.538426 0.022917 0.036111
3 0.218750 0.512500 0.205208 0.337963
0 0.048698 0.900463 0.097396 0.197222