1 0.606510 0.527778 0.020313 0.031481
1 0.634115 0.526852 0.035937 0.044444
1 0.578646 0.530093 0.042708 0.058333
2 0.610677 0.534722 0.011979 0.013889
4 0.647396 0.526389 0.044792 0.037963
0 0.673438 0.534259 0.015625 0.029630
0 0.604688 0.568519 0.031250 0.053704
0 0.616667 0.587500 0.032292 0.080556
0 0.645833 0.596759 0.062500 0.106481
4 0.747396 0.574537 0.164583 0.228704
1 0.923438 0.465741 0.153125 0.231481
2 0.839844 0.531944 0.018229 0.037963
0 0.844531 0.772685 0.309896 0.452778
1 0.538802 0.527315 0.029687 0.034259
6 0.553906 0.519907 0.016146 0.034259
4 0.561198 0.543056 0.024479 0.028704
0 0.475000 0.555093 0.020833 0.019444
2 0.494792 0.565741 0.027083 0.057407
0 0.532292 0.592130 0.064583 0.108333
6 0.588281 0.610185 0.035937 0.135185
5 0.589583 0.637963 0.028125 0.118519
5 0.567187 0.743056 0.046875 0.187963
6 0.569531 0.669907 0.068229 0.250926
7 0.400260 0.554630 0.011979 0.050000
0 0.448698 0.659259 0.136979 0.203704
5 0.347396 0.639815 0.039583 0.103704
6 0.347396 0.620833 0.035417 0.132407
5 0.427604 0.825926 0.151042 0.346296
6 0.438802 0.744444 0.134896 0.398148
5 0.182292 0.831019 0.210417 0.336111
6 0.223698 0.781481 0.100521 0.418519
6 0.201563 0.784259 0.119792 0.427778
6 0.117188 0.795833 0.103125 0.404630
10 0.453906 0.512963 0.010937 0.038889