5 0.585677 0.522685 0.006771 0.015741
6 0.584635 0.515741 0.006771 0.020370
5 0.576562 0.525000 0.007292 0.018519
6 0.576562 0.520370 0.007292 0.024074
5 0.613542 0.522685 0.013542 0.017593
2 0.690625 0.525000 0.022917 0.022222
7 0.713802 0.511574 0.020313 0.036111
4 0.821615 0.543056 0.058854 0.069444
5 0.987760 0.570370 0.021354 0.051852
5 0.993490 0.581944 0.011979 0.049074
7 0.890625 0.557407 0.014583 0.075926
7 0.824219 0.559722 0.010937 0.060185
7 0.852344 0.565278 0.022396 0.089815
7 0.876302 0.568519 0.023438 0.103704
7 0.920833 0.573148 0.031250 0.100000
7 0.951562 0.597222 0.033333 0.146296
7 0.973437 0.600926 0.031250 0.148148
3 0.434115 0.520833 0.010937 0.021296
7 0.440625 0.518519 0.008333 0.025926
4 0.524740 0.519907 0.022396 0.060185
5 0.416406 0.525000 0.010937 0.025926
5 0.410417 0.556019 0.016667 0.045370
0 0.282552 0.538426 0.118229 0.089815
5 0.035937 0.531481 0.047917 0.072222
7 0.104948 0.556944 0.042188 0.173148
5 0.013281 0.670833 0.025521 0.184259
7 0.366927 0.572685 0.019271 0.099074
4 0.476302 0.510648 0.089063 0.210185
5 0.564844 0.576852 0.025521 0.064815
6 0.565885 0.544444 0.023438 0.064815
0 0.732552 0.640278 0.181771 0.236111
7 0.713281 0.510648 0.021354 0.039815
7 0.093229 0.534722 0.018750 0.095370
4 0.543229 0.508796 0.013542 0.030556
3 0.556510 0.506481 0.006771 0.014815