7 0.369531 0.550000 0.004687 0.007407
7 0.372396 0.546296 0.004167 0.007407
7 0.363542 0.549537 0.004167 0.012037
7 0.367188 0.555093 0.005208 0.012037
7 0.394010 0.560185 0.017188 0.046296
7 0.417708 0.556019 0.008333 0.021296
7 0.425781 0.558796 0.011979 0.039815
7 0.435417 0.555556 0.011458 0.042593
6 0.441927 0.558333 0.017188 0.044444
5 0.438802 0.568981 0.020313 0.021296
7 0.459375 0.550463 0.013542 0.026852
6 0.452865 0.556944 0.023438 0.043519
5 0.453385 0.575926 0.027604 0.031481
2 0.465625 0.541204 0.033333 0.058333
7 0.487500 0.589352 0.015625 0.080556
7 0.471875 0.568981 0.021875 0.097222
7 0.500000 0.581481 0.023958 0.120370
7 0.555208 0.529630 0.011458 0.048148
7 0.542188 0.529167 0.026042 0.043519
7 0.577083 0.554167 0.023958 0.060185
6 0.573177 0.588889 0.028646 0.092593
5 0.564844 0.630093 0.038021 0.115741
5 0.621615 0.564352 0.038021 0.087963
5 0.579688 0.687500 0.069792 0.195370
6 0.584635 0.637037 0.070312 0.214815
5 0.649479 0.792593 0.134375 0.324074
6 0.630469 0.686574 0.080729 0.321296
6 0.660417 0.689352 0.121875 0.336111
6 0.401562 0.562037 0.019792 0.040741
6 0.413281 0.561574 0.019271 0.041667
0 0.380990 0.562963 0.031771 0.038889
6 0.353385 0.567593 0.009896 0.046296
6 0.358333 0.565278 0.016667 0.047222
5 0.355990 0.577315 0.016146 0.026852
7 0.348958 0.566204 0.011458 0.054630
7 0.345052 0.571296 0.009896 0.044444
7 0.336719 0.570833 0.010937 0.065741
7 0.322135 0.549074 0.005729 0.022222
7 0.330469 0.568519 0.015104 0.072222
7 0.330729 0.584722 0.011458 0.069444
7 0.317448 0.553704 0.006771 0.016667
7 0.323698 0.553241 0.005729 0.013889
7 0.304688 0.576852 0.008333 0.037037
7 0.323958 0.584722 0.015625 0.075000
7 0.308594 0.587500 0.018229 0.073148
7 0.313542 0.654167 0.026042 0.125000
7 0.249740 0.566667 0.033854 0.074074
7 0.218490 0.574537 0.032813 0.073148
0 0.107292 0.582870 0.066667 0.106481
7 0.169792 0.550463 0.010417 0.037963
7 0.188281 0.562037 0.011979 0.051852
7 0.134635 0.592130 0.031771 0.125000
7 0.157552 0.615278 0.027604 0.147222
7 0.175781 0.662500 0.046354 0.260185
7 0.194792 0.676852 0.026042 0.144444
7 0.250000 0.663426 0.041667 0.223148
7 0.279948 0.647685 0.039062 0.200926
7 0.214583 0.672685 0.048958 0.249074
7 0.050781 0.575000 0.021354 0.138889
7 0.036979 0.575000 0.030208 0.140741
5 0.122917 0.661574 0.100000 0.165741
5 0.071615 0.701389 0.141146 0.180556
0 0.416667 0.731019 0.185417 0.319444