13 0.372396 0.390741 0.013542 0.096296
5 0.255469 0.619907 0.061979 0.080556
6 0.255208 0.595370 0.029167 0.096296
2 0.341927 0.611574 0.150521 0.184259
5 0.715104 0.519907 0.008333 0.026852
6 0.714844 0.513426 0.008854 0.034259
5 0.862240 0.516667 0.009896 0.025926
6 0.860938 0.505093 0.011458 0.036111
4 0.882292 0.508333 0.016667 0.077778
5 0.829427 0.545370 0.021354 0.051852
6 0.827604 0.525463 0.019792 0.049074
1 0.943750 0.503704 0.112500 0.233333
5 0.151823 0.652778 0.083854 0.094444
6 0.155729 0.630556 0.038542 0.122222
6 0.182031 0.621759 0.027604 0.108333
5 0.075781 0.668519 0.092188 0.125926
6 0.071354 0.643981 0.030208 0.145370
6 0.088802 0.638889 0.032813 0.124074
6 0.098698 0.631944 0.034896 0.115741
5 0.147396 0.910185 0.113542 0.179630
6 0.094010 0.802315 0.186979 0.393519
5 0.634375 0.524074 0.014583 0.024074