4 0.613021 0.565278 0.012500 0.026852
5 0.609375 0.575000 0.006250 0.014815
6 0.609115 0.570833 0.008854 0.028704
0 0.630469 0.577315 0.016146 0.030556
7 0.620573 0.577315 0.006771 0.032407
7 0.618750 0.585648 0.009375 0.047222
6 0.635938 0.573148 0.007292 0.018519
5 0.630469 0.587037 0.014063 0.022222
6 0.590104 0.568519 0.008333 0.020370
5 0.631250 0.606481 0.012500 0.031481
7 0.656510 0.572685 0.011979 0.036111
7 0.644010 0.615741 0.024479 0.096296
4 0.738542 0.667130 0.160417 0.317593
7 0.763542 0.744907 0.070833 0.276852
7 0.685156 0.746759 0.064062 0.339815
6 0.585417 0.576389 0.012500 0.025000
7 0.560156 0.600463 0.018229 0.082407
7 0.535156 0.573148 0.013021 0.022222
7 0.549219 0.581481 0.014063 0.061111
7 0.519010 0.565278 0.010937 0.037963
7 0.506510 0.559722 0.006771 0.021296
7 0.510938 0.563426 0.009375 0.032407
7 0.463281 0.572685 0.021354 0.039815
7 0.446094 0.584722 0.019271 0.047222
7 0.473177 0.562500 0.019271 0.047222
0 0.530469 0.630093 0.057813 0.102778
7 0.520312 0.620833 0.021875 0.121296
7 0.502604 0.628241 0.018750 0.130556
7 0.478125 0.628704 0.019792 0.125926
7 0.510677 0.662500 0.023438 0.152778
7 0.488542 0.652315 0.032292 0.162037
7 0.468490 0.656019 0.030729 0.162037
7 0.427865 0.591204 0.019271 0.050926
7 0.358073 0.583796 0.009896 0.026852
7 0.348438 0.583333 0.006250 0.014815
7 0.341927 0.578241 0.006771 0.023148
7 0.438802 0.647685 0.023438 0.141667
7 0.448698 0.658333 0.039062 0.172222
5 0.334896 0.652778 0.041667 0.064815
6 0.324219 0.612963 0.019271 0.061111
7 0.266927 0.617593 0.010937 0.042593
7 0.339583 0.645370 0.026042 0.116667
7 0.250521 0.622222 0.037500 0.083333
5 0.243490 0.711574 0.088021 0.208333
5 0.291406 0.704630 0.084896 0.237037
5 0.406250 0.709722 0.037500 0.150926
6 0.595313 0.582407 0.017708 0.037037
5 0.616146 0.687963 0.027083 0.105556
6 0.612760 0.625926 0.021354 0.087037
6 0.609115 0.650463 0.033854 0.154630
5 0.576562 0.794444 0.085417 0.250000
6 0.574740 0.619907 0.039062 0.084259
6 0.575521 0.713426 0.096875 0.232407
6 0.574219 0.731944 0.081771 0.282407
7 0.129948 0.845833 0.154688 0.297222
7 0.958073 0.515741 0.026562 0.070370
7 0.372135 0.747222 0.111979 0.496296
5 0.911719 0.949537 0.172396 0.097222
6 0.904687 0.722222 0.026042 0.075926
6 0.876042 0.807870 0.071875 0.380556
6 0.950000 0.786111 0.095833 0.418519
6 0.978385 0.851852 0.041146 0.288889