5 0.935156 0.939352 0.095312 0.117593
6 0.980208 0.806944 0.037500 0.382407
6 0.474740 0.543981 0.006771 0.036111
6 0.480208 0.550000 0.006250 0.042593
6 0.500521 0.534722 0.005208 0.013889
5 0.502865 0.575926 0.014063 0.048148
6 0.501823 0.560185 0.015104 0.059259
5 0.518229 0.583796 0.023958 0.065741
6 0.518750 0.563889 0.023958 0.070370
5 0.535417 0.576852 0.016667 0.050000
6 0.530469 0.550926 0.011979 0.044444
6 0.534896 0.560648 0.016667 0.062037
5 0.552604 0.589815 0.028125 0.079630
6 0.550781 0.568981 0.026562 0.078704
5 0.567448 0.575463 0.019271 0.045370
6 0.566667 0.556944 0.015625 0.054630
5 0.587500 0.571759 0.026042 0.058333
7 0.579948 0.575000 0.016146 0.096296
0 0.633333 0.584259 0.056250 0.090741
5 0.649479 0.599074 0.028125 0.070370
5 0.609115 0.597222 0.030729 0.081481
6 0.610677 0.575000 0.020313 0.070370
6 0.610417 0.582870 0.031250 0.102778
5 0.687760 0.636574 0.053646 0.121296
5 0.708073 0.623148 0.036979 0.127778
5 0.744271 0.642593 0.056250 0.150000
6 0.925521 0.766667 0.101042 0.462963
7 0.490104 0.587037 0.023958 0.112963
5 0.470573 0.594444 0.024479 0.077778
5 0.448958 0.591204 0.030208 0.093519
7 0.433594 0.587500 0.019271 0.084259
7 0.424740 0.576389 0.013021 0.104630
7 0.416927 0.583333 0.016146 0.100000
7 0.408073 0.580556 0.016146 0.081481
5 0.359375 0.715741 0.082292 0.238889
5 0.217448 0.562963 0.017188 0.057407
6 0.469792 0.576389 0.027083 0.104630
7 0.380729 0.559722 0.017708 0.049074