3 0.505208 0.508333 0.010417 0.014815
3 0.494531 0.511111 0.007812 0.012963
4 0.511979 0.519444 0.011458 0.029630
0 0.520312 0.531944 0.012500 0.023148
3 0.530208 0.519444 0.008333 0.014815
3 0.546354 0.521759 0.019792 0.025000
4 0.580729 0.518056 0.036458 0.045370
3 0.601302 0.536574 0.007812 0.017593
6 0.609635 0.537037 0.008854 0.018519
3 0.626302 0.541204 0.013021 0.025000
4 0.646094 0.543981 0.024479 0.036111
4 0.679427 0.548148 0.030729 0.044444
7 0.668229 0.540278 0.011458 0.017593
7 0.701042 0.557870 0.009375 0.032407
2 0.776302 0.566667 0.027604 0.070370
7 0.814063 0.578241 0.016667 0.075000
4 0.871615 0.569444 0.076563 0.074074
4 0.990885 0.588889 0.017188 0.087037
5 0.756771 0.593981 0.025000 0.058333
6 0.756771 0.566204 0.019792 0.047222
3 0.486719 0.515278 0.005729 0.013889
3 0.487760 0.520370 0.005729 0.016667
5 0.490625 0.529167 0.004167 0.010185
6 0.490104 0.522685 0.005208 0.012037
4 0.499219 0.528704 0.013021 0.022222
3 0.479167 0.528241 0.011458 0.023148
0 0.468750 0.534259 0.017708 0.020370
3 0.462240 0.515741 0.006771 0.020370
3 0.466406 0.521759 0.010937 0.010185
4 0.429427 0.530093 0.069271 0.115741
7 0.338542 0.546296 0.016667 0.087037
7 0.350000 0.546759 0.019792 0.091667
0 0.036979 0.523611 0.072917 0.132407
7 0.480469 0.531481 0.007812 0.025926
5 0.496094 0.540278 0.006771 0.015741
6 0.496615 0.533796 0.009896 0.025000
5 0.508854 0.543519 0.007292 0.022222
6 0.509635 0.535648 0.009896 0.028704
5 0.469271 0.598611 0.029167 0.071296
6 0.469010 0.570833 0.026562 0.087963
0 0.131250 0.511574 0.017708 0.015741
0 0.356510 0.536111 0.017188 0.027778
3 0.318229 0.521759 0.009375 0.019444
5 0.615625 0.545370 0.005208 0.014815
5 0.669271 0.574074 0.015625 0.029630
6 0.671354 0.559259 0.012500 0.038889