5 0.956250 0.868981 0.084375 0.262037
5 0.752344 0.838889 0.133854 0.320370
6 0.703385 0.705093 0.051562 0.341667
6 0.753125 0.720370 0.112500 0.355556
5 0.675781 0.627315 0.056771 0.110185
5 0.642448 0.594444 0.030729 0.068519
0 0.623177 0.581481 0.056771 0.081481
5 0.604427 0.595833 0.026562 0.078704
6 0.604427 0.582870 0.031771 0.097222
5 0.378646 0.688889 0.067708 0.200000
7 0.412760 0.576389 0.014063 0.073148
7 0.385677 0.561111 0.014063 0.051852
7 0.423698 0.578704 0.017188 0.098148
7 0.427344 0.574074 0.014063 0.101852
7 0.436979 0.584259 0.016667 0.087037
5 0.450000 0.589352 0.028125 0.089815
5 0.470052 0.590741 0.023438 0.075926
6 0.472396 0.547685 0.009375 0.041667
6 0.469010 0.569907 0.020313 0.076852
7 0.485938 0.584722 0.020833 0.110185
7 0.491146 0.561111 0.017708 0.081481
6 0.496875 0.558333 0.007292 0.055556
5 0.497656 0.569444 0.022396 0.038889
5 0.509896 0.577778 0.023958 0.061111
6 0.511198 0.559722 0.019271 0.067593
5 0.527083 0.571296 0.017708 0.051852
5 0.540625 0.586574 0.025000 0.069444
5 0.559896 0.573611 0.022917 0.043519
5 0.581771 0.581481 0.029167 0.042593
7 0.574479 0.571759 0.016667 0.089815
6 0.559896 0.560185 0.017708 0.057407
6 0.540885 0.567593 0.019271 0.075926
6 0.526302 0.556019 0.016146 0.052778
6 0.606250 0.573611 0.018750 0.060185
6 0.976302 0.919907 0.044271 0.125000