7 0.686979 0.503704 0.005208 0.012963
2 0.710156 0.512037 0.013021 0.011111
0 0.675521 0.512963 0.007292 0.012963
0 0.688281 0.510648 0.009896 0.010185
6 0.694271 0.511111 0.007292 0.012963
7 0.684375 0.520833 0.007292 0.015741
7 0.682031 0.525000 0.006771 0.007407
4 0.636198 0.514815 0.058854 0.037037
6 0.632031 0.522685 0.006771 0.010185
6 0.637500 0.523611 0.008333 0.008333
7 0.523177 0.518519 0.016146 0.050000
7 0.736719 0.517130 0.008854 0.025000
7 0.726562 0.533796 0.018750 0.062037
7 0.721615 0.543519 0.020313 0.046296
7 0.742188 0.518519 0.009375 0.016667
7 0.782292 0.504167 0.009375 0.015741
7 0.751823 0.521759 0.015104 0.050926
7 0.762500 0.511574 0.014583 0.025000
4 0.853385 0.492593 0.131771 0.185185
2 0.805208 0.588426 0.100000 0.165741
5 0.817448 0.648611 0.023438 0.100926
6 0.817969 0.553241 0.031771 0.075000
6 0.808594 0.589815 0.033854 0.138889
7 0.759375 0.543056 0.015625 0.032407
7 0.764323 0.569444 0.018229 0.057407
7 0.753646 0.618981 0.042708 0.156481
7 0.806510 0.684259 0.048438 0.327778
7 0.777604 0.668519 0.042708 0.283333
0 0.470573 0.573611 0.130729 0.167593
7 0.492708 0.625926 0.059375 0.238889
7 0.349479 0.558333 0.023958 0.040741
7 0.339323 0.609259 0.041146 0.118519
7 0.877604 0.547685 0.020833 0.052778
7 0.297396 0.761111 0.101042 0.474074
7 0.353646 0.780556 0.087500 0.437037
7 0.426302 0.768981 0.166146 0.460185
7 0.542969 0.833796 0.198437 0.323148
7 0.017969 0.600000 0.034896 0.172222
7 0.855208 0.672685 0.063542 0.341667
7 0.068229 0.837037 0.134375 0.324074
0 0.648177 0.756944 0.334896 0.484259
7 0.966146 0.548148 0.040625 0.166667
7 0.980729 0.634259 0.036458 0.355556
7 0.936719 0.653704 0.090104 0.640741
7 0.914583 0.743981 0.131250 0.512037