7 0.445833 0.552315 0.005208 0.023148
0 0.441927 0.562500 0.011979 0.032407
3 0.458594 0.553704 0.018229 0.029630
5 0.457552 0.575000 0.018229 0.046296
6 0.459375 0.569907 0.018750 0.054630
7 0.473958 0.558796 0.013542 0.063889
7 0.482812 0.546759 0.008333 0.028704
7 0.486458 0.549537 0.009375 0.019444
7 0.503906 0.547685 0.007812 0.036111
5 0.542969 0.575000 0.029687 0.059259
7 0.587240 0.524537 0.023438 0.041667
5 0.638542 0.569907 0.021875 0.032407
7 0.654948 0.548148 0.023438 0.085185
5 0.675000 0.592130 0.078125 0.110185
7 0.621875 0.613426 0.038542 0.158333
7 0.593490 0.637500 0.065104 0.215741
6 0.826823 0.555556 0.026562 0.079630
6 0.856771 0.554167 0.060417 0.099074
0 0.739323 0.791204 0.521354 0.417593
7 0.437240 0.566204 0.008854 0.054630
7 0.432812 0.569444 0.011458 0.057407
7 0.415885 0.651852 0.044271 0.255556
7 0.433594 0.652778 0.024479 0.200000
7 0.455208 0.673611 0.030208 0.156481
7 0.484896 0.662963 0.042708 0.231481
7 0.494792 0.616204 0.029167 0.186111
7 0.509375 0.639352 0.054167 0.263889
7 0.386719 0.553241 0.008854 0.032407
7 0.374219 0.562963 0.009896 0.022222
7 0.381510 0.572222 0.014063 0.053704
7 0.368750 0.575463 0.013542 0.039815
7 0.394792 0.574074 0.014583 0.051852
7 0.386979 0.662500 0.035417 0.189815
7 0.360677 0.637037 0.041146 0.196296
5 0.336719 0.577778 0.019271 0.040741
7 0.315625 0.603241 0.028125 0.132407
7 0.287500 0.576852 0.025000 0.075926
7 0.359896 0.634722 0.040625 0.191667
7 0.378385 0.713889 0.041146 0.200000
5 0.302083 0.637037 0.030208 0.064815
0 0.224740 0.586574 0.046354 0.091667
7 0.203125 0.578704 0.025000 0.101852
5 0.239844 0.622685 0.038021 0.091667
5 0.218750 0.633796 0.047917 0.108333
7 0.262760 0.748148 0.064062 0.325926
7 0.257031 0.568519 0.015104 0.059259
7 0.279948 0.702778 0.052604 0.303704
7 0.333073 0.730093 0.063021 0.306481
7 0.230729 0.794444 0.056250 0.292593
7 0.185156 0.781019 0.085938 0.437963
7 0.121094 0.734722 0.116146 0.530556
7 0.017708 0.604630 0.034375 0.194444