3 0.474219 0.524537 0.003646 0.006481
4 0.466406 0.525000 0.005729 0.016667
4 0.460156 0.525463 0.008854 0.013889
3 0.476302 0.525463 0.003646 0.010185
0 0.530469 0.540741 0.006771 0.011111
0 0.542969 0.541204 0.007812 0.012037
0 0.590885 0.564815 0.036979 0.048148
5 0.721615 0.595370 0.026562 0.062963
6 0.723177 0.580556 0.018229 0.062963
5 0.802604 0.623148 0.035417 0.066667
6 0.793490 0.591204 0.017188 0.076852
6 0.800781 0.599537 0.024479 0.084259
4 0.480208 0.528704 0.007292 0.025926
0 0.454427 0.529630 0.009896 0.012963
1 0.486458 0.533333 0.017708 0.033333
0 0.492448 0.542593 0.019271 0.040741
3 0.471615 0.529167 0.005729 0.010185
5 0.467969 0.546759 0.005729 0.012037
6 0.468229 0.535648 0.006250 0.013889
5 0.470573 0.549074 0.005729 0.020370
5 0.458854 0.554630 0.009375 0.016667
6 0.459635 0.544907 0.009896 0.026852
0 0.442969 0.543981 0.009896 0.017593
5 0.449479 0.545370 0.004167 0.011111
6 0.450260 0.539815 0.006771 0.018519
6 0.436979 0.533333 0.009375 0.022222
5 0.433333 0.566667 0.016667 0.044444
6 0.434115 0.550463 0.019271 0.060185
5 0.390625 0.561574 0.018750 0.049074
6 0.394531 0.540741 0.008854 0.040741
6 0.390365 0.546296 0.019271 0.057407
7 0.446094 0.539815 0.003646 0.016667