3 0.510677 0.536111 0.005729 0.012963
4 0.502604 0.543519 0.014583 0.025926
3 0.493750 0.544444 0.005208 0.014815
4 0.517188 0.543981 0.008333 0.015741
4 0.527083 0.534722 0.018750 0.052778
4 0.555208 0.531944 0.044792 0.093519
3 0.597656 0.555093 0.006771 0.013889
4 0.615365 0.525926 0.016146 0.018519
4 0.648958 0.506019 0.061458 0.062037
0 0.797656 0.573611 0.034896 0.056481
4 0.708073 0.550463 0.065104 0.108333
13 0.658333 0.359259 0.010417 0.020370
13 0.655990 0.415741 0.011979 0.087037
5 0.766406 0.783333 0.064062 0.188889
6 0.743229 0.578704 0.037500 0.124074
6 0.765365 0.613426 0.060937 0.208333
6 0.727865 0.634722 0.061979 0.199074
5 0.070312 0.504630 0.031250 0.046296
7 0.121615 0.506481 0.014063 0.046296
5 0.163542 0.541667 0.042708 0.050000
5 0.140625 0.533796 0.029167 0.028704
6 0.145313 0.503704 0.016667 0.040741
4 0.348438 0.506944 0.292708 0.178704
5 0.073438 0.757870 0.065625 0.152778
6 0.087500 0.618519 0.051042 0.155556
6 0.167448 0.624537 0.043229 0.058333
5 0.194531 0.635185 0.022396 0.038889
5 0.278906 0.742593 0.085938 0.246296
6 0.276562 0.703241 0.078125 0.325000
6 0.250000 0.684722 0.091667 0.275000
5 0.472135 0.816204 0.131771 0.363889
6 0.478125 0.740278 0.123958 0.419444
5 0.890365 0.780093 0.109896 0.297222
6 0.920833 0.712037 0.111458 0.396296
6 0.942187 0.735185 0.113542 0.433333
5 0.653385 0.842130 0.199479 0.313889
6 0.659635 0.761574 0.190104 0.475000
5 0.945312 0.875926 0.107292 0.246296
6 0.954427 0.821296 0.086979 0.105556
5 0.009375 0.659259 0.017708 0.075926
5 0.173698 0.847685 0.174479 0.302778
6 0.008594 0.659259 0.011979 0.031481
6 0.223177 0.770833 0.147396 0.454630
5 0.041406 0.809259 0.081771 0.285185
6 0.167708 0.766667 0.178125 0.446296
6 0.026823 0.841204 0.051562 0.313889
5 0.395313 0.880556 0.182292 0.235185
6 0.389583 0.773611 0.143750 0.445370
7 0.041927 0.494444 0.011979 0.055556