7 0.513281 0.556019 0.005729 0.017593
7 0.522396 0.555556 0.007292 0.016667
6 0.530208 0.562963 0.009375 0.035185
5 0.529167 0.573611 0.008333 0.026852
7 0.471875 0.555556 0.006250 0.018519
7 0.466406 0.559722 0.009896 0.025000
7 0.457031 0.559259 0.013021 0.031481
7 0.462760 0.555093 0.006771 0.013889
7 0.442708 0.550000 0.010417 0.022222
7 0.429948 0.573611 0.016146 0.087963
6 0.442188 0.565278 0.016667 0.045370
6 0.448437 0.565741 0.013542 0.044444
0 0.491146 0.563889 0.043750 0.038889
6 0.490625 0.555093 0.022917 0.034259
6 0.533073 0.566204 0.017188 0.058333
6 0.544271 0.578704 0.034375 0.096296
5 0.544531 0.636574 0.036979 0.110185
2 0.571354 0.548611 0.040625 0.078704
7 0.563542 0.573148 0.014583 0.072222
5 0.578646 0.589815 0.035417 0.066667
7 0.587760 0.566667 0.020313 0.090741
5 0.602865 0.591204 0.024479 0.067593
7 0.614323 0.603241 0.019271 0.100926
7 0.664323 0.532407 0.029687 0.062963
7 0.665625 0.580556 0.031250 0.127778
7 0.637760 0.611574 0.036979 0.200926
6 0.729427 0.594907 0.041146 0.117593
5 0.751302 0.655093 0.056771 0.182407
6 0.656510 0.677778 0.050521 0.201852
6 0.671615 0.687037 0.066146 0.294444
6 0.680469 0.706019 0.068229 0.284259
6 0.695312 0.701852 0.095833 0.320370
5 0.765625 0.570370 0.055208 0.096296
5 0.832812 0.584259 0.058333 0.081481
5 0.851823 0.663889 0.138021 0.205556
7 0.389323 0.581944 0.013021 0.052778
7 0.397135 0.583796 0.007812 0.050926
7 0.404427 0.556944 0.003646 0.012037
7 0.415104 0.556481 0.007292 0.016667
7 0.418490 0.583796 0.013021 0.075000
7 0.425260 0.550000 0.005729 0.020370
5 0.385417 0.582870 0.009375 0.034259
7 0.408073 0.661111 0.026562 0.125926
7 0.409375 0.600463 0.036458 0.126852
7 0.367708 0.568981 0.007292 0.028704
7 0.379688 0.649074 0.017708 0.137037
7 0.344010 0.580556 0.016146 0.038889
7 0.332813 0.622685 0.039583 0.193519
7 0.306771 0.570833 0.030208 0.071296
7 0.247917 0.580093 0.015625 0.097222
7 0.326042 0.664815 0.053125 0.222222
7 0.359115 0.649537 0.042188 0.200926
7 0.247656 0.597222 0.028646 0.159259
7 0.264844 0.657407 0.040104 0.259259
7 0.291667 0.668981 0.051042 0.245370
5 0.219531 0.661574 0.081771 0.145370
0 0.169792 0.594907 0.103125 0.137963
8 0.140365 0.610648 0.039062 0.065741
6 0.137760 0.594907 0.039062 0.082407
7 0.179167 0.607870 0.028125 0.160185
7 0.165885 0.603241 0.035937 0.163889
7 0.082292 0.572222 0.033333 0.146296
5 0.142187 0.710185 0.137500 0.190741
7 0.040885 0.796759 0.080729 0.406481
5 0.067448 0.764352 0.128646 0.241667
0 0.484635 0.677778 0.134896 0.225926
5 0.686719 0.773148 0.118229 0.309259