7 0.572917 0.562500 0.009375 0.021296
7 0.639844 0.586111 0.008854 0.072222
5 0.681250 0.570833 0.019792 0.021296
7 0.650781 0.612037 0.024479 0.138889
7 0.694271 0.523148 0.011458 0.020370
7 0.741406 0.683333 0.046354 0.237037
7 0.989062 0.755093 0.021875 0.293519
2 0.607812 0.630093 0.073958 0.171296
2 0.551823 0.553704 0.018229 0.016667
0 0.563281 0.583796 0.034896 0.056481
7 0.518750 0.562500 0.018750 0.045370
7 0.502083 0.546759 0.011458 0.030556
7 0.500260 0.557407 0.011979 0.037037
7 0.495573 0.538426 0.004687 0.015741
7 0.491406 0.555556 0.009896 0.044444
7 0.528385 0.573611 0.013021 0.050926
7 0.521354 0.593519 0.011458 0.068519
7 0.511458 0.609722 0.016667 0.091667
7 0.501302 0.570833 0.014063 0.025000
7 0.500260 0.614352 0.018229 0.100926
7 0.472656 0.575926 0.005729 0.011111
7 0.468750 0.575463 0.009375 0.030556
7 0.476042 0.577315 0.008333 0.021296
7 0.483854 0.620370 0.028125 0.146296
7 0.460677 0.614815 0.023438 0.127778
7 0.459375 0.695833 0.022917 0.149074
7 0.412240 0.646296 0.038021 0.116667
7 0.403906 0.729630 0.024479 0.168519
7 0.445052 0.736574 0.040104 0.200926
7 0.412500 0.741204 0.033333 0.200926
7 0.169271 0.790278 0.108333 0.415741
7 0.035156 0.791667 0.069271 0.416667
5 0.541667 0.634259 0.042708 0.109259
6 0.542969 0.610185 0.030729 0.109259
6 0.536979 0.608333 0.036458 0.112963