7 0.023438 0.794444 0.045833 0.174074
5 0.200521 0.854630 0.206250 0.288889
7 0.158854 0.593056 0.011458 0.117593
7 0.172917 0.655093 0.035417 0.189815
5 0.255990 0.670833 0.129688 0.117593
6 0.217969 0.612500 0.028646 0.093519
6 0.246354 0.580556 0.023958 0.057407
7 0.234896 0.640278 0.036458 0.156481
7 0.290625 0.569444 0.012500 0.027778
7 0.298438 0.601852 0.013542 0.094444
7 0.312240 0.625926 0.018229 0.083333
7 0.352083 0.622685 0.018750 0.089815
7 0.417969 0.600926 0.022396 0.053704
7 0.405208 0.593056 0.021875 0.050926
7 0.402083 0.628704 0.034375 0.127778
7 0.390365 0.629630 0.036979 0.155556
7 0.455469 0.711574 0.084896 0.478704
7 0.367448 0.790278 0.108854 0.417593
7 0.471354 0.565741 0.021875 0.055556
7 0.482812 0.573611 0.028125 0.071296
7 0.505990 0.640278 0.045312 0.199074
7 0.482812 0.528704 0.009375 0.022222
7 0.488802 0.530556 0.008854 0.025926
7 0.496875 0.527778 0.010417 0.022222
7 0.504687 0.538889 0.013542 0.042593
0 0.527865 0.636111 0.074479 0.162963
7 0.522135 0.535648 0.013021 0.037963
5 0.516667 0.554167 0.012500 0.021296
7 0.548177 0.546296 0.009896 0.027778
5 0.560937 0.592130 0.022917 0.069444
6 0.561979 0.580556 0.025000 0.092593
5 0.577083 0.556481 0.009375 0.022222
6 0.577083 0.549537 0.009375 0.032407
6 0.568750 0.540741 0.007292 0.022222
7 0.566146 0.543981 0.005208 0.023148
2 0.574219 0.542593 0.011979 0.029630
4 0.588281 0.543056 0.021354 0.041667
5 0.595833 0.567593 0.013542 0.038889
6 0.597917 0.542593 0.008333 0.020370
6 0.596354 0.554630 0.011458 0.046296
5 0.608594 0.549537 0.009896 0.021296
7 0.612500 0.535185 0.006250 0.016667
7 0.618490 0.543056 0.007812 0.023148
7 0.613542 0.558333 0.009375 0.042593
0 0.623698 0.545370 0.014063 0.024074
7 0.624740 0.570370 0.014063 0.062963
7 0.635677 0.540741 0.006771 0.018519
3 0.636198 0.557407 0.016146 0.018519
5 0.645833 0.563889 0.013542 0.025926
5 0.649740 0.575463 0.033854 0.062037
5 0.693229 0.595370 0.017708 0.059259
7 0.719531 0.594444 0.032813 0.064815
7 0.723698 0.741667 0.071354 0.353704
7 0.684115 0.761111 0.107813 0.431481
7 0.911979 0.696296 0.176042 0.607407