4 0.509896 0.509722 0.015625 0.028704
4 0.508073 0.514815 0.015104 0.033333
7 0.494271 0.527315 0.005208 0.026852
7 0.491667 0.528704 0.006250 0.029630
7 0.323698 0.517130 0.007812 0.019444
5 0.427865 0.534259 0.021354 0.029630
3 0.523698 0.534259 0.004687 0.005556
5 0.534115 0.531481 0.004687 0.016667
6 0.534115 0.524074 0.005729 0.016667
0 0.546354 0.533333 0.019792 0.027778
0 0.700521 0.528241 0.037500 0.026852
5 0.658073 0.537963 0.008854 0.022222
6 0.657813 0.530556 0.006250 0.018519
0 0.755208 0.525463 0.019792 0.026852
4 0.897917 0.515741 0.085417 0.068519
4 0.977865 0.518981 0.043229 0.087963
5 0.517188 0.535648 0.011458 0.026852
6 0.517708 0.530093 0.009375 0.025000
5 0.507031 0.553704 0.014063 0.037037
6 0.506771 0.542593 0.014583 0.044444
7 0.470052 0.560648 0.015104 0.067593
5 0.671354 0.539352 0.010417 0.025000
6 0.670833 0.534259 0.010417 0.031481
5 0.683333 0.541667 0.011458 0.024074
6 0.682292 0.534259 0.010417 0.031481
5 0.642969 0.549074 0.022396 0.035185
6 0.634115 0.530093 0.004687 0.021296
6 0.640104 0.539815 0.012500 0.044444
4 0.816927 0.514815 0.103646 0.120370
2 0.896354 0.564352 0.045833 0.086111
5 0.930469 0.756019 0.138021 0.304630
6 0.921875 0.664815 0.113542 0.322222
4 0.616667 0.526852 0.076042 0.072222
5 0.701042 0.604167 0.052083 0.115741
6 0.696875 0.579167 0.044792 0.128704
7 0.988542 0.537963 0.010417 0.037037