3 0.623958 0.509722 0.011458 0.015741
5 0.629687 0.511111 0.005208 0.011111
5 0.634635 0.515741 0.004687 0.011111
4 0.648438 0.506944 0.010417 0.026852
5 0.439844 0.542593 0.029687 0.040741
3 0.578646 0.515278 0.006250 0.008333
3 0.589063 0.514815 0.003125 0.007407
3 0.585417 0.524074 0.008333 0.018519
0 0.575781 0.530093 0.018229 0.026852
5 0.595833 0.549074 0.015625 0.038889
6 0.593750 0.537500 0.008333 0.052778
6 0.596875 0.532870 0.014583 0.047222
0 0.804948 0.644444 0.214062 0.238889
5 0.501042 0.529167 0.011458 0.015741
5 0.537760 0.535185 0.011979 0.024074
6 0.537240 0.528704 0.013021 0.027778
5 0.525781 0.557407 0.017188 0.046296
6 0.526042 0.543519 0.017708 0.057407
5 0.548438 0.622685 0.046875 0.143519
6 0.548177 0.585648 0.048438 0.150926
6 0.630469 0.503704 0.004687 0.009259
6 0.633594 0.510648 0.003646 0.010185
7 0.658073 0.513426 0.004687 0.021296