7 0.688021 0.502315 0.005208 0.012037
7 0.693750 0.503241 0.006250 0.013889
7 0.739062 0.515278 0.006250 0.019444
0 0.691667 0.511111 0.010417 0.011111
6 0.695312 0.512500 0.008333 0.013889
6 0.682031 0.518519 0.007812 0.024074
6 0.686719 0.519444 0.006771 0.020370
2 0.710417 0.512963 0.013542 0.012963
6 0.702083 0.517130 0.005208 0.008333
4 0.760938 0.511574 0.028125 0.023148
6 0.751302 0.516667 0.009896 0.016667
7 0.742969 0.524074 0.009896 0.027778
7 0.733854 0.538426 0.010417 0.039815
7 0.727865 0.533333 0.021354 0.059259
7 0.720313 0.536111 0.012500 0.029630
4 0.637760 0.516204 0.058854 0.032407
7 0.524219 0.515741 0.014063 0.046296
6 0.635677 0.524537 0.008854 0.013889
0 0.472917 0.590741 0.130208 0.205556
7 0.496354 0.609259 0.062500 0.188889
7 0.349740 0.560185 0.026562 0.044444
7 0.340625 0.612037 0.039583 0.125926
7 0.297396 0.758796 0.098958 0.478704
7 0.019271 0.599537 0.034375 0.173148
7 0.079427 0.779167 0.157812 0.439815
7 0.355208 0.780556 0.091667 0.437037
7 0.424219 0.767130 0.160938 0.462037
0 0.651302 0.757407 0.335938 0.481481
7 0.537500 0.836111 0.201042 0.320370
2 0.808854 0.599074 0.103125 0.185185
5 0.819792 0.645370 0.020833 0.100000
6 0.816146 0.552315 0.025000 0.080556
6 0.812500 0.583333 0.028125 0.127778
7 0.762760 0.556019 0.017188 0.058333
7 0.757031 0.631481 0.042188 0.177778
7 0.813281 0.685185 0.051562 0.324074
7 0.779427 0.656944 0.043229 0.269444
7 0.859375 0.671759 0.059375 0.345370
4 0.859635 0.477315 0.140104 0.165741
7 0.984896 0.622685 0.028125 0.367593
7 0.963802 0.602315 0.046354 0.306481
7 0.940104 0.662037 0.083333 0.612963
7 0.907552 0.747222 0.157812 0.503704