3 0.507552 0.575000 0.006771 0.011111
2 0.512500 0.574537 0.008333 0.015741
0 0.527344 0.572222 0.008854 0.016667
5 0.535677 0.574074 0.010937 0.024074
6 0.535156 0.564352 0.010937 0.032407
5 0.521615 0.572685 0.016146 0.034259
6 0.520312 0.562037 0.014583 0.038889
4 0.436198 0.526852 0.043229 0.127778
4 0.407031 0.528241 0.072396 0.154630
5 0.125260 0.586111 0.024479 0.075926
5 0.228646 0.600926 0.037500 0.057407
10 0.480729 0.562963 0.008333 0.011111
10 0.471354 0.557870 0.009375 0.008333
5 0.447917 0.578241 0.019792 0.045370
6 0.448958 0.563426 0.019792 0.054630
7 0.272656 0.611574 0.041146 0.187963
5 0.495312 0.574074 0.010417 0.025926
6 0.496354 0.562500 0.011458 0.025000
0 0.638542 0.561574 0.040625 0.045370
5 0.202344 0.607407 0.026562 0.075926
4 0.720833 0.552778 0.016667 0.051852
3 0.677344 0.567130 0.013021 0.036111