2 0.116406 0.735185 0.231771 0.525926
5 0.282031 0.672685 0.106771 0.175000
5 0.263542 0.711111 0.090625 0.246296
7 0.379427 0.545370 0.010937 0.048148
0 0.411719 0.570833 0.053646 0.049074
7 0.430990 0.633796 0.030729 0.195370
7 0.471094 0.627778 0.036979 0.201852
5 0.492969 0.569444 0.011979 0.025926
7 0.478646 0.550000 0.010417 0.029630
5 0.511719 0.565741 0.024479 0.031481
5 0.552344 0.603241 0.027604 0.063889
6 0.553646 0.582407 0.023958 0.077778
8 0.597396 0.616204 0.025000 0.078704
6 0.598958 0.593981 0.028125 0.099074
7 0.627344 0.607870 0.024479 0.108333
0 0.744792 0.552778 0.018750 0.031481
6 0.755208 0.546759 0.006250 0.019444
6 0.744792 0.544444 0.009375 0.018519
0 0.730729 0.566204 0.038542 0.052778
5 0.901823 0.744444 0.193229 0.327778