0 0.495573 0.563889 0.028646 0.029630
0 0.589844 0.594444 0.045312 0.081481
0 0.766406 0.653704 0.143229 0.205556
0 0.912240 0.607870 0.154688 0.137963
1 0.785937 0.532407 0.084375 0.055556
2 0.724479 0.543519 0.018750 0.018519
5 0.630208 0.590278 0.017708 0.047222
5 0.653125 0.595833 0.020833 0.058333
5 0.577865 0.609259 0.023438 0.066667
6 0.629427 0.579167 0.014063 0.056481
6 0.655208 0.586111 0.016667 0.059259
6 0.574219 0.570833 0.013021 0.054630
6 0.579948 0.589815 0.021354 0.088889
7 0.556771 0.609259 0.022917 0.085185
7 0.541667 0.597222 0.022917 0.109259
7 0.919792 0.634259 0.022917 0.183333
7 0.923698 0.656944 0.041146 0.202778
7 0.950260 0.650000 0.044271 0.227778
7 0.977083 0.653704 0.029167 0.203704
7 0.992969 0.643519 0.013021 0.188889
0 0.567969 0.561111 0.013021 0.029630
7 0.521094 0.594444 0.021354 0.114815
7 0.500000 0.604630 0.010417 0.100000
7 0.506250 0.620370 0.019792 0.125926
7 0.492969 0.606944 0.014063 0.143519
7 0.471615 0.606944 0.023438 0.108333
7 0.450781 0.598148 0.019271 0.114815
7 0.435937 0.605093 0.019792 0.084259
0 0.355469 0.581481 0.043229 0.055556
7 0.378906 0.574074 0.013021 0.053704
7 0.419531 0.574074 0.018229 0.070370
5 0.404167 0.643056 0.084375 0.099074
6 0.394271 0.611574 0.034375 0.160185
7 0.358854 0.580556 0.027083 0.105556
7 0.328646 0.575926 0.020833 0.094444
7 0.291406 0.607407 0.018229 0.150000
7 0.308073 0.603241 0.026562 0.173148
7 0.262500 0.609722 0.017708 0.154630
7 0.274740 0.610648 0.026562 0.167593
5 0.336979 0.646296 0.070833 0.129630
0 0.246615 0.611111 0.100521 0.142593
7 0.169010 0.550000 0.013021 0.016667
0 0.124479 0.625463 0.166667 0.141667
5 0.119010 0.656019 0.066146 0.095370
7 0.070573 0.654167 0.057813 0.152778
5 0.028125 0.635648 0.042708 0.065741
7 0.014063 0.667593 0.028125 0.129630