0 0.070573 0.731481 0.139063 0.372222
5 0.148698 0.821759 0.135937 0.297222
6 0.170833 0.720833 0.079167 0.310185
6 0.136458 0.713889 0.108333 0.348148
6 0.408594 0.546759 0.016146 0.026852
0 0.437500 0.700000 0.204167 0.298148
1 0.505990 0.516204 0.033854 0.032407
1 0.556250 0.524074 0.043750 0.074074
3 0.531510 0.557407 0.039062 0.077778
6 0.517448 0.519907 0.010937 0.017593
6 0.528646 0.504630 0.011458 0.051852
6 0.530990 0.507407 0.014063 0.050000
0 0.558073 0.559259 0.017188 0.044444
0 0.580729 0.550926 0.025000 0.027778
3 0.582031 0.524537 0.008854 0.015741
3 0.591146 0.524074 0.009375 0.020370
1 0.616406 0.531019 0.041146 0.058333
0 0.585156 0.535185 0.015104 0.012963
6 0.626823 0.545370 0.010937 0.022222
0 0.598437 0.573611 0.051042 0.067593
0 0.647656 0.606944 0.083854 0.123148
3 0.679427 0.546759 0.007812 0.021296
2 0.698698 0.557870 0.035937 0.065741
3 0.719531 0.539815 0.016146 0.024074
0 0.724479 0.555556 0.021875 0.020370
6 0.788802 0.544907 0.016146 0.028704
7 0.894010 0.585185 0.023438 0.094444
7 0.923958 0.582870 0.016667 0.091667
5 0.951042 0.587037 0.037500 0.057407
5 0.975260 0.590278 0.042188 0.062037
7 0.817708 0.544444 0.011458 0.024074
0 0.540104 0.585648 0.020833 0.087963
5 0.566927 0.609722 0.026562 0.082407
6 0.566927 0.581481 0.029687 0.096296
5 0.594792 0.631481 0.039583 0.111111
6 0.596094 0.596296 0.039062 0.124074
5 0.656250 0.761574 0.108333 0.267593
6 0.648958 0.666204 0.096875 0.276852
0 0.801042 0.694907 0.244792 0.287963
9 0.625000 0.218056 0.006250 0.008333
9 0.645573 0.171296 0.005729 0.007407
9 0.645312 0.225000 0.006250 0.011111
9 0.636198 0.231481 0.003646 0.007407
9 0.625781 0.234722 0.002604 0.006481
9 0.617448 0.228704 0.003646 0.007407
9 0.620052 0.237963 0.002604 0.007407
9 0.611198 0.239352 0.002604 0.006481
9 0.576042 0.231019 0.005208 0.010185
9 0.603385 0.263889 0.003646 0.005556
9 0.601302 0.273611 0.003646 0.004630
9 0.600260 0.284259 0.003646 0.007407
9 0.595833 0.305093 0.003125 0.006481
9 0.594531 0.309722 0.003646 0.006481
9 0.592708 0.324074 0.004167 0.005556
9 0.591146 0.329167 0.003125 0.008333
9 0.589323 0.335648 0.003646 0.004630
9 0.587240 0.340278 0.003646 0.004630
9 0.585417 0.350463 0.003125 0.010185
9 0.580729 0.361574 0.006250 0.010185
9 0.578125 0.368056 0.003125 0.004630
9 0.574740 0.375463 0.003646 0.006481
9 0.572917 0.380556 0.004167 0.007407
9 0.560417 0.387037 0.003125 0.005556