9 0.483854 0.601389 0.015625 0.017593
5 0.553125 0.587963 0.015625 0.044444
5 0.419271 0.593056 0.016667 0.037963
7 0.412240 0.578704 0.015104 0.068519
7 0.400000 0.580093 0.012500 0.063889
7 0.391406 0.655556 0.038021 0.161111
7 0.373698 0.664815 0.039062 0.148148
3 0.123438 0.552315 0.035417 0.062037
0 0.240625 0.654630 0.183333 0.235185
2 0.018750 0.560185 0.037500 0.081481
5 0.017188 0.589815 0.029167 0.037037
5 0.066406 0.599074 0.026562 0.020370
5 0.076563 0.641667 0.036458 0.083333
5 0.004167 0.648611 0.008333 0.091667
7 0.048698 0.632407 0.053646 0.194444
5 0.034115 0.635648 0.061979 0.089815
7 0.509896 0.564352 0.009375 0.023148