0 0.486458 0.527778 0.012500 0.022222
6 0.498177 0.531481 0.007812 0.022222
5 0.498177 0.538426 0.007812 0.017593
1 0.523958 0.520833 0.016667 0.028704
7 0.510938 0.543056 0.009375 0.043519
6 0.466667 0.528241 0.006250 0.017593
5 0.466146 0.534259 0.006250 0.012963
0 0.476562 0.528704 0.011458 0.018519
6 0.481250 0.529630 0.007292 0.020370
5 0.482292 0.536574 0.007292 0.019444
6 0.474479 0.532407 0.009375 0.025926
5 0.474479 0.540741 0.008333 0.022222
5 0.533594 0.578704 0.023438 0.064815
6 0.534115 0.561111 0.021354 0.077778
6 0.535677 0.562037 0.020313 0.079630
1 0.565885 0.523148 0.046354 0.066667
0 0.695573 0.561111 0.065104 0.079630
4 0.814063 0.545833 0.050000 0.086111
6 0.776563 0.554167 0.021875 0.063889
5 0.777604 0.580093 0.029167 0.067593
0 0.860417 0.536111 0.020833 0.024074
5 0.907813 0.598148 0.041667 0.075926
6 0.894271 0.575000 0.021875 0.079630
6 0.905729 0.570833 0.022917 0.078704
7 0.449740 0.527315 0.004687 0.017593
7 0.451562 0.528241 0.004167 0.021296
7 0.434115 0.527315 0.005729 0.023148
6 0.443490 0.534722 0.008854 0.026852
5 0.443750 0.539815 0.011458 0.024074
7 0.428906 0.525926 0.004687 0.020370
0 0.390885 0.528241 0.016146 0.025000
6 0.414583 0.580556 0.037500 0.111111
5 0.415625 0.609722 0.032292 0.097222
0 0.168750 0.521296 0.022917 0.075926
0 0.199740 0.496759 0.017188 0.017593
0 0.144792 0.520833 0.040625 0.086111
4 0.066406 0.495370 0.131771 0.257407
1 0.292448 0.520370 0.183854 0.268519