7 0.600521 0.528241 0.003125 0.010185
2 0.606510 0.546759 0.010937 0.025000
7 0.672396 0.588889 0.017708 0.087037
5 0.718750 0.611574 0.031250 0.058333
3 0.595573 0.540278 0.010937 0.019444
7 0.579948 0.540741 0.005729 0.016667
7 0.587760 0.539815 0.004687 0.018519
7 0.584375 0.538889 0.004167 0.018519
0 0.594010 0.575463 0.024479 0.049074
5 0.596094 0.591204 0.014063 0.056481
6 0.594010 0.581944 0.015104 0.071296
7 0.604948 0.554167 0.004687 0.013889
3 0.572396 0.556481 0.009375 0.022222
7 0.561719 0.554630 0.004687 0.033333
7 0.558333 0.554630 0.004167 0.029630
5 0.545833 0.571759 0.010417 0.013889
6 0.546615 0.563889 0.008854 0.033333
6 0.553646 0.562500 0.010417 0.039815
6 0.546094 0.567593 0.005729 0.018519
7 0.564583 0.579630 0.007292 0.037037
6 0.588802 0.590741 0.018229 0.090741
5 0.577344 0.625463 0.032813 0.089815
6 0.577865 0.584259 0.031771 0.081481
2 0.638021 0.606944 0.062500 0.147222
7 0.534115 0.547222 0.004687 0.012963
7 0.541146 0.546296 0.005208 0.016667
7 0.539062 0.555093 0.008333 0.023148
7 0.529687 0.550463 0.011458 0.021296
7 0.518229 0.548611 0.011458 0.017593
0 0.529687 0.587500 0.062500 0.065741
7 0.480469 0.567130 0.007812 0.039815
7 0.492708 0.560648 0.008333 0.025000
7 0.510156 0.592130 0.010937 0.093519
7 0.413281 0.572222 0.008854 0.055556
7 0.419792 0.539815 0.011458 0.018519
7 0.433333 0.536574 0.008333 0.015741
7 0.441667 0.535185 0.006250 0.018519
7 0.420312 0.574074 0.009375 0.048148
2 0.450000 0.580556 0.059375 0.074074
5 0.458073 0.597685 0.039062 0.045370
6 0.455729 0.583333 0.014583 0.048148
7 0.484375 0.584722 0.017708 0.073148
7 0.500521 0.600463 0.023958 0.126852
7 0.488021 0.625000 0.016667 0.075926
5 0.425260 0.627315 0.091146 0.102778
7 0.614844 0.535185 0.004687 0.011111
5 0.898698 0.620833 0.059896 0.130556
0 0.833333 0.648148 0.168750 0.179630
7 0.742708 0.638426 0.032292 0.189815
7 0.767969 0.661111 0.042188 0.227778
7 0.790885 0.584259 0.017188 0.033333
7 0.798438 0.662963 0.030208 0.203704
7 0.848958 0.662037 0.044792 0.259259
7 0.812240 0.708796 0.040104 0.171296