3 0.431771 0.547685 0.006250 0.012037
5 0.405990 0.547685 0.005729 0.013889
5 0.413802 0.547222 0.006771 0.014815
6 0.406510 0.541204 0.006771 0.021296
6 0.413021 0.538889 0.008333 0.024074
5 0.428646 0.547685 0.005208 0.017593
6 0.427344 0.537500 0.005729 0.017593
5 0.421094 0.564815 0.015104 0.037037
6 0.421354 0.550000 0.015625 0.046296
3 0.379948 0.548611 0.023438 0.045370
0 0.506250 0.545370 0.007292 0.012963
7 0.375260 0.549074 0.009896 0.038889
5 0.519010 0.548148 0.006771 0.011111
6 0.519531 0.542130 0.005729 0.013889
0 0.537760 0.544907 0.025521 0.032407
4 0.678646 0.559722 0.090625 0.141667
0 0.465104 0.569444 0.061458 0.137037
5 0.361198 0.587963 0.020313 0.051852
6 0.361979 0.565278 0.020833 0.069444
7 0.259635 0.545833 0.014063 0.023148
7 0.269271 0.586574 0.026042 0.097222
5 0.208333 0.657407 0.066667 0.137037
6 0.216927 0.614352 0.042188 0.160185
6 0.201302 0.612037 0.046354 0.146296