3 0.509896 0.503704 0.008333 0.011111
1 0.504687 0.507870 0.008333 0.013889
3 0.513802 0.509722 0.005729 0.010185
3 0.520312 0.512963 0.006250 0.011111
3 0.532292 0.511574 0.006250 0.015741
1 0.616667 0.524074 0.032292 0.037037
2 0.633594 0.539815 0.019271 0.040741
3 0.978385 0.546759 0.023438 0.039815
3 0.506510 0.514352 0.007812 0.013889
3 0.507552 0.524537 0.003646 0.013889
3 0.447656 0.530556 0.017188 0.033333
6 0.525781 0.519444 0.004687 0.011111
0 0.527604 0.525926 0.008333 0.018519
0 0.532552 0.529630 0.015104 0.020370
5 0.537500 0.562500 0.017708 0.045370
6 0.536979 0.550463 0.016667 0.050926
5 0.573177 0.564352 0.016146 0.043519
6 0.570052 0.554630 0.009896 0.055556
6 0.574740 0.555093 0.019271 0.056481
7 0.407552 0.543056 0.009896 0.047222
7 0.286979 0.535648 0.010417 0.019444
0 0.125000 0.585648 0.071875 0.089815
0 0.301563 0.588426 0.069792 0.089815
0 0.195052 0.596759 0.172396 0.143519
0 0.040625 0.777315 0.081250 0.263889
2 0.483854 0.568519 0.056250 0.114815
1 0.935677 0.554630 0.088021 0.125926
4 0.802344 0.528241 0.189062 0.243519
2 0.516927 0.528704 0.011979 0.024074
5 0.983333 0.614352 0.031250 0.084259
6 0.988021 0.591204 0.023958 0.100926