0 0.477604 0.522685 0.006250 0.010185
0 0.483594 0.524074 0.008854 0.009259
6 0.473698 0.530556 0.004687 0.011111
6 0.471615 0.530556 0.005729 0.011111
0 0.507552 0.531019 0.006771 0.010185
7 0.512760 0.533333 0.007812 0.016667
4 0.557813 0.532407 0.070833 0.116667
7 0.618490 0.579167 0.019271 0.093519
6 0.483333 0.538426 0.006250 0.013889
0 0.655208 0.579630 0.053125 0.070370
0 0.710938 0.606944 0.130208 0.149074
7 0.588542 0.595370 0.031250 0.087037
7 0.585417 0.641204 0.045833 0.165741
5 0.461198 0.587500 0.011979 0.036111
6 0.469271 0.541204 0.006250 0.012037
4 0.433854 0.553704 0.041667 0.062963
6 0.483073 0.549074 0.009896 0.020370
5 0.470833 0.600926 0.013542 0.042593
6 0.470833 0.572685 0.014583 0.067593
7 0.488802 0.552778 0.006771 0.018519
7 0.511979 0.534722 0.009375 0.021296
7 0.533854 0.553241 0.010417 0.034259
7 0.515885 0.544907 0.004687 0.013889
6 0.457813 0.562963 0.008333 0.048148
6 0.461198 0.562037 0.016146 0.057407
7 0.496615 0.535185 0.022396 0.050000
7 0.528385 0.567593 0.018229 0.044444
7 0.517708 0.566667 0.014583 0.048148
7 0.524219 0.585185 0.008854 0.029630
5 0.480208 0.605093 0.017708 0.047222
6 0.479687 0.581481 0.019792 0.075926
7 0.563542 0.639815 0.022917 0.170370
7 0.548438 0.673148 0.053125 0.296296
7 0.434375 0.549537 0.008333 0.021296
7 0.412760 0.552778 0.011979 0.042593
7 0.425521 0.594444 0.014583 0.088889
7 0.441146 0.592593 0.027083 0.098148
7 0.386458 0.550463 0.008333 0.015741
7 0.381771 0.559722 0.014583 0.036111
7 0.391927 0.550926 0.010937 0.027778
0 0.340365 0.550000 0.059896 0.064815
7 0.401562 0.590741 0.030208 0.087037
7 0.374219 0.572685 0.018229 0.039815
7 0.344792 0.556481 0.011458 0.025926
7 0.303385 0.630556 0.018229 0.151852
7 0.320833 0.626389 0.034375 0.182407
7 0.351562 0.602778 0.032292 0.137037
7 0.331771 0.670833 0.040625 0.213889
7 0.366406 0.681019 0.051562 0.249074
7 0.397396 0.679167 0.073958 0.284259
7 0.276302 0.554167 0.023438 0.062037
7 0.255990 0.549074 0.018229 0.046296
7 0.279427 0.556481 0.018229 0.055556
7 0.260677 0.576852 0.018229 0.070370
7 0.245573 0.576852 0.007812 0.027778
7 0.259115 0.661574 0.045312 0.212037
7 0.190625 0.697685 0.043750 0.204630
7 0.241146 0.682407 0.060417 0.244444
7 0.497656 0.677315 0.056771 0.256481
7 0.706250 0.563426 0.026042 0.054630
7 0.770833 0.662963 0.030208 0.224074
7 0.704948 0.657870 0.043229 0.215741
7 0.739062 0.685185 0.064583 0.257407
7 0.797917 0.704167 0.069792 0.325000
7 0.909896 0.678241 0.067708 0.278704
7 0.793490 0.602778 0.027604 0.100000
5 0.948698 0.878241 0.099479 0.241667
6 0.957812 0.746296 0.082292 0.400000
7 0.021094 0.723611 0.038021 0.336111
7 0.012240 0.870370 0.023438 0.255556
7 0.093490 0.784722 0.184896 0.428704
7 0.645573 0.663426 0.059896 0.213889
7 0.645573 0.633796 0.035937 0.128704
7 0.288021 0.641204 0.041667 0.195370