0 0.431250 0.560648 0.015625 0.037963
6 0.403646 0.557870 0.012500 0.045370
5 0.403125 0.569907 0.014583 0.037963
7 0.410156 0.551389 0.006771 0.017593
7 0.397396 0.552315 0.009375 0.025000
6 0.415104 0.568056 0.015625 0.065741
6 0.419792 0.578704 0.028125 0.090741
5 0.416927 0.602778 0.027604 0.079630
7 0.449740 0.539815 0.004687 0.012963
7 0.452865 0.549537 0.007812 0.023148
7 0.461979 0.556019 0.009375 0.056481
7 0.467969 0.537963 0.005729 0.022222
6 0.482552 0.560648 0.011979 0.065741
5 0.484635 0.570370 0.011979 0.046296
2 0.493229 0.546296 0.035417 0.077778
7 0.492448 0.560648 0.019271 0.082407
7 0.474219 0.566204 0.017188 0.091667
5 0.518490 0.568981 0.024479 0.052778
7 0.575000 0.523611 0.009375 0.041667
7 0.561719 0.523611 0.023438 0.045370
5 0.590885 0.562500 0.047396 0.045370
6 0.596094 0.556019 0.038021 0.067593
5 0.630469 0.549537 0.038021 0.071296
5 0.672917 0.563889 0.043750 0.062963
5 0.801042 0.762037 0.148958 0.298148
6 0.784896 0.645370 0.082292 0.235185
6 0.834115 0.687500 0.130729 0.336111
5 0.447917 0.586111 0.021875 0.068519
6 0.448958 0.570370 0.019792 0.070370
7 0.355729 0.545833 0.009375 0.025000
7 0.366406 0.546296 0.010937 0.040741
7 0.359375 0.562963 0.011458 0.046296
7 0.376823 0.545833 0.007812 0.013889
7 0.383073 0.542593 0.007812 0.016667
7 0.346354 0.565741 0.010417 0.042593
7 0.352604 0.562963 0.011458 0.040741
7 0.397135 0.659722 0.046354 0.225000
7 0.368490 0.667130 0.048438 0.250926
7 0.303125 0.625463 0.022917 0.187963
7 0.327865 0.628704 0.033854 0.211111
7 0.248177 0.570370 0.014063 0.075926
7 0.239063 0.571296 0.016667 0.081481
7 0.257292 0.571759 0.019792 0.110185
7 0.285156 0.617130 0.045312 0.186111
0 0.185417 0.578704 0.052083 0.100000
7 0.220052 0.587500 0.024479 0.121296
5 0.211458 0.608796 0.061458 0.078704
7 0.135417 0.563426 0.017708 0.099074
7 0.153646 0.544907 0.029167 0.071296
7 0.210938 0.683333 0.046875 0.098148
5 0.107292 0.693519 0.029167 0.040741
7 0.157292 0.678704 0.090625 0.268519
7 0.017969 0.839352 0.034896 0.321296
7 0.067708 0.793981 0.134375 0.412037
7 0.168490 0.800000 0.098437 0.400000
7 0.249479 0.797222 0.117708 0.405556
0 0.598437 0.788426 0.355208 0.423148