3 0.433333 0.553241 0.008333 0.017593
3 0.441406 0.552315 0.010937 0.019444
3 0.444792 0.554167 0.007292 0.015741
4 0.340365 0.577778 0.046354 0.074074
2 0.404948 0.584259 0.050521 0.100000
5 0.007031 0.556019 0.014063 0.067593
5 0.022396 0.558796 0.025000 0.063889
5 0.039844 0.555556 0.023438 0.062963
5 0.047917 0.563426 0.030208 0.069444
5 0.059896 0.571296 0.014583 0.061111
5 0.029687 0.627315 0.059375 0.106481
7 0.208073 0.555556 0.015104 0.033333
7 0.258073 0.623148 0.017188 0.081481
7 0.146875 0.663426 0.043750 0.212037
0 0.436198 0.571296 0.016146 0.027778
4 0.474219 0.556481 0.017188 0.050000
3 0.519010 0.562963 0.016146 0.014815
0 0.546875 0.567593 0.023958 0.035185
3 0.561979 0.566204 0.009375 0.013889
3 0.583594 0.567593 0.018229 0.014815
7 0.732292 0.575926 0.010417 0.029630
1 0.672396 0.564352 0.102083 0.130556
7 0.988281 0.578704 0.008854 0.038889
1 0.862240 0.557870 0.251563 0.252778
0 0.485156 0.576852 0.027604 0.042593
5 0.451042 0.620833 0.028125 0.080556
6 0.452604 0.594444 0.030208 0.100000
5 0.214583 0.842130 0.152083 0.315741
6 0.221615 0.738889 0.122396 0.362963
7 0.613021 0.578241 0.007292 0.034259
4 0.308073 0.566667 0.021354 0.037037