4 0.512500 0.537500 0.009375 0.023148
4 0.524479 0.534722 0.015625 0.050926
9 0.500000 0.546296 0.009375 0.016667
4 0.517448 0.541204 0.007812 0.030556
5 0.492448 0.562500 0.011979 0.032407
6 0.492448 0.549074 0.011979 0.040741
3 0.601562 0.537037 0.008333 0.012963
4 0.548698 0.533333 0.038021 0.079630
4 0.653385 0.501852 0.059896 0.059259
13 0.658594 0.358333 0.010937 0.018519
13 0.656510 0.415741 0.010937 0.085185
3 0.713281 0.537500 0.009896 0.023148
0 0.727865 0.557870 0.034896 0.063889
0 0.801562 0.574537 0.056250 0.060185
5 0.763021 0.780556 0.063542 0.190741
6 0.741146 0.581944 0.032292 0.082407
6 0.758333 0.612500 0.055208 0.206481
6 0.729948 0.643981 0.061979 0.199074
0 0.620573 0.575463 0.075521 0.102778
4 0.370052 0.577315 0.127604 0.126852
5 0.165365 0.535648 0.046354 0.062037
4 0.069792 0.476852 0.138542 0.190741
5 0.279167 0.744907 0.083333 0.239815
6 0.279427 0.704167 0.075521 0.330556
6 0.250260 0.689352 0.086979 0.269444
5 0.064323 0.663426 0.029687 0.045370
6 0.087760 0.576852 0.035937 0.085185
5 0.071094 0.751852 0.053646 0.144444
6 0.094792 0.610648 0.053125 0.141667
5 0.042188 0.808796 0.082292 0.286111
5 0.472396 0.813889 0.133333 0.368519
6 0.475521 0.740741 0.125000 0.425926
5 0.394271 0.868519 0.183333 0.261111
6 0.389583 0.773611 0.143750 0.445370
6 0.025521 0.842130 0.050000 0.312037
5 0.173958 0.846296 0.175000 0.303704
6 0.222917 0.769444 0.146875 0.457407
6 0.166927 0.768519 0.179688 0.444444
5 0.892708 0.776852 0.107292 0.303704
6 0.929427 0.706481 0.126562 0.400000
6 0.943750 0.728704 0.110417 0.424074
5 0.942448 0.876389 0.113021 0.243519
5 0.655208 0.841667 0.202083 0.314815
6 0.658854 0.759259 0.190625 0.479630