2 0.187500 0.647685 0.298958 0.475000
7 0.334375 0.553241 0.020833 0.071296
7 0.353906 0.529630 0.024479 0.055556
5 0.159115 0.872685 0.163021 0.254630
6 0.161458 0.761111 0.147917 0.477778
5 0.345052 0.848148 0.125521 0.303704
6 0.342187 0.752315 0.136458 0.413889
5 0.373958 0.621296 0.035417 0.100000
6 0.375521 0.581944 0.034375 0.123148
7 0.343490 0.550463 0.024479 0.043519
7 0.385156 0.522685 0.011979 0.043519
0 0.419010 0.570370 0.080729 0.133333
2 0.464323 0.528241 0.047396 0.054630
4 0.477083 0.507407 0.031250 0.037037
6 0.500781 0.494907 0.015104 0.041667
6 0.512500 0.479167 0.018750 0.082407
6 0.520052 0.485185 0.021354 0.081481
6 0.498958 0.498148 0.016667 0.033333
3 0.519792 0.527778 0.071875 0.042593
0 0.538021 0.543519 0.067708 0.035185
1 0.538802 0.494907 0.064062 0.078704
1 0.640365 0.520833 0.161979 0.250926
0 0.727083 0.636111 0.134375 0.205556
2 0.739844 0.527778 0.031771 0.018519
0 0.763281 0.541667 0.048438 0.033333
3 0.820052 0.532870 0.027604 0.023148
3 0.846875 0.531019 0.026042 0.013889
0 0.885417 0.533796 0.048958 0.019444
0 0.797396 0.544907 0.019792 0.017593
0 0.817708 0.549074 0.027083 0.027778
1 0.837240 0.513426 0.093229 0.067593
1 0.940625 0.514352 0.117708 0.102778
0 0.853125 0.766204 0.293750 0.467593
0 0.513021 0.705093 0.205208 0.332407