2 0.075260 0.728241 0.149479 0.469444
2 0.197135 0.583796 0.081771 0.145370
5 0.145573 0.556019 0.034896 0.060185
5 0.160156 0.546296 0.026562 0.059259
5 0.246615 0.564352 0.029687 0.041667
5 0.411719 0.546296 0.017188 0.044444
6 0.411979 0.537963 0.013542 0.042593
5 0.201563 0.820833 0.148958 0.358333
5 0.347656 0.830556 0.160938 0.338889
5 0.385156 0.673148 0.056771 0.177778
6 0.380990 0.641667 0.057813 0.240741
6 0.209896 0.700000 0.109375 0.364815
6 0.345313 0.760185 0.145833 0.468519
0 0.328646 0.619444 0.152083 0.225926
0 0.388802 0.526389 0.027604 0.037963
0 0.401562 0.522222 0.021875 0.033333
7 0.399479 0.536111 0.013542 0.044444
5 0.412500 0.549537 0.013542 0.039815
6 0.413021 0.536111 0.013542 0.046296
0 0.432031 0.514352 0.018229 0.026852
7 0.438802 0.516204 0.007812 0.032407
1 0.464062 0.506944 0.043750 0.086111
1 0.498177 0.495833 0.014063 0.017593
3 0.487240 0.501852 0.007812 0.020370
0 0.491146 0.512037 0.012500 0.025926
0 0.492188 0.518981 0.011458 0.028704
0 0.495312 0.522685 0.009375 0.032407
4 0.510156 0.522222 0.027604 0.057407
3 0.552604 0.521296 0.022917 0.035185
6 0.571354 0.522222 0.005208 0.020370
5 0.571615 0.529630 0.007812 0.020370
6 0.578646 0.534259 0.013542 0.038889
5 0.577604 0.543056 0.013542 0.039815
7 0.597396 0.544907 0.012500 0.084259
0 0.626563 0.522222 0.016667 0.029630
2 0.613802 0.538889 0.028646 0.055556
7 0.630208 0.529167 0.007292 0.030556
2 0.651823 0.521296 0.022396 0.027778
5 0.667188 0.526389 0.022917 0.023148
6 0.661719 0.522685 0.009896 0.025000
2 0.714323 0.544444 0.030729 0.048148
5 0.736719 0.547685 0.020313 0.028704
7 0.701302 0.547222 0.007812 0.037037
0 0.876823 0.550926 0.043229 0.020370
0 0.950260 0.544444 0.055729 0.059259
0 0.954167 0.616204 0.066667 0.115741
0 0.888542 0.629630 0.167708 0.170370
5 0.766667 0.639815 0.060417 0.144444
6 0.772396 0.602315 0.051042 0.158333
5 0.685677 0.589815 0.027604 0.075926
6 0.675781 0.557870 0.010937 0.058333
6 0.686719 0.565278 0.025521 0.086111
5 0.700000 0.567130 0.012500 0.043519
6 0.697656 0.553704 0.014063 0.051852
5 0.654167 0.556019 0.011458 0.034259
6 0.652865 0.549074 0.014063 0.048148
6 0.644531 0.533333 0.007812 0.031481
5 0.641146 0.576389 0.022917 0.060185
6 0.640885 0.560185 0.022396 0.083333
1 0.983854 0.503704 0.030208 0.470370