3 0.701562 0.523611 0.007292 0.013889
0 0.684635 0.537500 0.005729 0.012037
1 0.691667 0.534259 0.015625 0.029630
1 0.676302 0.532407 0.016146 0.031481
5 0.700000 0.545833 0.005208 0.015741
6 0.699740 0.538889 0.005729 0.016667
5 0.584635 0.560648 0.008854 0.019444
6 0.584635 0.551389 0.009896 0.025000
5 0.554427 0.567593 0.008854 0.022222
6 0.554948 0.557407 0.010937 0.029630
5 0.539323 0.569907 0.009896 0.019444
6 0.538542 0.560185 0.010417 0.024074
5 0.487240 0.586111 0.019271 0.051852
6 0.487500 0.567593 0.020833 0.066667
5 0.360677 0.606019 0.029687 0.073148
6 0.358333 0.580556 0.030208 0.081481
4 0.804167 0.558333 0.202083 0.285185