3 0.515365 0.530556 0.007812 0.012963
3 0.523177 0.532407 0.005729 0.012963
3 0.525000 0.539352 0.005208 0.012037
0 0.560156 0.538889 0.009896 0.016667
3 0.560156 0.530093 0.009896 0.010185
3 0.567448 0.536574 0.006771 0.015741
0 0.574219 0.540741 0.009896 0.011111
4 0.603646 0.523148 0.042708 0.085185
3 0.517708 0.538426 0.011458 0.017593
0 0.529948 0.538889 0.014063 0.020370
5 0.509896 0.543519 0.006250 0.014815
6 0.509115 0.537500 0.005729 0.017593
5 0.496875 0.550463 0.010417 0.028704
6 0.496615 0.547222 0.009896 0.027778
4 0.433333 0.532870 0.060417 0.102778
5 0.473177 0.584722 0.026562 0.075000
6 0.473438 0.569444 0.023958 0.077778
0 0.654948 0.554167 0.048438 0.056481
4 0.040625 0.533333 0.081250 0.085185
1 0.907813 0.517593 0.184375 0.246296
5 0.968229 0.633333 0.061458 0.129630
6 0.975521 0.609722 0.046875 0.167593