1 0.514062 0.523148 0.023958 0.035185
3 0.473177 0.524537 0.006771 0.026852
4 0.483594 0.537037 0.018229 0.037037
6 0.476823 0.543981 0.011979 0.037963
5 0.476823 0.564352 0.010937 0.037963
5 0.184115 0.550000 0.016146 0.025926
5 0.201823 0.565278 0.020313 0.028704
7 0.238021 0.552778 0.014583 0.075926
5 0.287500 0.560185 0.014583 0.057407
5 0.026562 0.567593 0.044792 0.090741
5 0.023958 0.584259 0.015625 0.075926
7 0.300521 0.567593 0.015625 0.101852
3 0.539323 0.527778 0.011979 0.007407
5 0.658594 0.554167 0.015104 0.023148
5 0.808073 0.587500 0.030729 0.050926
4 0.719531 0.537963 0.130729 0.181481
6 0.805729 0.568981 0.018750 0.065741
0 0.534375 0.554630 0.036458 0.061111
4 0.383854 0.520833 0.189583 0.421296
4 0.581510 0.558796 0.073438 0.147222