0 0.463021 0.497222 0.005208 0.007407
6 0.465365 0.501389 0.004687 0.019444
5 0.466146 0.506019 0.005208 0.019444
5 0.444531 0.504630 0.004687 0.014815
6 0.445052 0.499537 0.005729 0.015741
6 0.451823 0.499537 0.003646 0.012037
6 0.454427 0.507870 0.006771 0.025000
6 0.438281 0.500000 0.005729 0.014815
5 0.438542 0.506944 0.006250 0.015741
5 0.456771 0.529167 0.010417 0.028704
6 0.456771 0.520833 0.009375 0.036111
5 0.416927 0.528704 0.010937 0.031481
6 0.416667 0.519907 0.008333 0.036111
5 0.445052 0.563426 0.020313 0.062037
6 0.445833 0.547222 0.018750 0.070370
6 0.396875 0.519444 0.010417 0.025926
5 0.399479 0.567130 0.022917 0.069444
6 0.399740 0.552778 0.021354 0.074074
5 0.088021 0.492593 0.021875 0.022222
0 0.114844 0.497685 0.048438 0.034259
5 0.020833 0.501389 0.021875 0.026852
5 0.041406 0.503704 0.029687 0.033333
5 0.211458 0.713426 0.076042 0.217593
6 0.212500 0.656019 0.064583 0.221296
6 0.703906 0.525463 0.015104 0.036111
6 0.632552 0.526852 0.013021 0.040741
5 0.634115 0.539352 0.013021 0.037963
0 0.688542 0.575000 0.093750 0.101852
5 0.598177 0.529167 0.010937 0.026852
6 0.596875 0.519907 0.008333 0.034259
7 0.570312 0.516667 0.005208 0.025926
5 0.565625 0.520833 0.008333 0.019444
6 0.565365 0.515278 0.007812 0.028704
5 0.525521 0.515278 0.006250 0.015741
6 0.524479 0.509259 0.006250 0.027778
5 0.010937 0.975000 0.020833 0.046296