0 0.553906 0.544907 0.007812 0.008333
6 0.541406 0.545833 0.004687 0.013889
6 0.533073 0.545370 0.004687 0.011111
5 0.533854 0.548611 0.003125 0.006481
6 0.524740 0.544907 0.004687 0.012037
5 0.525521 0.549537 0.005208 0.012037
6 0.521354 0.546759 0.007292 0.021296
5 0.520833 0.551852 0.006250 0.014815
5 0.509115 0.564815 0.018229 0.046296
6 0.509375 0.550000 0.016667 0.061111
5 0.477865 0.552315 0.009896 0.034259
6 0.477604 0.540741 0.010417 0.027778
5 0.487500 0.567130 0.018750 0.043519
6 0.488021 0.551389 0.014583 0.058333
0 0.461198 0.538889 0.013021 0.020370
7 0.401562 0.542130 0.010417 0.036111
7 0.391667 0.538889 0.010417 0.029630
7 0.378646 0.536111 0.010417 0.018519
0 0.360677 0.562037 0.110937 0.068519
7 0.291927 0.589352 0.026562 0.084259
0 0.610417 0.551389 0.016667 0.021296
0 0.630990 0.556944 0.011979 0.015741
6 0.650000 0.557407 0.008333 0.020370
5 0.649740 0.563889 0.008854 0.012963
0 0.700260 0.571296 0.016146 0.035185
2 0.673958 0.566667 0.019792 0.040741
5 0.710677 0.581481 0.008854 0.025926
6 0.711198 0.570370 0.007812 0.035185
5 0.731510 0.581481 0.014063 0.033333
6 0.730469 0.572685 0.009896 0.039815
7 0.755469 0.578241 0.013021 0.034259
0 0.800781 0.590278 0.080729 0.099074
7 0.879427 0.600463 0.016146 0.073148
5 0.886458 0.613426 0.016667 0.058333
6 0.889583 0.592593 0.010417 0.051852
0 0.956771 0.632407 0.085417 0.151852
0 0.946615 0.890278 0.106771 0.219444