7 0.166406 0.530093 0.030729 0.125000
5 0.241406 0.554167 0.047396 0.087963
5 0.256510 0.549074 0.034896 0.059259
0 0.356771 0.538426 0.044792 0.049074
6 0.242448 0.582870 0.030729 0.095370
6 0.237500 0.592130 0.030208 0.117593
6 0.207552 0.645833 0.063021 0.204630
5 0.203125 0.572685 0.018750 0.028704
5 0.214323 0.717593 0.034896 0.124074
6 0.380729 0.533796 0.019792 0.045370
1 0.471875 0.501852 0.037500 0.044444
6 0.493750 0.483796 0.010417 0.052778
6 0.481771 0.500000 0.012500 0.020370
6 0.498177 0.485185 0.013021 0.055556
1 0.525521 0.507407 0.048958 0.077778
3 0.558854 0.512037 0.013542 0.014815
3 0.552865 0.517130 0.013021 0.012037
3 0.565885 0.517130 0.010937 0.013889
1 0.607812 0.504630 0.067708 0.075926
5 0.642708 0.552315 0.012500 0.037963
6 0.640625 0.539815 0.015625 0.048148
5 0.660417 0.558796 0.019792 0.047222
6 0.660417 0.541204 0.017708 0.060185
1 0.760417 0.521296 0.171875 0.177778
2 0.864062 0.557407 0.062500 0.075926
7 0.719531 0.523148 0.016146 0.037037
5 0.962500 0.594444 0.038542 0.053704
5 0.975260 0.604630 0.022396 0.053704
5 0.989323 0.607870 0.021354 0.063889
0 0.540625 0.539815 0.029167 0.040741
3 0.503125 0.525926 0.028125 0.040741
0 0.516927 0.577778 0.026562 0.107407
0 0.552604 0.541204 0.031250 0.050926
0 0.575000 0.548611 0.047917 0.058333
0 0.613281 0.590278 0.077604 0.126852
5 0.537760 0.609259 0.031771 0.100000
5 0.564583 0.633333 0.045833 0.148148
6 0.538021 0.576389 0.031250 0.113889
6 0.567187 0.593519 0.043750 0.153704
0 0.746875 0.669444 0.251042 0.272222
2 0.415104 0.528704 0.019792 0.042593
5 0.399219 0.532870 0.009896 0.025000
6 0.399219 0.526852 0.011979 0.038889
0 0.463281 0.608796 0.107813 0.210185
0 0.342708 0.724074 0.270833 0.370370
9 0.553385 0.317593 0.003646 0.005556
9 0.563021 0.325000 0.003125 0.005556
9 0.550781 0.330093 0.002604 0.004630
9 0.546615 0.331481 0.003646 0.005556
9 0.536458 0.351852 0.003125 0.005556
9 0.536458 0.354630 0.003125 0.003704
9 0.533854 0.366667 0.002083 0.003704
9 0.533073 0.369907 0.002604 0.004630
9 0.531510 0.381019 0.002604 0.002778
9 0.530990 0.381944 0.002604 0.002778
9 0.528906 0.391204 0.003646 0.004630
9 0.527083 0.397222 0.003125 0.005556
9 0.523958 0.403704 0.003125 0.003704
9 0.522656 0.405556 0.002604 0.003704
9 0.520312 0.325926 0.002083 0.005556