2 0.880990 0.536574 0.055729 0.091667
0 0.933854 0.570833 0.120833 0.128704
4 0.787500 0.509722 0.042708 0.065741
3 0.806771 0.518981 0.030208 0.058333
4 0.700521 0.505093 0.070833 0.054630
5 0.735677 0.535648 0.021354 0.047222
6 0.733854 0.521296 0.013542 0.051852
0 0.633854 0.519907 0.025000 0.028704
5 0.663021 0.527315 0.019792 0.039815
6 0.661719 0.515741 0.014063 0.046296
4 0.573958 0.505093 0.047917 0.043519
4 0.610156 0.503704 0.069271 0.051852
2 0.506510 0.509722 0.025521 0.030556
0 0.483073 0.513426 0.022396 0.026852
5 0.389062 0.513426 0.008333 0.023148
6 0.388802 0.507870 0.009896 0.028704
0 0.422917 0.510648 0.026042 0.034259
0 0.426302 0.521296 0.028646 0.038889
5 0.466927 0.531944 0.011979 0.032407
6 0.466146 0.520370 0.014583 0.042593
5 0.496875 0.545833 0.017708 0.045370
6 0.499740 0.532870 0.018229 0.056481
5 0.480990 0.552315 0.019271 0.052778
6 0.483073 0.537037 0.019271 0.066667