6 0.565625 0.544444 0.008333 0.027778
7 0.533854 0.536574 0.007292 0.015741
0 0.552344 0.561111 0.038021 0.062963
7 0.582292 0.543056 0.008333 0.023148
7 0.579688 0.576389 0.018750 0.082407
7 0.597135 0.599074 0.025521 0.148148
7 0.623437 0.562963 0.027083 0.075926
5 0.668229 0.594444 0.036458 0.081481
5 0.692969 0.612963 0.054688 0.062963
7 0.622135 0.684259 0.064062 0.292593
7 0.641667 0.722685 0.053125 0.278704
7 0.689063 0.773611 0.058333 0.347222
5 0.685677 0.645833 0.054688 0.069444
7 0.747656 0.751389 0.084896 0.487963
7 0.827083 0.731019 0.085417 0.493519
5 0.972396 0.611574 0.051042 0.186111
5 0.939844 0.717130 0.103646 0.256481
6 0.946875 0.668519 0.079167 0.311111
7 0.533594 0.536111 0.005729 0.014815
7 0.528385 0.539815 0.009896 0.025926
7 0.521094 0.548611 0.010937 0.043519
6 0.517448 0.555093 0.013021 0.058333
7 0.503385 0.534722 0.007812 0.013889
5 0.510417 0.572685 0.016667 0.052778
5 0.519271 0.569444 0.013542 0.040741
7 0.502083 0.542130 0.007292 0.023148
7 0.479427 0.550463 0.010937 0.039815
7 0.490365 0.549074 0.024479 0.066667
6 0.539323 0.552315 0.015104 0.050926
6 0.536719 0.571296 0.024479 0.081481
5 0.536979 0.588889 0.022917 0.066667
7 0.488281 0.554630 0.014063 0.037037
7 0.494010 0.613889 0.028646 0.140741
7 0.448437 0.559722 0.025000 0.043519
7 0.452865 0.572222 0.013021 0.053704
7 0.474219 0.618519 0.032813 0.164815
7 0.440625 0.622685 0.050000 0.156481
2 0.401562 0.582407 0.063542 0.150000
5 0.348177 0.590278 0.021354 0.030556
5 0.354948 0.655556 0.069271 0.162963
7 0.033333 0.619907 0.065625 0.225000
7 0.100521 0.574537 0.034375 0.208333
7 0.143490 0.532870 0.028646 0.206481
7 0.127083 0.567593 0.040625 0.225926
7 0.168229 0.568519 0.044792 0.216667
7 0.286198 0.642593 0.061979 0.270370
7 0.251563 0.739815 0.106250 0.518519
7 0.300521 0.834259 0.069792 0.331481
7 0.035937 0.845370 0.070833 0.309259
7 0.124479 0.832870 0.076042 0.334259
7 0.225781 0.833796 0.097396 0.330556
5 0.158854 0.738889 0.098958 0.344444