4 0.912240 0.678241 0.173437 0.637963
5 0.070312 0.888889 0.140625 0.218519
5 0.231510 0.801852 0.169271 0.394444
5 0.375260 0.752315 0.084896 0.271296
7 0.250000 0.617130 0.059375 0.326852
7 0.122396 0.645833 0.067708 0.376852
7 0.186719 0.628704 0.056771 0.346296
7 0.190885 0.572685 0.063021 0.162037
5 0.461198 0.659259 0.046354 0.155556
5 0.485156 0.640278 0.042188 0.123148
7 0.488281 0.565278 0.017188 0.052778
7 0.456771 0.559722 0.025000 0.099074
7 0.472135 0.534722 0.017188 0.097222
7 0.467969 0.530093 0.018229 0.075000
5 0.541667 0.581019 0.020833 0.067593
7 0.543490 0.550926 0.008854 0.055556
7 0.551042 0.556481 0.012500 0.046296
7 0.532552 0.539815 0.006771 0.027778
7 0.543490 0.536574 0.008854 0.028704
5 0.559115 0.560648 0.017188 0.041667
6 0.571615 0.537963 0.009896 0.027778
7 0.568229 0.575463 0.022917 0.087963
5 0.582552 0.534722 0.016146 0.030556
5 0.600000 0.544907 0.008333 0.023148
6 0.600260 0.535185 0.007812 0.031481
5 0.594792 0.551852 0.012500 0.037037
7 0.612500 0.540278 0.008333 0.043519
6 0.619271 0.538889 0.009375 0.031481
8 0.618750 0.543519 0.006250 0.022222
6 0.630469 0.535648 0.007812 0.028704
5 0.630208 0.539352 0.008333 0.025000
6 0.627604 0.592130 0.013542 0.100926
5 0.626823 0.608333 0.010937 0.088889
5 0.762760 0.598611 0.030729 0.089815
2 0.684115 0.640741 0.123438 0.251852
5 0.885417 0.738426 0.167708 0.143519
7 0.830208 0.625926 0.025000 0.129630
7 0.801562 0.699074 0.055208 0.300000
5 0.751823 0.844907 0.175521 0.308333
6 0.735938 0.738889 0.153125 0.429630
6 0.595313 0.541667 0.015625 0.038889