3 0.483073 0.535185 0.005729 0.011111
3 0.502604 0.534722 0.006250 0.019444
2 0.497396 0.534259 0.009375 0.018519
4 0.509375 0.535648 0.009375 0.015741
0 0.513281 0.540278 0.015104 0.023148
4 0.549740 0.526389 0.022396 0.037963
0 0.560937 0.538889 0.017708 0.018519
5 0.579688 0.545833 0.008333 0.015741
6 0.579688 0.538426 0.009375 0.019444
1 0.611198 0.528704 0.045312 0.068519
5 0.650521 0.550000 0.011458 0.027778
6 0.649740 0.545833 0.008854 0.032407
5 0.713802 0.562037 0.016146 0.037037
6 0.712760 0.552778 0.011979 0.042593
5 0.818750 0.585648 0.026042 0.060185
6 0.819792 0.571759 0.020833 0.069444
5 0.851562 0.590741 0.029167 0.053704
6 0.839063 0.570833 0.013542 0.069444
6 0.851302 0.574537 0.022396 0.069444
0 0.935417 0.627315 0.127083 0.189815
5 0.488802 0.549537 0.009896 0.025000
6 0.488021 0.542593 0.011458 0.035185
4 0.447917 0.525463 0.037500 0.069444
5 0.466667 0.581481 0.031250 0.077778
6 0.466667 0.564352 0.025000 0.076852
4 0.136198 0.516204 0.147396 0.119444
4 0.028646 0.462037 0.028125 0.042593