2 0.545312 0.548611 0.022917 0.052778
6 0.581510 0.525463 0.003646 0.008333
6 0.576562 0.525926 0.004167 0.007407
0 0.573438 0.550000 0.033333 0.046296
0 0.594010 0.528241 0.022396 0.012037
0 0.612500 0.582870 0.103125 0.112037
5 0.561979 0.581944 0.022917 0.062037
6 0.562240 0.561574 0.020313 0.071296
5 0.687500 0.591667 0.045833 0.081481
6 0.685677 0.566204 0.028646 0.095370
3 0.740365 0.584259 0.058854 0.087037
6 0.715625 0.575000 0.018750 0.105556
5 0.821615 0.607870 0.075521 0.115741
6 0.826562 0.575000 0.040625 0.140741
6 0.852083 0.573148 0.033333 0.155556
7 0.886979 0.685648 0.080208 0.326852
7 0.781771 0.669444 0.066667 0.311111
5 0.536719 0.563889 0.017188 0.038889
6 0.533073 0.532870 0.003646 0.013889
6 0.536979 0.525926 0.003125 0.007407
6 0.538021 0.550926 0.013542 0.046296
5 0.528385 0.560185 0.017188 0.027778
6 0.527865 0.544907 0.015104 0.045370
6 0.510156 0.533333 0.005729 0.012963
6 0.507031 0.534722 0.006771 0.012037
0 0.501042 0.581481 0.046875 0.085185
5 0.507031 0.600926 0.024479 0.070370
6 0.508333 0.580093 0.021875 0.076852
7 0.531250 0.730556 0.068750 0.333333
6 0.687240 0.568056 0.018229 0.060185