7 0.489844 0.551389 0.009896 0.039815
7 0.496354 0.556019 0.009375 0.065741
7 0.503125 0.563426 0.012500 0.054630
5 0.516146 0.566667 0.015625 0.048148
8 0.544531 0.548611 0.011979 0.023148
6 0.544792 0.542130 0.008333 0.030556
5 0.556510 0.555093 0.011979 0.030556
6 0.556250 0.543519 0.010417 0.038889
5 0.565885 0.568981 0.018229 0.047222
6 0.565104 0.556019 0.016667 0.058333
6 0.565104 0.530556 0.008333 0.016667
5 0.571615 0.540741 0.007812 0.014815
6 0.571354 0.532407 0.007292 0.016667
7 0.576823 0.548611 0.009896 0.047222
7 0.582031 0.536574 0.005729 0.025000
7 0.585677 0.533796 0.003646 0.023148
5 0.595052 0.555093 0.014063 0.025000
5 0.603385 0.562500 0.016146 0.032407
0 0.628125 0.560185 0.038542 0.055556
5 0.616927 0.572222 0.018229 0.051852
6 0.616406 0.561111 0.018229 0.066667
6 0.614844 0.562963 0.013021 0.050000
5 0.640625 0.580556 0.021875 0.062963
5 0.655469 0.573611 0.018229 0.063889
6 0.667969 0.589815 0.044271 0.101852
5 0.658073 0.737037 0.055729 0.248148
6 0.660677 0.674537 0.054688 0.234259
2 0.828125 0.751852 0.341667 0.496296
5 0.166667 0.843056 0.163542 0.308333
5 0.376563 0.704167 0.073958 0.239815
5 0.420312 0.687500 0.050000 0.154630
7 0.435417 0.587500 0.016667 0.104630
7 0.407031 0.538426 0.024479 0.113889
7 0.402083 0.530093 0.023958 0.099074
5 0.493229 0.598148 0.023958 0.074074
7 0.526042 0.573148 0.018750 0.092593