3 0.629687 0.494907 0.014583 0.026852
7 0.649479 0.498148 0.005208 0.022222
7 0.654948 0.493519 0.006771 0.014815
5 0.644271 0.506481 0.007292 0.022222
6 0.645052 0.501852 0.006771 0.029630
6 0.616406 0.493981 0.006771 0.015741
5 0.612760 0.511111 0.007812 0.022222
6 0.613281 0.504630 0.007812 0.029630
6 0.623177 0.503241 0.007812 0.021296
5 0.623698 0.512500 0.010937 0.023148
5 0.607031 0.510185 0.009896 0.025926
5 0.638802 0.509259 0.007812 0.020370
6 0.639062 0.501389 0.007292 0.026852
7 0.629167 0.530093 0.026042 0.091667
7 0.581510 0.483333 0.005729 0.016667
7 0.585677 0.503704 0.010937 0.031481
7 0.575260 0.492593 0.014063 0.038889
7 0.575260 0.482407 0.009896 0.025926
7 0.556250 0.491667 0.011458 0.037037
7 0.569010 0.491667 0.018229 0.035185
5 0.595313 0.583796 0.072917 0.104630
6 0.602083 0.563426 0.043750 0.139815
7 0.598437 0.498611 0.005208 0.021296
6 0.593750 0.507407 0.016667 0.033333
7 0.548438 0.488426 0.007292 0.032407
7 0.542708 0.481481 0.006250 0.022222
7 0.546094 0.476389 0.004687 0.012037
7 0.547917 0.497685 0.012500 0.023148
0 0.558073 0.562500 0.058854 0.115741
7 0.510938 0.523611 0.020833 0.087963
7 0.520052 0.537037 0.010937 0.048148
7 0.538281 0.556481 0.027604 0.148148
7 0.492448 0.495833 0.008854 0.039815
7 0.517188 0.639815 0.038542 0.238889
7 0.482812 0.495833 0.007292 0.015741
7 0.488802 0.533796 0.023438 0.076852
7 0.366667 0.500000 0.011458 0.027778
7 0.373437 0.510185 0.007292 0.025926
7 0.390885 0.506944 0.013021 0.037963
7 0.385417 0.509722 0.012500 0.039815
7 0.404687 0.533796 0.016667 0.091667
7 0.416406 0.532407 0.018229 0.079630
5 0.365885 0.567593 0.076563 0.111111
6 0.342187 0.538426 0.022917 0.067593
6 0.363802 0.555556 0.022396 0.127778
5 0.407813 0.678704 0.059375 0.229630
7 0.262760 0.545370 0.015104 0.077778
5 0.240625 0.544444 0.043750 0.088889
5 0.217969 0.664815 0.117188 0.259259
5 0.279948 0.656019 0.118229 0.302778
4 0.839323 0.627778 0.233854 0.398148
0 0.668229 0.503704 0.015625 0.022222
7 0.845573 0.668519 0.060937 0.170370
7 0.902865 0.696759 0.082812 0.337963
5 0.814323 0.837037 0.227604 0.325926
6 0.748177 0.725463 0.102604 0.386111
6 0.822656 0.763889 0.184896 0.472222
5 0.656250 0.689352 0.076042 0.243519
6 0.649740 0.608333 0.055729 0.231481
6 0.661719 0.609259 0.068229 0.233333
7 0.667448 0.500926 0.006771 0.022222
7 0.679688 0.508333 0.012500 0.020370
5 0.681250 0.514815 0.022917 0.022222
5 0.682292 0.531019 0.023958 0.047222
7 0.699479 0.567130 0.028125 0.123148
7 0.467708 0.671759 0.093750 0.493519