7 0.306250 0.716667 0.075000 0.314815
8 0.134375 0.703704 0.047917 0.124074
7 0.075000 0.875926 0.062500 0.246296
7 0.181771 0.712963 0.172917 0.574074
3 0.471094 0.452315 0.316146 0.639815
7 0.526042 0.677315 0.096875 0.519444
7 0.408594 0.799074 0.171354 0.400000
7 0.483333 0.852778 0.078125 0.292593
7 0.673698 0.566667 0.024479 0.074074
7 0.651823 0.545833 0.026562 0.041667
7 0.648698 0.531944 0.043229 0.112037
7 0.657031 0.600926 0.036979 0.114815
7 0.718490 0.545370 0.008854 0.016667
7 0.708854 0.546759 0.012500 0.028704
5 0.698177 0.572222 0.020313 0.038889
6 0.696875 0.553241 0.014583 0.030556
6 0.698698 0.552778 0.008854 0.014815
7 0.705729 0.590278 0.030208 0.076852
7 0.741406 0.611111 0.041146 0.103704
7 0.731510 0.648148 0.035937 0.131481
7 0.708854 0.685185 0.046875 0.209259
7 0.623437 0.725926 0.077083 0.355556
7 0.680469 0.797222 0.093229 0.403704
7 0.568750 0.931019 0.131250 0.136111
7 0.579427 0.832407 0.093229 0.331481
0 0.752083 0.600463 0.087500 0.125000
7 0.768750 0.535185 0.006250 0.011111
7 0.775260 0.532407 0.005729 0.012963
7 0.780208 0.533796 0.006250 0.013889
7 0.808594 0.545833 0.019271 0.039815
7 0.793750 0.539815 0.015625 0.035185
7 0.865365 0.553241 0.016146 0.060185
7 0.871615 0.563889 0.021354 0.051852
0 0.921615 0.537037 0.090104 0.092593
4 0.955469 0.537037 0.088021 0.150000
7 0.883594 0.541204 0.021354 0.056481
5 0.910417 0.697685 0.051042 0.136111
6 0.891146 0.562500 0.035417 0.115741
6 0.903385 0.626389 0.039062 0.202778
5 0.864583 0.756481 0.083333 0.227778
6 0.828646 0.581944 0.043750 0.141667
6 0.858073 0.634722 0.088021 0.228704
7 0.775260 0.772222 0.177604 0.453704
7 0.885677 0.909259 0.103646 0.179630
5 0.947396 0.820370 0.104167 0.357407
6 0.924740 0.689352 0.046354 0.284259
6 0.956771 0.745370 0.085417 0.429630