3 0.523958 0.551852 0.009375 0.018519
6 0.519792 0.558333 0.011458 0.029630
7 0.540625 0.564352 0.012500 0.050926
7 0.549219 0.558796 0.007812 0.037963
7 0.544271 0.551852 0.006250 0.016667
7 0.548177 0.553241 0.005729 0.017593
6 0.553646 0.559722 0.014583 0.043519
5 0.552083 0.578241 0.011458 0.034259
5 0.563281 0.606944 0.030729 0.086111
6 0.565365 0.583796 0.030729 0.100926
5 0.593490 0.623611 0.030729 0.093519
6 0.594531 0.595833 0.033854 0.112037
7 0.610938 0.567593 0.009375 0.053704
7 0.606771 0.580556 0.017708 0.087037
2 0.639583 0.556481 0.054167 0.118519
7 0.717187 0.517130 0.020833 0.075000
7 0.803906 0.527778 0.050521 0.107407
0 0.719271 0.681481 0.216667 0.275926
5 0.966406 0.623611 0.067187 0.141667
7 0.965365 0.729167 0.067187 0.304630
7 0.489583 0.546296 0.004167 0.018519
7 0.493490 0.546759 0.008854 0.017593
7 0.502604 0.550463 0.006250 0.012037
7 0.496094 0.552778 0.007812 0.018519
7 0.486198 0.549537 0.011979 0.019444
7 0.477344 0.549074 0.010937 0.018519
7 0.473958 0.545370 0.016667 0.027778
7 0.512500 0.546759 0.010417 0.023148
6 0.519010 0.560648 0.013021 0.036111
6 0.525781 0.563426 0.014063 0.037963
6 0.534635 0.596759 0.027604 0.108333
5 0.538542 0.658333 0.028125 0.105556
7 0.453385 0.562500 0.011979 0.028704
7 0.455469 0.575000 0.013021 0.053704
7 0.443229 0.587963 0.020833 0.075926
7 0.403646 0.600926 0.021875 0.081481
7 0.391927 0.587500 0.008854 0.030556
7 0.400000 0.661111 0.027083 0.142593
7 0.373177 0.648148 0.021354 0.162963
7 0.388281 0.676389 0.032813 0.145370
7 0.332813 0.635185 0.032292 0.198148
7 0.353125 0.617130 0.041667 0.178704
7 0.359635 0.673611 0.048438 0.234259
7 0.266146 0.582870 0.025000 0.102778
7 0.280990 0.579630 0.048438 0.116667
7 0.315365 0.670370 0.039062 0.242593
7 0.292187 0.695833 0.060417 0.265741
0 0.480729 0.620370 0.068750 0.131481
7 0.173437 0.646296 0.068750 0.222222
0 0.055729 0.636111 0.111458 0.229630
6 0.010156 0.708796 0.019271 0.191667
5 0.035156 0.856019 0.067187 0.223148
7 0.241146 0.770370 0.136458 0.459259
5 0.514323 0.763426 0.088021 0.276852
6 0.512240 0.684259 0.081771 0.268519