0 0.355469 0.579167 0.095312 0.100926
0 0.391146 0.536574 0.023958 0.023148
0 0.420573 0.537500 0.019271 0.025000
7 0.389323 0.537500 0.007812 0.017593
7 0.402865 0.560185 0.015104 0.081481
7 0.415625 0.568056 0.017708 0.075000
7 0.428385 0.564352 0.010937 0.062037
6 0.423177 0.537500 0.006771 0.019444
5 0.423438 0.547222 0.009375 0.018519
3 0.467187 0.529167 0.016667 0.015741
7 0.524479 0.582407 0.023958 0.107407
7 0.539844 0.600463 0.018229 0.063889
5 0.569010 0.589815 0.026562 0.074074
6 0.563021 0.565741 0.016667 0.088889
6 0.570312 0.571296 0.023958 0.088889
7 0.592708 0.573611 0.023958 0.100926
7 0.602083 0.568056 0.011458 0.062037
7 0.625781 0.557870 0.007812 0.026852
7 0.659375 0.535648 0.005208 0.010185
7 0.655990 0.531481 0.003646 0.012963
7 0.582031 0.569444 0.008854 0.057407
7 0.629948 0.540741 0.004687 0.016667
7 0.622917 0.533796 0.004167 0.015741
7 0.680990 0.541667 0.004687 0.014815
7 0.685677 0.543519 0.005729 0.020370
7 0.666927 0.590278 0.029687 0.154630
7 0.692708 0.594907 0.018750 0.137963
7 0.709375 0.549074 0.015625 0.025926
7 0.734375 0.542130 0.021875 0.041667
7 0.727604 0.533796 0.017708 0.052778
7 0.759375 0.534722 0.020833 0.043519
7 0.833333 0.513426 0.010417 0.013889
7 0.825781 0.519907 0.010937 0.030556
7 0.815625 0.524537 0.012500 0.034259
7 0.806250 0.531481 0.015625 0.057407
7 0.791927 0.532407 0.016146 0.055556
7 0.772135 0.537500 0.011979 0.039815
7 0.891927 0.701852 0.063021 0.392593
7 0.962240 0.718981 0.075521 0.221296
7 0.494271 0.585648 0.031250 0.145370
7 0.480729 0.578241 0.018750 0.136111
7 0.471615 0.565278 0.011979 0.065741
7 0.459896 0.565278 0.018750 0.062037
7 0.450781 0.536574 0.009896 0.036111
7 0.435156 0.574074 0.018229 0.077778
7 0.511458 0.597222 0.025000 0.137037
7 0.461198 0.617593 0.019271 0.081481
7 0.444531 0.601852 0.027604 0.127778
3 0.541406 0.543056 0.025521 0.030556
3 0.644531 0.546296 0.032813 0.051852
0 0.144010 0.558796 0.065104 0.141667
7 0.780208 0.539352 0.012500 0.036111
7 0.742448 0.537037 0.005729 0.014815
7 0.749479 0.544907 0.006250 0.030556
0 0.225521 0.577315 0.089583 0.089815