7 0.462240 0.562500 0.008854 0.043519
7 0.458333 0.568519 0.010417 0.035185
7 0.451042 0.568056 0.025000 0.069444
7 0.490365 0.571759 0.028646 0.075000
7 0.501302 0.575463 0.017188 0.063889
7 0.418750 0.573148 0.011458 0.051852
7 0.407813 0.569907 0.011458 0.060185
7 0.402604 0.568981 0.007292 0.054630
7 0.397656 0.568056 0.006771 0.041667
5 0.307552 0.578704 0.028646 0.029630
6 0.307552 0.569907 0.008854 0.036111
6 0.304427 0.569444 0.009896 0.035185
6 0.300521 0.565741 0.012500 0.033333
7 0.395833 0.555093 0.004167 0.012037
7 0.395833 0.574537 0.006250 0.041667
7 0.391146 0.581019 0.010417 0.060185
7 0.378125 0.573148 0.014583 0.062963
7 0.370052 0.576852 0.008854 0.055556
7 0.364844 0.581019 0.013021 0.060185
7 0.353385 0.574537 0.010937 0.050926
0 0.474219 0.545833 0.011979 0.010185
5 0.440104 0.674074 0.050000 0.142593
5 0.486458 0.709259 0.062500 0.187037
7 0.429427 0.559722 0.021354 0.043519
6 0.440365 0.628704 0.049479 0.161111
6 0.493229 0.660185 0.059375 0.205556
6 0.488281 0.675000 0.067187 0.248148
6 0.485156 0.622222 0.041146 0.077778
0 0.274740 0.596759 0.028646 0.080556
0 0.271354 0.601852 0.020833 0.074074
0 0.640885 0.550463 0.106771 0.097222
7 0.616927 0.619907 0.052604 0.167593
7 0.653906 0.603241 0.048438 0.117593
7 0.695573 0.605093 0.063021 0.184259
5 0.797917 0.781019 0.098958 0.223148
6 0.761198 0.647222 0.054688 0.225926
5 0.592187 0.831019 0.136458 0.258333
6 0.537760 0.724537 0.036979 0.343519
6 0.567708 0.719907 0.080208 0.365741
6 0.586458 0.778241 0.114583 0.439815
5 0.736458 0.887500 0.281250 0.223148
6 0.727865 0.785185 0.164062 0.420370
4 0.850260 0.711111 0.299479 0.577778
5 0.962760 0.938889 0.070312 0.120370
6 0.976042 0.749537 0.047917 0.404630
4 0.137500 0.500463 0.272917 0.999074
7 0.281250 0.537037 0.008333 0.037037
7 0.277083 0.538889 0.007292 0.040741
7 0.656250 0.697685 0.048958 0.102778