7 0.539323 0.570370 0.013021 0.055556
7 0.532813 0.568981 0.010417 0.056481
0 0.496094 0.575000 0.024479 0.062963
7 0.497135 0.575926 0.017188 0.094444
7 0.511198 0.581019 0.019271 0.084259
5 0.548958 0.583333 0.045833 0.048148
5 0.541146 0.597222 0.051042 0.059259
5 0.534115 0.611111 0.059896 0.083333
5 0.546875 0.642593 0.056250 0.129630
7 0.588542 0.571296 0.014583 0.048148
7 0.583333 0.606481 0.019792 0.120370
7 0.597396 0.613426 0.017708 0.082407
7 0.571094 0.600926 0.028646 0.135185
7 0.599219 0.582870 0.014063 0.058333
7 0.607031 0.556481 0.010937 0.031481
7 0.616667 0.559259 0.011458 0.033333
7 0.624479 0.557870 0.007292 0.025000
7 0.613542 0.600000 0.020833 0.092593
7 0.624740 0.558796 0.009896 0.023148
7 0.619271 0.565278 0.009375 0.019444
7 0.630469 0.578241 0.016146 0.050926
7 0.637500 0.557407 0.007292 0.022222
7 0.648958 0.549537 0.004167 0.008333
7 0.653125 0.561574 0.009375 0.039815
7 0.657292 0.558796 0.007292 0.025000
7 0.663021 0.570833 0.008333 0.043519
5 0.679167 0.612037 0.028125 0.075926
6 0.680469 0.589352 0.028646 0.084259
6 0.675781 0.584259 0.026562 0.074074
7 0.672917 0.556019 0.007292 0.026852
7 0.684375 0.560648 0.010417 0.036111
2 0.719271 0.559259 0.027083 0.066667
5 0.710417 0.578704 0.026042 0.040741
6 0.704948 0.567593 0.008854 0.048148
6 0.709115 0.566667 0.016146 0.053704
5 0.741406 0.579630 0.020313 0.046296
7 0.774740 0.542130 0.019271 0.036111
5 0.786719 0.590278 0.040104 0.075000
5 0.826562 0.597685 0.054167 0.073148
7 0.907031 0.588889 0.035937 0.137037
5 0.847396 0.708796 0.075000 0.197222
6 0.851042 0.648148 0.066667 0.225926
5 0.902604 0.681481 0.058333 0.157407
6 0.918490 0.626852 0.048438 0.196296
7 0.979167 0.553704 0.037500 0.092593
5 0.947656 0.810185 0.104688 0.287037
6 0.953125 0.743519 0.093750 0.396296
0 0.967708 0.866667 0.064583 0.266667
7 0.970313 0.598148 0.027083 0.079630
5 0.647396 0.688889 0.068750 0.177778
6 0.650521 0.640741 0.055208 0.188889
7 0.408594 0.628241 0.036979 0.152778