2 0.448958 0.527778 0.006250 0.012963
0 0.455208 0.526389 0.007292 0.012037
5 0.454427 0.531944 0.001563 0.006481
6 0.454427 0.527778 0.002604 0.009259
0 0.461979 0.535648 0.011458 0.019444
2 0.439063 0.527778 0.006250 0.012963
5 0.441927 0.534722 0.002604 0.008333
6 0.441146 0.529167 0.003125 0.008333
6 0.444531 0.527315 0.001563 0.010185
5 0.444531 0.533333 0.002604 0.007407
7 0.416406 0.530093 0.005729 0.012037
7 0.411198 0.544444 0.005729 0.029630
5 0.415365 0.553241 0.005729 0.013889
5 0.422135 0.558333 0.008854 0.037037
6 0.422656 0.550463 0.010937 0.037963
6 0.429688 0.550926 0.009375 0.035185
5 0.426823 0.565741 0.006771 0.025926
5 0.438021 0.574074 0.020833 0.050000
6 0.437500 0.564352 0.017708 0.058333
7 0.402865 0.546296 0.007812 0.035185
5 0.361719 0.595370 0.028646 0.074074
6 0.361198 0.575926 0.023438 0.092593
0 0.505208 0.537963 0.009375 0.020370
0 0.520833 0.542130 0.016667 0.028704
5 0.540885 0.550926 0.007812 0.018519
6 0.539844 0.543056 0.005729 0.017593
5 0.576562 0.554167 0.008333 0.021296
6 0.574740 0.544907 0.008854 0.023148
5 0.566667 0.553241 0.008333 0.015741
5 0.555990 0.554630 0.006771 0.025926
6 0.565625 0.543981 0.008333 0.026852
6 0.555729 0.543056 0.007292 0.026852
0 0.648958 0.556019 0.029167 0.034259
0 0.684375 0.556481 0.021875 0.042593
0 0.611719 0.562963 0.046354 0.055556
2 0.872656 0.575000 0.061979 0.083333
5 0.763281 0.574537 0.026562 0.039815
5 0.912760 0.594907 0.016146 0.054630
7 0.138281 0.591667 0.023438 0.057407
6 0.416406 0.542130 0.006771 0.023148
5 0.450781 0.532870 0.002604 0.004630
6 0.450521 0.529167 0.002083 0.008333