5 0.622135 0.608333 0.006771 0.014815
6 0.622135 0.602315 0.006771 0.019444
2 0.626823 0.603241 0.005729 0.019444
7 0.633073 0.595833 0.010937 0.063889
5 0.672917 0.602315 0.026042 0.052778
0 0.715625 0.582407 0.017708 0.042593
0 0.747396 0.587037 0.057292 0.068519
0 0.824740 0.591204 0.052604 0.041667
0 0.868490 0.591667 0.061979 0.046296
0 0.905469 0.600000 0.056771 0.055556
2 0.925521 0.600463 0.069792 0.071296
5 0.955729 0.614815 0.027083 0.062963
5 0.970313 0.609722 0.022917 0.060185
3 0.769531 0.578704 0.063021 0.146296
5 0.702604 0.650463 0.048958 0.132407
6 0.694271 0.575926 0.031250 0.092593
6 0.686979 0.611111 0.041667 0.161111
6 0.702344 0.616667 0.046354 0.142593
5 0.588542 0.606481 0.014583 0.018519
6 0.589844 0.599537 0.007812 0.023148
6 0.593750 0.599074 0.004167 0.024074
7 0.577865 0.596296 0.004687 0.024074
7 0.565104 0.597222 0.006250 0.025926
5 0.543750 0.606019 0.013542 0.017593
6 0.507031 0.563426 0.013021 0.032407
0 0.421615 0.710185 0.256771 0.362963
6 0.438281 0.530556 0.022396 0.025926
7 0.518229 0.236574 0.005208 0.010185