7 0.636458 0.517130 0.004167 0.019444
7 0.632812 0.516204 0.005208 0.019444
7 0.625781 0.509722 0.004687 0.012037
7 0.620573 0.521759 0.006771 0.017593
7 0.626563 0.523148 0.006250 0.012963
7 0.617969 0.524537 0.003646 0.008333
7 0.613281 0.526852 0.006771 0.029630
6 0.617188 0.533333 0.008333 0.020370
0 0.625000 0.534259 0.011458 0.025926
2 0.640885 0.537500 0.016146 0.030556
7 0.632812 0.536574 0.008333 0.023148
7 0.641146 0.559722 0.009375 0.049074
3 0.663542 0.531019 0.025000 0.008333
5 0.648177 0.568981 0.007812 0.041667
6 0.649479 0.542593 0.007292 0.018519
2 0.692448 0.574074 0.088021 0.096296
6 0.674479 0.567593 0.027083 0.059259
7 0.843750 0.652778 0.034375 0.062963
7 0.862760 0.639815 0.040104 0.222222
7 0.878646 0.582870 0.023958 0.099074
7 0.607292 0.518519 0.005208 0.011111
7 0.609375 0.530556 0.006250 0.024074
7 0.604688 0.537500 0.007292 0.012037
7 0.598437 0.529630 0.007292 0.025926
7 0.591146 0.528241 0.006250 0.030556
3 0.591146 0.516204 0.023958 0.058333
6 0.578125 0.522222 0.005208 0.027778
7 0.596875 0.539815 0.006250 0.011111
5 0.636979 0.583796 0.009375 0.056481
6 0.633073 0.555556 0.013021 0.033333
6 0.625521 0.546296 0.012500 0.020370
7 0.552865 0.539352 0.006771 0.025000
7 0.544531 0.568056 0.015104 0.078704
7 0.558333 0.567593 0.017708 0.077778
7 0.569792 0.550000 0.012500 0.031481
0 0.595833 0.583796 0.080208 0.084259
5 0.579167 0.621296 0.029167 0.087037
6 0.578125 0.576852 0.028125 0.070370
0 0.756510 0.702315 0.219271 0.276852
7 0.492708 0.545833 0.010417 0.045370
7 0.475521 0.515741 0.004167 0.005556
7 0.471615 0.515741 0.003646 0.007407
7 0.467708 0.515741 0.005208 0.012963
5 0.488542 0.584722 0.036458 0.058333
6 0.489063 0.573611 0.020833 0.082407
6 0.482292 0.569444 0.018750 0.059259
7 0.509375 0.560185 0.011458 0.035185
7 0.531250 0.573611 0.018750 0.050926
7 0.531250 0.606481 0.017708 0.125926
7 0.488802 0.652315 0.021354 0.108333
7 0.518229 0.617593 0.032292 0.183333
7 0.395052 0.525463 0.014063 0.025000
7 0.376302 0.577778 0.022396 0.100000
5 0.402344 0.594444 0.038021 0.055556
7 0.414062 0.604630 0.011458 0.077778
7 0.430729 0.603704 0.017708 0.079630
5 0.295833 0.770833 0.245833 0.291667
5 0.927083 0.619444 0.094792 0.096296
5 0.978906 0.641667 0.038021 0.103704
7 0.921615 0.544444 0.013021 0.012963
7 0.990104 0.658333 0.017708 0.124074
5 0.925781 0.843056 0.144271 0.313889
6 0.935937 0.772685 0.126042 0.447222
7 0.399219 0.581481 0.008854 0.072222