5 0.402344 0.543519 0.008854 0.020370
6 0.401823 0.537037 0.008854 0.025926
1 0.441927 0.524537 0.023438 0.028704
0 0.646094 0.553704 0.035937 0.037037
7 0.788542 0.557870 0.011458 0.026852
7 0.780208 0.557870 0.007292 0.028704
5 0.625781 0.555093 0.011979 0.030556
6 0.626042 0.549074 0.007292 0.031481
5 0.615104 0.555556 0.013542 0.033333
6 0.613802 0.546296 0.010937 0.040741
0 0.496875 0.538889 0.015625 0.020370
0 0.522135 0.540278 0.006771 0.012037
6 0.425260 0.542593 0.010937 0.035185
5 0.426302 0.554630 0.010937 0.027778
5 0.439063 0.574537 0.021875 0.054630
6 0.439063 0.562963 0.017708 0.057407
5 0.415625 0.565278 0.013542 0.047222
7 0.383333 0.555093 0.009375 0.041667
7 0.371615 0.554630 0.010937 0.042593
7 0.253906 0.607407 0.026562 0.153704
2 0.112240 0.751852 0.222396 0.494444
6 0.416667 0.553704 0.012500 0.048148
2 0.434635 0.540278 0.011979 0.019444
0 0.432552 0.531019 0.014063 0.008333
5 0.375521 0.531944 0.003125 0.006481
6 0.375781 0.528241 0.003646 0.010185