4 0.390625 0.494444 0.033333 0.042593
7 0.392708 0.518056 0.011458 0.030556
0 0.409115 0.519907 0.026562 0.026852
7 0.429167 0.511111 0.009375 0.024074
6 0.420312 0.517593 0.010417 0.033333
7 0.429948 0.521759 0.009896 0.025000
7 0.426563 0.527315 0.008333 0.013889
7 0.441146 0.545370 0.007292 0.051852
6 0.436979 0.517593 0.009375 0.029630
6 0.439844 0.521296 0.009896 0.025926
0 0.457031 0.515741 0.028646 0.025926
0 0.490625 0.522222 0.054167 0.048148
7 0.501042 0.531944 0.012500 0.058333
5 0.488802 0.554167 0.007812 0.012037
6 0.479427 0.523611 0.018229 0.036111
6 0.486979 0.528704 0.018750 0.046296
7 0.470052 0.555556 0.011979 0.033333
7 0.454427 0.540278 0.023438 0.073148
7 0.484115 0.631944 0.040104 0.219444
7 0.448177 0.638889 0.044271 0.211111
7 0.364323 0.643981 0.066146 0.256481
7 0.358073 0.649537 0.066146 0.308333
7 0.323177 0.668981 0.053646 0.256481
7 0.280469 0.617593 0.043229 0.133333
7 0.261719 0.629167 0.049479 0.139815
7 0.229167 0.637963 0.036458 0.138889
7 0.194271 0.673611 0.060417 0.289815
7 0.171094 0.695370 0.086979 0.372222
7 0.142969 0.689815 0.078646 0.355556
7 0.114323 0.692130 0.066146 0.297222
7 0.056250 0.675926 0.073958 0.357407
5 0.063021 0.727778 0.100000 0.174074
5 0.658594 0.515278 0.016146 0.043519
5 0.625000 0.605556 0.041667 0.124074
6 0.627865 0.535648 0.021354 0.049074
6 0.627083 0.575463 0.038542 0.119444
7 0.680729 0.593981 0.043750 0.176852
2 0.686198 0.502315 0.027604 0.047222
1 0.762500 0.481019 0.100000 0.089815
4 0.830208 0.487963 0.080208 0.077778
0 0.883073 0.491204 0.031771 0.056481
7 0.842708 0.506944 0.012500 0.030556
7 0.831250 0.508796 0.016667 0.039815
7 0.809896 0.501389 0.027083 0.043519
7 0.835156 0.644444 0.047396 0.255556
7 0.903906 0.721296 0.089063 0.346296
7 0.962240 0.698148 0.075521 0.329630