5 0.087760 0.904167 0.175521 0.187963
5 0.215885 0.811111 0.190104 0.374074
7 0.219792 0.579167 0.034375 0.226852
7 0.264844 0.594907 0.040104 0.200926
7 0.294531 0.570370 0.046354 0.212963
7 0.318490 0.621296 0.043229 0.183333
5 0.436719 0.620833 0.033854 0.110185
7 0.437500 0.567130 0.010417 0.058333
7 0.447396 0.565741 0.011458 0.077778
7 0.454688 0.574537 0.014583 0.063889
5 0.467708 0.579167 0.023958 0.060185
5 0.471354 0.550926 0.012500 0.020370
6 0.470052 0.541667 0.005729 0.024074
6 0.474479 0.543519 0.008333 0.029630
5 0.480469 0.578704 0.014063 0.053704
6 0.479427 0.555093 0.014063 0.043519
5 0.499740 0.560648 0.015104 0.037963
6 0.500521 0.547685 0.014583 0.039815
5 0.520052 0.557870 0.014063 0.034259
6 0.515625 0.548148 0.009375 0.042593
6 0.520052 0.548148 0.009896 0.038889
5 0.535937 0.560648 0.009375 0.037963
5 0.532031 0.563426 0.016146 0.043519
6 0.530729 0.551389 0.012500 0.047222
6 0.536979 0.549537 0.009375 0.047222
7 0.554948 0.545833 0.007812 0.039815
5 0.551042 0.587037 0.025000 0.062963
6 0.549219 0.566667 0.020313 0.077778
6 0.546615 0.545370 0.005729 0.038889
5 0.563542 0.562037 0.014583 0.022222
5 0.574219 0.572222 0.021354 0.033333
0 0.607552 0.567130 0.053646 0.063889
5 0.591406 0.588426 0.023438 0.045370
6 0.586979 0.566667 0.014583 0.070370
6 0.590885 0.564352 0.016146 0.054630
5 0.618490 0.578241 0.029687 0.049074
5 0.623958 0.602315 0.026042 0.065741
5 0.655208 0.603704 0.034375 0.081481
5 0.647917 0.571296 0.020833 0.046296
5 0.744792 0.657407 0.103125 0.151852
6 0.743750 0.631019 0.060417 0.182407
5 0.767969 0.708333 0.061979 0.137037
5 0.885417 0.698611 0.068750 0.067593
5 0.946354 0.800926 0.105208 0.355556
5 0.859896 0.841667 0.196875 0.314815
6 0.858073 0.771296 0.144271 0.451852
7 0.489583 0.578241 0.014583 0.091667