7 0.333854 0.589352 0.020833 0.121296
7 0.321094 0.588889 0.020313 0.129630
7 0.297135 0.604630 0.022396 0.101852
7 0.280208 0.587963 0.035417 0.133333
7 0.251563 0.603241 0.021875 0.108333
5 0.102865 0.603704 0.032813 0.109259
0 0.166146 0.594444 0.111458 0.135185
7 0.075781 0.643056 0.041146 0.167593
7 0.071615 0.663426 0.023438 0.149074
7 0.014323 0.623611 0.020313 0.043519
3 0.932031 0.520370 0.014063 0.027778
7 0.920312 0.553241 0.010417 0.080556
7 0.912760 0.554630 0.014063 0.070370
7 0.902083 0.557870 0.011458 0.069444
7 0.898698 0.572685 0.014063 0.082407
7 0.880208 0.559259 0.015625 0.092593
7 0.886198 0.565278 0.013021 0.097222
7 0.847917 0.553241 0.013542 0.082407
7 0.821615 0.531944 0.009896 0.039815
5 0.550000 0.567593 0.037500 0.072222
5 0.639583 0.562500 0.015625 0.023148
5 0.678646 0.571296 0.048958 0.057407
5 0.839583 0.571296 0.042708 0.057407
5 0.797135 0.598148 0.048438 0.077778
3 0.580469 0.544444 0.055729 0.118519
7 0.632812 0.569444 0.033333 0.072222
7 0.667448 0.571296 0.025521 0.070370
0 0.680729 0.559259 0.088542 0.075926
7 0.702344 0.519907 0.007812 0.010185
7 0.740365 0.552778 0.048438 0.079630
7 0.760677 0.552778 0.015104 0.094444
7 0.754948 0.551389 0.010937 0.086111
7 0.769531 0.553241 0.011979 0.091667
7 0.781250 0.535648 0.014583 0.076852
0 0.808594 0.542130 0.021354 0.041667
6 0.804948 0.568519 0.026562 0.100000
6 0.792188 0.566667 0.031250 0.107407
7 0.866667 0.554630 0.016667 0.081481
6 0.832812 0.561574 0.019792 0.084259
7 0.930990 0.529167 0.010937 0.021296
7 0.946094 0.548611 0.010937 0.058333
7 0.950781 0.533796 0.006771 0.023148
0 0.968750 0.546759 0.033333 0.052778
0 0.984375 0.527315 0.015625 0.026852
0 0.985417 0.565278 0.027083 0.082407
3 0.931771 0.556019 0.021875 0.047222