3 0.567187 0.536111 0.009375 0.018519
4 0.514583 0.525463 0.044792 0.091667
4 0.461719 0.542130 0.093229 0.091667
5 0.352604 0.563889 0.044792 0.048148
6 0.355469 0.543056 0.024479 0.067593
5 0.173437 0.532870 0.046875 0.058333
5 0.083854 0.499537 0.018750 0.052778
13 0.657292 0.351389 0.011458 0.015741
13 0.655729 0.408796 0.010417 0.084259
4 0.611719 0.536574 0.023438 0.052778
4 0.651042 0.506481 0.061458 0.077778
5 0.777344 0.579630 0.026562 0.062963
6 0.785156 0.539815 0.024479 0.040741
5 0.738021 0.747685 0.066667 0.173148
6 0.720052 0.570833 0.030729 0.110185
6 0.740885 0.655556 0.066146 0.301852
0 0.834375 0.609722 0.121875 0.175000
5 0.847917 0.736111 0.079167 0.253704
6 0.878646 0.631944 0.093750 0.254630
6 0.918229 0.583333 0.039583 0.138889
5 0.704427 0.836574 0.038021 0.158333
6 0.677083 0.553241 0.027083 0.073148
6 0.700521 0.697685 0.058333 0.360185
5 0.194792 0.726389 0.089583 0.219444
6 0.207292 0.677778 0.059375 0.281481
5 0.283854 0.730556 0.107292 0.257407
6 0.299219 0.679167 0.068229 0.302778
6 0.264583 0.663889 0.073958 0.251852
6 0.992448 0.556944 0.013021 0.060185
5 0.904687 0.851389 0.187500 0.287963
6 0.910937 0.747685 0.175000 0.497222
5 0.638542 0.824074 0.176042 0.350000
6 0.640104 0.754630 0.159375 0.487037
6 0.431771 0.569444 0.025000 0.077778
5 0.485417 0.763426 0.096875 0.302778
6 0.483594 0.706944 0.102604 0.376852
5 0.408854 0.842593 0.159375 0.303704
6 0.421615 0.767130 0.126562 0.456481
4 0.043750 0.458333 0.083333 0.194444
13 0.989323 0.051389 0.019271 0.052778
13 0.989844 0.234722 0.017188 0.204630