7 0.358333 0.574537 0.013542 0.052778
7 0.380208 0.567593 0.006250 0.029630
7 0.376823 0.566667 0.006771 0.033333
7 0.372396 0.576389 0.009375 0.069444
7 0.368750 0.586111 0.009375 0.035185
7 0.385156 0.574074 0.015104 0.062963
7 0.394010 0.580093 0.008854 0.041667
7 0.397135 0.579630 0.013021 0.059259
7 0.403385 0.568519 0.007812 0.048148
7 0.409896 0.568519 0.009375 0.042593
7 0.411458 0.576389 0.008333 0.043519
7 0.416406 0.570833 0.011979 0.062037
7 0.419531 0.568981 0.007812 0.037963
7 0.426042 0.566204 0.011458 0.037963
7 0.467448 0.549074 0.009896 0.018519
7 0.480990 0.546296 0.006771 0.012963
7 0.457552 0.564352 0.030729 0.073148
7 0.508594 0.583333 0.013021 0.079630
7 0.495573 0.567593 0.025521 0.064815
5 0.445573 0.673148 0.050521 0.146296
6 0.442188 0.626389 0.043750 0.163889
5 0.494010 0.716667 0.066146 0.198148
6 0.497917 0.650463 0.062500 0.180556
6 0.492448 0.675000 0.068229 0.251852
6 0.492708 0.634259 0.039583 0.096296
0 0.666927 0.578241 0.143229 0.152778
7 0.666406 0.627778 0.048438 0.159259
7 0.629948 0.617593 0.054688 0.162963
7 0.713281 0.616204 0.059896 0.210185
5 0.608333 0.837963 0.151042 0.275926
6 0.544271 0.734259 0.034375 0.355556
6 0.560156 0.725463 0.048438 0.376852
6 0.599479 0.777315 0.121875 0.445370
6 0.778125 0.625463 0.044792 0.180556
5 0.819792 0.751389 0.109375 0.189815
4 0.853385 0.709722 0.293229 0.580556
5 0.756250 0.898611 0.304167 0.202778
6 0.751563 0.787037 0.146875 0.425926
5 0.312760 0.579167 0.028646 0.030556
6 0.314323 0.571296 0.008854 0.037037
6 0.309896 0.568981 0.008333 0.036111
6 0.303906 0.568519 0.007812 0.040741
0 0.480729 0.546759 0.012500 0.012037
0 0.279948 0.595833 0.027604 0.082407
0 0.275260 0.602315 0.026562 0.073148
4 0.134115 0.500463 0.267188 0.999074