0 0.510156 0.570370 0.006771 0.009259
3 0.514323 0.569907 0.005729 0.006481
3 0.519531 0.572685 0.005729 0.012037
0 0.535156 0.575000 0.005729 0.016667
5 0.506510 0.579630 0.005729 0.014815
5 0.500781 0.583333 0.009896 0.020370
5 0.530990 0.581481 0.006771 0.016667
5 0.525521 0.582407 0.008333 0.018519
6 0.507031 0.572222 0.005729 0.014815
6 0.500781 0.571296 0.007812 0.018519
6 0.530990 0.570370 0.006771 0.016667
6 0.525000 0.574074 0.008333 0.027778
10 0.478906 0.557407 0.008854 0.014815
10 0.465885 0.553704 0.013021 0.011111
4 0.391146 0.517130 0.092708 0.210185
4 0.187500 0.509259 0.355208 0.531481
5 0.643750 0.587500 0.011458 0.030556
6 0.643490 0.580556 0.011979 0.031481
4 0.686458 0.565278 0.051042 0.067593
5 0.673177 0.590278 0.010937 0.034259
6 0.672135 0.581019 0.013021 0.032407
4 0.851823 0.585185 0.104688 0.116667
4 0.802604 0.595833 0.078125 0.102778
5 0.942448 0.633796 0.040104 0.063889
6 0.936198 0.612500 0.022396 0.089815
5 0.959896 0.842593 0.080208 0.312963
6 0.975781 0.819444 0.048438 0.188889
6 0.983854 0.949537 0.030208 0.097222
3 0.454948 0.569444 0.013021 0.037037