4 0.498437 0.516667 0.011458 0.022222
3 0.517969 0.516204 0.007812 0.012037
4 0.523177 0.517130 0.006771 0.015741
0 0.524740 0.522222 0.004687 0.012963
4 0.531510 0.525463 0.013021 0.026852
5 0.567708 0.527778 0.004167 0.011111
6 0.567187 0.524074 0.004167 0.011111
5 0.584896 0.532407 0.005208 0.011111
6 0.584375 0.527778 0.005208 0.016667
0 0.621615 0.528704 0.016146 0.012963
6 0.626302 0.527778 0.005729 0.009259
10 0.661719 0.471759 0.023438 0.036111
0 0.796615 0.566204 0.038021 0.069444
4 0.739844 0.551389 0.095312 0.121296
2 0.508854 0.525000 0.007292 0.016667
0 0.516667 0.529630 0.013542 0.020370
5 0.554427 0.542130 0.022396 0.028704
6 0.554427 0.538426 0.011979 0.034259
5 0.532292 0.610185 0.037500 0.105556
6 0.531250 0.583333 0.036458 0.107407
0 0.638281 0.585185 0.091146 0.112963
3 0.418490 0.523611 0.017188 0.019444
3 0.431510 0.523148 0.009896 0.014815
0 0.672917 0.537500 0.018750 0.030556