4 0.220573 0.507407 0.027604 0.050000
4 0.240885 0.562037 0.083854 0.098148
4 0.106771 0.554630 0.212500 0.216667
0 0.377604 0.569444 0.076042 0.074074
0 0.622135 0.550000 0.015104 0.022222
5 0.598437 0.559259 0.007292 0.020370
6 0.598437 0.552315 0.008333 0.025000
6 0.569531 0.573611 0.018229 0.060185
5 0.569271 0.593981 0.021875 0.056481
5 0.532552 0.579167 0.014063 0.039815
6 0.532292 0.567593 0.014583 0.046296
5 0.552865 0.599537 0.020313 0.067593
6 0.555469 0.581019 0.025521 0.084259
5 0.505469 0.581019 0.019271 0.045370
6 0.504687 0.571759 0.017708 0.062037
5 0.492448 0.602315 0.024479 0.073148
6 0.490104 0.580556 0.029167 0.077778
5 0.427344 0.606944 0.024479 0.058333
6 0.426563 0.583796 0.019792 0.071296
5 0.445573 0.618519 0.029687 0.072222
6 0.444271 0.590741 0.026042 0.098148
0 0.797396 0.546759 0.028125 0.028704
6 0.823698 0.544444 0.014063 0.022222
6 0.920312 0.541667 0.012500 0.031481
6 0.927865 0.543056 0.014063 0.036111
5 0.019010 0.934722 0.038021 0.128704