0 0.509896 0.541667 0.011458 0.012963
10 0.419531 0.515278 0.014063 0.021296
5 0.504687 0.553241 0.004167 0.008333
1 0.549219 0.542593 0.028646 0.053704
6 0.503646 0.548148 0.004167 0.011111
5 0.508854 0.553704 0.005208 0.009259
0 0.517708 0.557407 0.018750 0.029630
6 0.509896 0.550000 0.005208 0.012963
5 0.639323 0.560648 0.009896 0.021296
6 0.639323 0.553704 0.008854 0.025926
4 0.675781 0.543981 0.063021 0.091667
0 0.609115 0.579167 0.061979 0.076852
5 0.493490 0.575463 0.015104 0.037963
6 0.492448 0.560648 0.016146 0.045370
6 0.491406 0.556944 0.017188 0.045370
5 0.463281 0.604167 0.027604 0.065741
6 0.462240 0.575463 0.026562 0.091667
5 0.516146 0.564815 0.007292 0.027778
6 0.515365 0.556481 0.010937 0.031481
0 0.556510 0.561111 0.029687 0.042593
0 0.934896 0.811574 0.128125 0.369444