3 0.455990 0.580093 0.015104 0.019444
3 0.436719 0.574074 0.018229 0.031481
0 0.490885 0.568056 0.030729 0.047222
3 0.597656 0.550463 0.023438 0.023148
6 0.606510 0.550000 0.009896 0.025926
3 0.657813 0.564815 0.011458 0.024074
3 0.674479 0.555093 0.011458 0.012037
0 0.693750 0.561574 0.027083 0.032407
2 0.876563 0.561111 0.036458 0.057407
5 0.863281 0.580093 0.029687 0.037963
6 0.860417 0.568981 0.016667 0.050926
5 0.891406 0.589815 0.033854 0.053704
6 0.893750 0.571296 0.029167 0.070370
5 0.925260 0.599074 0.040104 0.053704
6 0.926302 0.579630 0.033854 0.094444
0 0.373177 0.565278 0.044271 0.041667
7 0.340885 0.590741 0.017188 0.057407
3 0.371354 0.591204 0.045833 0.052778
7 0.398438 0.581019 0.017708 0.080556
7 0.410677 0.584259 0.014063 0.081481
7 0.422396 0.579167 0.020833 0.089815
7 0.325521 0.586111 0.018750 0.103704
5 0.082031 0.653241 0.111979 0.150926
5 0.011458 0.710185 0.022917 0.124074
4 0.632292 0.547685 0.053125 0.087963
6 0.591406 0.548148 0.007812 0.024074
5 0.603125 0.570833 0.014583 0.039815
6 0.597656 0.553241 0.011979 0.034259
5 0.581771 0.573148 0.036458 0.040741
6 0.582552 0.564352 0.014063 0.056481
5 0.628906 0.581481 0.019271 0.061111
6 0.630469 0.564815 0.024479 0.070370
7 0.631510 0.575926 0.038021 0.101852
5 0.483594 0.586574 0.039062 0.052778
6 0.483854 0.579630 0.016667 0.070370
4 0.539062 0.541667 0.031250 0.092593
5 0.517448 0.577778 0.015104 0.040741
6 0.519531 0.565278 0.016146 0.050926
5 0.153646 0.596296 0.045833 0.074074
0 0.202083 0.534259 0.043750 0.018519
2 0.958333 0.783796 0.083333 0.432407
2 0.832031 0.561574 0.038021 0.065741
6 0.474740 0.556481 0.011979 0.033333
5 0.611198 0.571759 0.006771 0.023148