1 0.503125 0.525000 0.009375 0.005556
4 0.487240 0.531481 0.009896 0.022222
4 0.521094 0.532870 0.010937 0.021296
5 0.491927 0.541667 0.003646 0.007407
3 0.528906 0.533333 0.003646 0.011111
6 0.491667 0.536111 0.003125 0.011111
5 0.536198 0.538426 0.004687 0.010185
5 0.488021 0.542593 0.005208 0.011111
6 0.488021 0.538889 0.005208 0.014815
5 0.480729 0.539815 0.003125 0.007407
6 0.481771 0.537037 0.004167 0.011111
6 0.536719 0.534722 0.003646 0.006481
5 0.685677 0.577778 0.016146 0.033333
6 0.685937 0.562500 0.014583 0.039815
0 0.502344 0.550463 0.023438 0.043519
5 0.460677 0.556019 0.006771 0.015741
6 0.460677 0.546759 0.008854 0.021296
5 0.474740 0.548611 0.004687 0.012037
6 0.475260 0.542593 0.005729 0.018519
4 0.421875 0.537963 0.030208 0.062963
5 0.442188 0.562500 0.013542 0.039815
6 0.440885 0.552778 0.013021 0.042593
7 0.384375 0.556019 0.012500 0.036111
0 0.348958 0.569444 0.055208 0.062963
3 0.584896 0.550000 0.015625 0.016667