3 0.003906 0.560185 0.006771 0.042593
0 0.019010 0.552778 0.018229 0.029630
7 0.020313 0.576852 0.010417 0.059259
7 0.032031 0.575926 0.015104 0.070370
7 0.044792 0.570370 0.008333 0.044444
7 0.052604 0.579630 0.007292 0.027778
5 0.065625 0.588889 0.021875 0.053704
7 0.063281 0.573611 0.018229 0.058333
3 0.095573 0.557870 0.029687 0.045370
7 0.113542 0.574074 0.016667 0.061111
7 0.121615 0.571759 0.011979 0.049074
7 0.137500 0.569444 0.015625 0.053704
7 0.145313 0.562037 0.007292 0.040741
3 0.159635 0.557407 0.021354 0.050000
7 0.162240 0.566667 0.014063 0.061111
8 0.211979 0.595833 0.063542 0.075000
7 0.245312 0.577778 0.017708 0.077778
7 0.258854 0.578241 0.012500 0.075000
7 0.271615 0.576389 0.014063 0.076852
5 0.291146 0.578704 0.032292 0.033333
6 0.286198 0.566204 0.011979 0.047222
0 0.312500 0.557407 0.030208 0.033333
5 0.313802 0.571296 0.024479 0.033333
7 0.302604 0.580556 0.010417 0.050000
7 0.310156 0.581481 0.007812 0.051852
7 0.327865 0.566204 0.016146 0.069444
1 0.351562 0.535648 0.051042 0.056481
7 0.379427 0.572685 0.016146 0.075000
7 0.390625 0.557870 0.016667 0.095370
7 0.404167 0.571296 0.015625 0.068519
4 0.406771 0.541667 0.047917 0.079630
4 0.440104 0.543981 0.033333 0.076852
1 0.487760 0.538426 0.079687 0.080556
7 0.470833 0.570370 0.014583 0.070370
7 0.489323 0.562037 0.008854 0.057407
7 0.497135 0.568519 0.014063 0.079630
7 0.506771 0.550463 0.005208 0.032407
7 0.515885 0.569444 0.018229 0.077778
7 0.519271 0.568056 0.010417 0.080556
7 0.525781 0.567593 0.025521 0.087037
7 0.536198 0.545370 0.007812 0.044444
5 0.554948 0.522222 0.009896 0.024074
0 0.563281 0.506481 0.013021 0.016667
0 0.574219 0.575000 0.072396 0.085185
0 0.621615 0.552778 0.028646 0.037037
3 0.653646 0.556019 0.017708 0.037963
5 0.630729 0.624537 0.075000 0.117593
5 0.593229 0.643981 0.105208 0.108333
6 0.579688 0.599537 0.016667 0.097222
6 0.621615 0.570833 0.013021 0.049074
7 0.612240 0.566667 0.025521 0.075926
7 0.643229 0.549074 0.019792 0.044444
7 0.661979 0.568519 0.016667 0.098148
7 0.671615 0.577315 0.029687 0.119444
7 0.702344 0.547222 0.020313 0.053704
0 0.775000 0.643056 0.217708 0.237963
0 0.843750 0.489352 0.057292 0.039815
0 0.901302 0.482870 0.054688 0.045370
7 0.876823 0.534259 0.020313 0.044444
0 0.879687 0.544444 0.040625 0.050000
0 0.936979 0.693519 0.123958 0.433333
7 0.345573 0.623148 0.048438 0.175926
0 0.073698 0.555093 0.041146 0.028704
7 0.341667 0.569444 0.008333 0.033333
5 0.512500 0.581944 0.043750 0.037963