6 0.361198 0.553704 0.014063 0.025926
6 0.355990 0.605093 0.048438 0.136111
5 0.346615 0.647685 0.018229 0.050926
7 0.314063 0.530556 0.010417 0.090741
1 0.504687 0.506481 0.038542 0.037037
1 0.563542 0.512963 0.052083 0.077778
6 0.518490 0.505093 0.013021 0.023148
6 0.516927 0.510185 0.014063 0.024074
1 0.595833 0.523148 0.015625 0.020370
1 0.616927 0.516204 0.031771 0.043519
0 0.570833 0.552315 0.017708 0.045370
3 0.548177 0.543056 0.021354 0.043519
0 0.602083 0.548611 0.032292 0.039815
0 0.623437 0.559722 0.035417 0.049074
0 0.635156 0.529630 0.030729 0.037037
1 0.707031 0.516204 0.118229 0.125000
0 0.796875 0.551389 0.042708 0.021296
7 0.850260 0.547222 0.009896 0.033333
7 0.862500 0.544907 0.012500 0.052778
5 0.897656 0.587963 0.027604 0.035185
5 0.924219 0.587500 0.040104 0.056481
7 0.916927 0.588889 0.016146 0.087037
5 0.965885 0.591204 0.020313 0.100926
5 0.946615 0.596296 0.024479 0.096296
0 0.664583 0.614815 0.094792 0.140741
0 0.800260 0.693981 0.273438 0.291667
6 0.449219 0.530093 0.005729 0.010185
6 0.447135 0.535648 0.008854 0.015741
0 0.545312 0.573611 0.019792 0.078704
6 0.531510 0.493519 0.011979 0.050000
6 0.533854 0.496296 0.013542 0.051852
6 0.558333 0.576389 0.025000 0.091667
5 0.560417 0.610648 0.028125 0.099074
5 0.582292 0.622222 0.032292 0.118519
6 0.579167 0.605093 0.036458 0.154630
5 0.607812 0.653704 0.050000 0.137037
6 0.601823 0.610648 0.060937 0.160185
6 0.442969 0.542130 0.013021 0.021296
0 0.499740 0.615278 0.111979 0.202778
0 0.443490 0.729630 0.238021 0.361111
9 0.690104 0.050000 0.008333 0.009259
9 0.655729 0.127315 0.006250 0.008333
9 0.645312 0.148148 0.006250 0.009259
9 0.644010 0.164352 0.003646 0.008333
9 0.651823 0.162500 0.003646 0.008333
9 0.665365 0.159259 0.003646 0.007407
9 0.677604 0.153241 0.004167 0.010185
9 0.591927 0.157870 0.005729 0.010185
9 0.629167 0.180093 0.002083 0.006481
9 0.625260 0.200000 0.004687 0.005556
9 0.621875 0.214352 0.003125 0.006481
9 0.618750 0.226389 0.005208 0.006481
9 0.612760 0.254630 0.004687 0.007407
9 0.611198 0.260648 0.004687 0.006481
9 0.607812 0.278704 0.006250 0.007407
9 0.605990 0.286574 0.004687 0.006481
9 0.603906 0.293519 0.004687 0.007407
9 0.601042 0.301389 0.004167 0.004630
9 0.597656 0.314352 0.004687 0.010185
9 0.595833 0.318056 0.004167 0.006481
9 0.593490 0.325463 0.004687 0.008333
9 0.591927 0.328704 0.003646 0.009259
9 0.589063 0.335648 0.004167 0.008333
9 0.583854 0.347685 0.004167 0.008333
9 0.581510 0.351389 0.004687 0.008333
9 0.565104 0.362963 0.003125 0.005556
9 0.585938 0.339815 0.003125 0.003704