1 0.455729 0.517130 0.048958 0.036111
3 0.486198 0.523611 0.013021 0.008333
4 0.522917 0.561574 0.053125 0.106481
4 0.562240 0.533796 0.028646 0.060185
5 0.646094 0.563889 0.011979 0.024074
0 0.666667 0.556944 0.038542 0.030556
5 0.666927 0.578704 0.014063 0.035185
6 0.667448 0.569444 0.010937 0.035185
5 0.837240 0.599074 0.034896 0.046296
5 0.812500 0.609259 0.028125 0.062963
6 0.810937 0.593056 0.019792 0.062037
6 0.801042 0.576389 0.009375 0.026852
5 0.794271 0.615741 0.027083 0.061111
6 0.794531 0.591667 0.021354 0.068519
5 0.877604 0.626389 0.038542 0.073148
6 0.875000 0.601852 0.027083 0.081481
3 0.923958 0.598611 0.047917 0.099074
2 0.964063 0.616667 0.071875 0.124074
6 0.408594 0.549537 0.007812 0.021296
6 0.415104 0.546759 0.006250 0.021296
7 0.411458 0.544444 0.006250 0.018519
2 0.382031 0.563426 0.029687 0.062037
2 0.341146 0.597222 0.075000 0.146296
5 0.349740 0.644907 0.050521 0.136111
5 0.399219 0.737963 0.091146 0.246296
6 0.350260 0.607407 0.040104 0.140741
5 0.285677 0.553241 0.013021 0.028704
5 0.208594 0.576389 0.024479 0.034259
5 0.233073 0.642130 0.045312 0.106481
6 0.239844 0.599537 0.024479 0.119444
6 0.230469 0.596759 0.030729 0.102778
5 0.275000 0.678704 0.068750 0.170370
6 0.275000 0.626389 0.054167 0.184259
6 0.399219 0.662037 0.074479 0.248148
5 0.151823 0.622222 0.068229 0.120370
0 0.066927 0.611574 0.132812 0.147222
0 0.461719 0.616667 0.114062 0.183333
5 0.696615 0.571759 0.006771 0.017593