4 0.547917 0.509722 0.006250 0.012037
0 0.579427 0.514352 0.005729 0.008333
0 0.557292 0.511574 0.007292 0.012037
0 0.545573 0.520370 0.008854 0.014815
5 0.535677 0.518981 0.003646 0.008333
6 0.535417 0.514815 0.005208 0.012963
5 0.577083 0.518519 0.004167 0.007407
6 0.576042 0.516204 0.002083 0.008333
5 0.581771 0.527315 0.005208 0.010185
6 0.581510 0.524074 0.005729 0.012963
5 0.591667 0.525926 0.004167 0.011111
6 0.590885 0.520833 0.003646 0.008333
5 0.520573 0.532870 0.004687 0.010185
6 0.520312 0.525926 0.006250 0.011111
5 0.499479 0.536111 0.007292 0.014815
6 0.499740 0.531944 0.007812 0.019444
5 0.486719 0.541667 0.007812 0.024074
5 0.508333 0.542130 0.008333 0.023148
6 0.486719 0.535185 0.008854 0.027778
6 0.507292 0.535648 0.009375 0.028704
5 0.622396 0.547222 0.008333 0.018519
5 0.615885 0.549074 0.005729 0.016667
6 0.622656 0.539352 0.005729 0.019444
6 0.615885 0.538889 0.008854 0.022222
5 0.657552 0.563889 0.013021 0.031481
6 0.655990 0.552778 0.013021 0.042593
0 0.711719 0.585648 0.068229 0.084259
4 0.880469 0.501852 0.234896 0.668519
4 0.141667 0.633796 0.281250 0.725000
6 0.039583 0.356944 0.078125 0.263889
6 0.118490 0.442593 0.118229 0.070370