8 0.072656 0.766667 0.057813 0.227778
7 0.190885 0.731481 0.048438 0.231481
8 0.251823 0.667130 0.056771 0.139815
5 0.303385 0.721759 0.042188 0.163889
6 0.319010 0.595370 0.017188 0.062963
6 0.302604 0.662963 0.056250 0.207407
4 0.432552 0.485648 0.354687 0.815741
7 0.608333 0.547222 0.019792 0.074074
7 0.634115 0.652315 0.058854 0.350926
7 0.655729 0.586574 0.062500 0.223148
7 0.648177 0.573148 0.018229 0.055556
7 0.697396 0.566204 0.063542 0.084259
0 0.786198 0.648611 0.128646 0.221296
5 0.714063 0.843981 0.142708 0.312037
6 0.746615 0.642130 0.081771 0.180556
6 0.682031 0.720370 0.114062 0.337037
6 0.713021 0.756481 0.158333 0.416667
6 0.784635 0.536111 0.013021 0.018519
0 0.913281 0.567593 0.106771 0.161111
5 0.827865 0.596759 0.030729 0.080556
6 0.825781 0.557407 0.026562 0.064815
6 0.804948 0.544444 0.014063 0.038889
6 0.810156 0.543981 0.011979 0.030556
6 0.814063 0.556019 0.019792 0.039815
5 0.870573 0.641667 0.074479 0.164815
6 0.844531 0.581019 0.024479 0.115741
6 0.856510 0.547685 0.017188 0.036111
6 0.863021 0.625000 0.054167 0.194444
4 0.950521 0.609259 0.098958 0.307407
7 0.988542 0.843056 0.022917 0.232407
7 0.746094 0.533796 0.009896 0.021296
7 0.757292 0.535185 0.007292 0.016667