3 0.528646 0.537963 0.008333 0.011111
1 0.539062 0.536111 0.015625 0.018519
4 0.583333 0.546759 0.017708 0.023148
1 0.511719 0.539815 0.015104 0.024074
0 0.508854 0.552778 0.009375 0.016667
5 0.493490 0.555556 0.004687 0.011111
6 0.493490 0.546759 0.004687 0.012037
0 0.526042 0.562500 0.025000 0.036111
5 0.498698 0.559722 0.005729 0.013889
5 0.511198 0.570833 0.009896 0.026852
6 0.498437 0.551389 0.007292 0.023148
6 0.513021 0.558333 0.012500 0.035185
5 0.489063 0.570833 0.008333 0.026852
6 0.487500 0.560185 0.011458 0.035185
6 0.488802 0.560648 0.011979 0.037963
1 0.722135 0.521296 0.263021 0.364815