2 0.419792 0.520833 0.034375 0.026852
7 0.442708 0.557407 0.014583 0.077778
7 0.331771 0.561574 0.016667 0.086111
2 0.217448 0.537500 0.057813 0.073148
7 0.220573 0.562500 0.022396 0.076852
7 0.176563 0.549074 0.012500 0.051852
5 0.151302 0.553241 0.014063 0.030556
5 0.141927 0.571759 0.018229 0.039815
5 0.168750 0.586111 0.062500 0.066667
5 0.219010 0.578241 0.048438 0.062037
2 0.090104 0.561111 0.102083 0.133333
0 0.046615 0.584259 0.092188 0.122222
5 0.043229 0.620370 0.083333 0.100000
6 0.014583 0.596296 0.027083 0.159259
0 0.981250 0.520370 0.036458 0.044444
4 0.827083 0.533796 0.039583 0.060185
2 0.922656 0.588889 0.104688 0.148148
0 0.695052 0.527778 0.013021 0.027778
1 0.733073 0.518519 0.053646 0.072222
3 0.780990 0.548611 0.073438 0.100926
3 0.677865 0.528704 0.028646 0.055556
5 0.744010 0.668981 0.069271 0.184259
6 0.744010 0.618056 0.060937 0.193519
4 0.623437 0.524074 0.022917 0.029630
0 0.595833 0.523611 0.016667 0.030556
0 0.604688 0.528704 0.019792 0.027778
6 0.619792 0.530556 0.010417 0.037037
5 0.619010 0.538889 0.006771 0.020370
4 0.548177 0.524537 0.035937 0.037963
5 0.581250 0.557407 0.014583 0.046296
6 0.578385 0.544907 0.019271 0.058333
5 0.597396 0.606944 0.033333 0.097222
6 0.596615 0.579167 0.036979 0.112037
5 0.626302 0.652778 0.044271 0.157407
6 0.624740 0.605093 0.045312 0.152778