2 0.405208 0.600000 0.054167 0.133333
0 0.435937 0.572222 0.012500 0.018519
7 0.445573 0.594444 0.014063 0.062963
7 0.430729 0.606481 0.011458 0.055556
7 0.458594 0.625000 0.018229 0.112963
7 0.438802 0.661111 0.034896 0.162963
7 0.473438 0.625000 0.014583 0.105556
7 0.479948 0.604630 0.021354 0.124074
5 0.517969 0.590278 0.008854 0.032407
6 0.518490 0.576389 0.009896 0.036111
5 0.525260 0.590278 0.014063 0.039815
6 0.528906 0.568056 0.009896 0.026852
6 0.525521 0.583333 0.013542 0.053704
7 0.505469 0.600926 0.021354 0.127778
5 0.556510 0.588426 0.011979 0.032407
6 0.557813 0.580556 0.014583 0.048148
7 0.554948 0.583796 0.014063 0.047222
5 0.539844 0.731019 0.065104 0.202778
6 0.538802 0.662037 0.066146 0.205556
5 0.611719 0.604630 0.043229 0.085185
5 0.650000 0.622685 0.051042 0.091667
5 0.659375 0.635648 0.043750 0.123148
7 0.684635 0.634259 0.021354 0.155556
5 0.789844 0.678704 0.069271 0.161111
5 0.782292 0.695370 0.078125 0.190741
5 0.247656 0.778241 0.132812 0.317593