7 0.013281 0.599074 0.025521 0.153704
5 0.051823 0.703704 0.101562 0.229630
6 0.054948 0.637500 0.067187 0.232407
5 0.172135 0.627778 0.063021 0.125926
6 0.168490 0.593519 0.050521 0.142593
2 0.301563 0.616667 0.179167 0.292593
6 0.396875 0.528704 0.007292 0.024074
7 0.401042 0.564352 0.015625 0.075000
7 0.393229 0.541204 0.013542 0.039815
7 0.432292 0.545833 0.009375 0.032407
7 0.419792 0.568056 0.016667 0.067593
1 0.510156 0.515278 0.034896 0.043519
6 0.508594 0.507407 0.019271 0.062963
6 0.510677 0.510185 0.021354 0.066667
1 0.555729 0.519907 0.050000 0.084259
4 0.594531 0.513889 0.036979 0.072222
0 0.600000 0.538889 0.026042 0.033333
0 0.623698 0.533333 0.022396 0.033333
6 0.636198 0.529167 0.014063 0.021296
0 0.697656 0.538889 0.028646 0.040741
6 0.700260 0.538889 0.011979 0.020370
2 0.731771 0.532870 0.028125 0.030556
1 0.725260 0.518981 0.049479 0.047222
1 0.691406 0.516204 0.022396 0.032407
1 0.814583 0.518981 0.125000 0.082407
6 0.788021 0.536574 0.011458 0.028704
0 0.680208 0.549537 0.053125 0.054630
6 0.716406 0.541204 0.018229 0.030556
6 0.794531 0.560185 0.025521 0.064815
5 0.797396 0.569444 0.023958 0.037037
6 0.833333 0.537500 0.016667 0.034259
6 0.854948 0.531944 0.015104 0.026852
6 0.841927 0.535185 0.007812 0.016667
0 0.852865 0.598148 0.057813 0.122222
0 0.933854 0.620370 0.132292 0.233333
5 0.819792 0.604167 0.050000 0.112037
6 0.818750 0.579167 0.042708 0.121296
0 0.760677 0.559722 0.077604 0.071296
0 0.931771 0.873148 0.136458 0.253704
0 0.575000 0.549537 0.042708 0.036111
0 0.526563 0.546296 0.032292 0.027778
3 0.515885 0.525926 0.035937 0.025926
0 0.628125 0.593519 0.072917 0.122222
0 0.470573 0.606481 0.096354 0.177778
0 0.546354 0.695370 0.176042 0.300000
0 0.728646 0.667130 0.180208 0.243519
5 0.389323 0.797222 0.121354 0.359259
5 0.314583 0.778704 0.089583 0.250000
6 0.318490 0.693056 0.075521 0.306481
6 0.388542 0.700000 0.087500 0.322222