5 0.040885 0.674074 0.075521 0.170370
6 0.054167 0.625000 0.045833 0.170370
6 0.036719 0.636574 0.069271 0.202778
3 0.489323 0.541204 0.008854 0.023148
0 0.490365 0.555556 0.008854 0.014815
4 0.518750 0.563889 0.052083 0.109259
7 0.557552 0.552778 0.009896 0.025926
7 0.564583 0.558796 0.005208 0.017593
4 0.571354 0.546296 0.027083 0.035185
3 0.605469 0.562500 0.008854 0.013889
0 0.625260 0.574537 0.034896 0.047222
0 0.671094 0.590741 0.058854 0.098148
0 0.705469 0.559722 0.011979 0.026852
2 0.753385 0.627315 0.095312 0.193519
5 0.806771 0.649074 0.027083 0.088889
6 0.807031 0.616204 0.024479 0.121296
5 0.855208 0.564352 0.003125 0.013889
6 0.865365 0.617593 0.024479 0.100000
5 0.868750 0.644907 0.014583 0.067593
5 0.848698 0.671759 0.049479 0.119444
6 0.850781 0.628704 0.040104 0.138889
5 0.901823 0.670370 0.052604 0.142593
6 0.903906 0.632407 0.045312 0.146296
2 0.886198 0.604167 0.054688 0.104630
0 0.947135 0.630093 0.105729 0.162037
5 0.962240 0.723611 0.074479 0.187963
6 0.965104 0.655556 0.046875 0.190741
7 0.818229 0.580093 0.011458 0.047222
3 0.474479 0.553704 0.007292 0.009259
1 0.448698 0.533796 0.050521 0.065741
2 0.406510 0.572685 0.016146 0.084259
0 0.437760 0.587037 0.076563 0.120370
5 0.483594 0.618981 0.034896 0.102778
6 0.482552 0.590741 0.030729 0.116667
0 0.367969 0.557407 0.016146 0.020370
0 0.391667 0.571296 0.012500 0.035185
5 0.383073 0.592593 0.025521 0.068519
6 0.382292 0.574537 0.022917 0.076852
7 0.370052 0.568056 0.010937 0.052778
6 0.344792 0.556019 0.013542 0.039815
5 0.356510 0.603704 0.030729 0.077778
6 0.357812 0.577315 0.026042 0.089815
6 0.342187 0.615741 0.027083 0.161111
6 0.330469 0.615741 0.042188 0.164815
5 0.334896 0.661574 0.043750 0.145370
2 0.193229 0.704167 0.254167 0.443519