0 0.426823 0.521759 0.009896 0.017593
7 0.443229 0.523148 0.007292 0.014815
4 0.511979 0.523611 0.068750 0.102778
0 0.614062 0.552778 0.017708 0.025926
0 0.648958 0.567593 0.089583 0.068519
7 0.705469 0.538889 0.010937 0.018519
5 0.434115 0.528241 0.004687 0.008333
6 0.433594 0.521759 0.004687 0.010185
7 0.425781 0.525000 0.005729 0.014815
3 0.449219 0.527778 0.009896 0.016667
7 0.459375 0.492593 0.065625 0.157407
0 0.310677 0.537037 0.025521 0.042593
7 0.489323 0.565741 0.017188 0.048148
7 0.515365 0.630093 0.046354 0.260185
7 0.448437 0.543981 0.009375 0.019444
7 0.477865 0.700926 0.065104 0.357407
2 0.361979 0.626852 0.106250 0.200000
7 0.410417 0.585648 0.037500 0.119444
7 0.376823 0.696759 0.099479 0.367593
7 0.251042 0.569907 0.020833 0.065741
7 0.238281 0.537963 0.015104 0.035185
7 0.212240 0.552315 0.022396 0.067593
7 0.239323 0.550000 0.013021 0.048148
7 0.219271 0.583333 0.034375 0.088889
7 0.233073 0.696296 0.036979 0.283333
7 0.289583 0.698148 0.070833 0.438889
7 0.243490 0.751389 0.131771 0.404630
7 0.152083 0.567593 0.023958 0.066667
7 0.135937 0.620370 0.010417 0.029630
7 0.164323 0.716667 0.098437 0.503704
7 0.102083 0.648611 0.036458 0.241667
7 0.069531 0.561574 0.031771 0.082407
5 0.091146 0.737963 0.035417 0.150000
6 0.086198 0.707870 0.083854 0.319444
7 0.677604 0.636111 0.028125 0.188889
7 0.659115 0.644907 0.021354 0.180556
7 0.631250 0.565741 0.021875 0.059259
7 0.616927 0.572685 0.013021 0.025000
7 0.642448 0.654167 0.038021 0.232407
7 0.613802 0.681944 0.047396 0.308333
7 0.728385 0.563426 0.035937 0.137963
7 0.790104 0.712037 0.046875 0.437037
7 0.530208 0.625463 0.041667 0.187963
7 0.539323 0.719907 0.056771 0.369444
7 0.690104 0.769444 0.086458 0.453704
7 0.745833 0.761111 0.111458 0.474074
7 0.577604 0.759259 0.094792 0.479630
7 0.010417 0.685648 0.019792 0.230556
7 0.059375 0.774537 0.112500 0.447222
5 0.028125 0.899537 0.055208 0.193519
6 0.023177 0.860185 0.046354 0.062963
5 0.935156 0.930556 0.125521 0.135185
6 0.982812 0.903704 0.029167 0.062963
7 0.443229 0.742593 0.097917 0.398148
7 0.564323 0.524074 0.025521 0.051852