2 0.428646 0.613889 0.050000 0.114815
5 0.549740 0.606019 0.015104 0.034259
6 0.547135 0.597685 0.009896 0.045370
7 0.553646 0.615278 0.022917 0.073148
0 0.617448 0.586574 0.011979 0.039815
5 0.611458 0.619444 0.034375 0.068519
5 0.639062 0.639815 0.040625 0.066667
5 0.645052 0.643056 0.031771 0.097222
6 0.664062 0.673148 0.020833 0.179630
5 0.686458 0.720370 0.068750 0.181481
6 0.689583 0.677778 0.062500 0.205556
5 0.726562 0.687037 0.047917 0.137037
5 0.749740 0.672222 0.052604 0.127778
6 0.805990 0.633333 0.030729 0.081481
6 0.852083 0.704630 0.118750 0.257407
7 0.921354 0.700463 0.032292 0.073148
5 0.937500 0.759259 0.123958 0.288889
5 0.878906 0.859722 0.115104 0.280556
6 0.852344 0.688889 0.119271 0.216667
5 0.767969 0.886111 0.218229 0.227778
6 0.757552 0.809259 0.188021 0.377778
7 0.470313 0.626852 0.013542 0.092593
7 0.480729 0.629167 0.014583 0.086111
7 0.491406 0.625000 0.022396 0.125926
7 0.513802 0.621759 0.023438 0.130556
7 0.462760 0.648148 0.020313 0.114815
5 0.326823 0.703241 0.056771 0.121296
7 0.315104 0.842593 0.062500 0.303704
7 0.344531 0.800000 0.104688 0.361111
7 0.108333 0.728241 0.073958 0.165741
5 0.027083 0.736574 0.051042 0.145370
5 0.025781 0.858333 0.050521 0.203704