5 0.946615 0.800000 0.104688 0.346296
7 0.442708 0.570833 0.006250 0.041667
5 0.511198 0.607870 0.018229 0.049074
6 0.509375 0.591667 0.022917 0.083333
7 0.536458 0.597222 0.016667 0.079630
5 0.615885 0.618056 0.054688 0.097222
5 0.677344 0.652315 0.073438 0.121296
5 0.695312 0.677315 0.052083 0.169444
5 0.488281 0.660185 0.046354 0.135185
6 0.487240 0.610185 0.046354 0.131481
7 0.462500 0.602315 0.020833 0.139815
7 0.426563 0.603704 0.021875 0.131481
7 0.422135 0.662963 0.022396 0.168519
7 0.407813 0.666667 0.030208 0.190741
7 0.382031 0.663889 0.029687 0.200000
7 0.357552 0.674074 0.028646 0.170370
7 0.249219 0.811574 0.099479 0.375000
2 0.343229 0.604630 0.066667 0.174074
5 0.934115 0.734259 0.130729 0.209259
5 0.775781 0.825463 0.149479 0.349074
6 0.720833 0.734259 0.059375 0.364815
6 0.773698 0.749074 0.121354 0.387037