1 0.516667 0.515278 0.029167 0.030556
6 0.528906 0.501389 0.010937 0.052778
6 0.534635 0.503704 0.019271 0.053704
6 0.517969 0.512963 0.010937 0.025926
7 0.429427 0.551852 0.014063 0.046296
7 0.415885 0.549074 0.016146 0.050000
7 0.425521 0.553704 0.014583 0.037037
0 0.565104 0.602315 0.031250 0.125000
6 0.576042 0.568519 0.022917 0.074074
5 0.579167 0.593981 0.017708 0.067593
0 0.600781 0.578241 0.035937 0.080556
0 0.638281 0.601852 0.075521 0.129630
0 0.657552 0.537963 0.038021 0.037037
2 0.698438 0.537037 0.029167 0.016667
1 0.713281 0.519907 0.053646 0.049074
2 0.732812 0.542130 0.023958 0.028704
3 0.771615 0.555093 0.040104 0.054630
5 0.781771 0.584259 0.020833 0.059259
6 0.778385 0.567130 0.025521 0.078704
7 0.790104 0.560648 0.011458 0.056481
7 0.804948 0.565278 0.016146 0.065741
6 0.831771 0.548611 0.018750 0.032407
0 0.899219 0.539815 0.048438 0.027778
7 0.941146 0.550926 0.016667 0.037037
7 0.959375 0.555093 0.016667 0.030556
7 0.972135 0.557407 0.014063 0.033333
7 0.985677 0.556944 0.018229 0.041667
2 0.985677 0.561111 0.027604 0.050000
0 0.870833 0.603704 0.111458 0.140741
0 0.873958 0.778704 0.247917 0.416667
0 0.717187 0.642130 0.160417 0.208333
0 0.635677 0.600463 0.080729 0.128704
1 0.579688 0.526852 0.065625 0.101852
0 0.508073 0.595833 0.129688 0.158333
0 0.407031 0.781481 0.430729 0.433333
2 0.077604 0.631481 0.098958 0.238889
2 0.055208 0.699074 0.109375 0.601852