0 0.375781 0.549537 0.008854 0.013889
3 0.390104 0.538889 0.016667 0.020370
0 0.409635 0.547222 0.015104 0.027778
5 0.394010 0.551389 0.004687 0.013889
6 0.394531 0.543519 0.006771 0.018519
1 0.434115 0.536111 0.032813 0.050000
5 0.401042 0.561111 0.007292 0.016667
6 0.400781 0.550000 0.009896 0.033333
5 0.380990 0.565741 0.007812 0.012963
5 0.388542 0.574074 0.011458 0.038889
6 0.388281 0.559259 0.016146 0.051852
5 0.429688 0.599537 0.026042 0.065741
6 0.426302 0.573611 0.023438 0.087963
5 0.366927 0.608796 0.026562 0.067593
6 0.366667 0.565278 0.021875 0.058333
6 0.365625 0.576389 0.030208 0.087963
5 0.306250 0.596759 0.027083 0.067593
6 0.307552 0.575000 0.027604 0.079630
5 0.572917 0.559722 0.012500 0.026852
6 0.572135 0.550463 0.009896 0.028704
4 0.923698 0.598148 0.150521 0.448148