6 0.045052 0.729630 0.070312 0.322222
6 0.032813 0.733333 0.065625 0.351852
5 0.046094 0.823148 0.091146 0.338889
5 0.078125 0.618519 0.086458 0.183333
5 0.113802 0.615278 0.085938 0.126852
5 0.137500 0.606019 0.069792 0.132407
7 0.206250 0.576389 0.037500 0.076852
0 0.319531 0.558796 0.081771 0.049074
7 0.393490 0.552315 0.015104 0.050926
6 0.397396 0.559259 0.014583 0.046296
6 0.399219 0.559722 0.015104 0.041667
1 0.484115 0.518056 0.031771 0.037963
6 0.502865 0.512963 0.008854 0.025926
6 0.500000 0.519444 0.011458 0.024074
6 0.511979 0.505556 0.012500 0.066667
6 0.516927 0.506944 0.016146 0.062037
2 0.514062 0.562963 0.040625 0.092593
1 0.533594 0.521759 0.045312 0.063889
1 0.564063 0.528241 0.018750 0.026852
0 0.548698 0.568056 0.033854 0.062037
0 0.566667 0.554167 0.027083 0.037963
2 0.616667 0.542130 0.028125 0.043519
0 0.635938 0.550926 0.017708 0.018519
2 0.682813 0.563426 0.038542 0.067593
5 0.705990 0.568981 0.014063 0.023148
0 0.732552 0.570833 0.052604 0.060185
5 0.791406 0.558333 0.011979 0.018519
5 0.803385 0.557407 0.014063 0.018519
0 0.513281 0.591667 0.030729 0.105556
0 0.587760 0.587037 0.052604 0.094444
0 0.647396 0.632870 0.113542 0.163889
2 0.986458 0.593056 0.027083 0.099074
0 0.460417 0.628241 0.121875 0.213889
0 0.296094 0.782870 0.361979 0.434259
0 0.830990 0.772685 0.338021 0.425000
6 0.543490 0.582870 0.020313 0.089815
5 0.553385 0.626389 0.043229 0.117593
6 0.553646 0.592130 0.043750 0.113889
9 0.507552 0.317593 0.004687 0.007407
9 0.531510 0.409722 0.002604 0.006481
9 0.539844 0.314815 0.003646 0.005556
9 0.584896 0.293056 0.004167 0.004630
9 0.579948 0.296759 0.004687 0.004630
9 0.590365 0.312500 0.004687 0.004630
9 0.575000 0.318056 0.003125 0.006481
9 0.570312 0.315278 0.004167 0.006481
9 0.567969 0.320370 0.004687 0.005556
9 0.558854 0.344444 0.003125 0.005556
9 0.557813 0.349074 0.003125 0.005556
9 0.554688 0.363426 0.003125 0.006481
9 0.553646 0.366204 0.003125 0.006481
9 0.553125 0.375000 0.004167 0.005556
9 0.552083 0.381481 0.004167 0.007407
9 0.548177 0.391204 0.004687 0.008333
9 0.546094 0.398611 0.003646 0.008333
9 0.544271 0.406944 0.003125 0.004630
9 0.541406 0.410648 0.004687 0.004630