7 0.111719 0.704630 0.175521 0.590741
7 0.292969 0.666204 0.054688 0.236111
3 0.476823 0.499537 0.315104 0.756481
7 0.344271 0.804630 0.179167 0.390741
7 0.505469 0.618056 0.106771 0.419444
7 0.449479 0.854167 0.080208 0.291667
7 0.526302 0.838426 0.105729 0.323148
7 0.538281 0.956944 0.128646 0.086111
5 0.700000 0.571759 0.017708 0.036111
6 0.701302 0.553241 0.016146 0.034259
6 0.700000 0.559259 0.012500 0.022222
6 0.709635 0.546759 0.011979 0.021296
7 0.651823 0.556944 0.044271 0.149074
7 0.684375 0.570370 0.028125 0.074074
7 0.653385 0.596296 0.034896 0.105556
7 0.678125 0.591667 0.032292 0.081481
7 0.710156 0.586111 0.034896 0.072222
7 0.748437 0.600926 0.037500 0.107407
7 0.739583 0.621759 0.034375 0.082407
7 0.710156 0.756944 0.056771 0.356481
7 0.607552 0.779630 0.086979 0.440741
7 0.672656 0.797685 0.083854 0.404630
0 0.756250 0.594444 0.083333 0.111111
7 0.814063 0.530093 0.018750 0.041667
5 0.847656 0.748148 0.078646 0.233333
6 0.844531 0.604630 0.064062 0.155556
7 0.865365 0.579630 0.030729 0.098148
5 0.881510 0.695370 0.049479 0.157407
6 0.876302 0.578241 0.034896 0.137963
6 0.885417 0.627315 0.042708 0.202778
7 0.896354 0.530093 0.014583 0.025000
0 0.924740 0.540741 0.086979 0.090741
5 0.940104 0.800463 0.119792 0.330556
6 0.908073 0.703241 0.061979 0.323148
6 0.944792 0.706019 0.091667 0.365741
7 0.767188 0.768056 0.200000 0.463889
7 0.890885 0.922685 0.109896 0.154630
0 0.980469 0.912963 0.038021 0.172222
7 0.771615 0.533796 0.006771 0.013889
7 0.792188 0.531944 0.010417 0.019444
4 0.955469 0.563889 0.089063 0.212963
7 0.991146 0.603704 0.017708 0.118519
6 0.778125 0.532407 0.008333 0.018519
6 0.785156 0.534259 0.008854 0.016667