7 0.619531 0.522222 0.004687 0.016667
0 0.610677 0.530093 0.008854 0.017593
7 0.623177 0.522685 0.004687 0.015741
7 0.615625 0.529167 0.005208 0.013889
7 0.613281 0.539815 0.006771 0.014815
7 0.619271 0.535648 0.006250 0.023148
7 0.632031 0.556481 0.008854 0.048148
7 0.625781 0.534722 0.007812 0.025000
7 0.623437 0.558333 0.009375 0.042593
7 0.616927 0.551852 0.006771 0.027778
7 0.594792 0.522222 0.004167 0.011111
7 0.604427 0.531481 0.005729 0.027778
7 0.600521 0.532407 0.005208 0.024074
3 0.580729 0.523611 0.023958 0.050926
7 0.569271 0.528241 0.006250 0.026852
7 0.576562 0.546296 0.006250 0.020370
0 0.600260 0.552778 0.030729 0.016667
3 0.642969 0.537963 0.019271 0.014815
6 0.669531 0.555093 0.014063 0.043519
6 0.666406 0.560648 0.015104 0.043519
7 0.561458 0.534259 0.006250 0.024074
7 0.568490 0.539815 0.006771 0.016667
6 0.564323 0.550463 0.006771 0.019444
6 0.567969 0.556944 0.007812 0.023148
6 0.661979 0.582870 0.027083 0.086111
5 0.646094 0.700463 0.066146 0.202778
6 0.645052 0.642130 0.055729 0.202778
2 0.538021 0.571759 0.054167 0.073148
0 0.592708 0.606019 0.067708 0.106481
7 0.474479 0.525000 0.004167 0.005556
7 0.471615 0.525463 0.003646 0.006481
7 0.476302 0.587500 0.010937 0.036111
7 0.483073 0.551852 0.007812 0.022222
7 0.477865 0.559259 0.007812 0.029630
7 0.487760 0.566667 0.016146 0.046296
7 0.502604 0.606019 0.025000 0.141667
7 0.484115 0.630093 0.021354 0.099074
5 0.529427 0.678704 0.048438 0.144444
6 0.521094 0.569907 0.008854 0.028704
5 0.546354 0.620370 0.009375 0.033333
6 0.530469 0.619444 0.048438 0.146296
7 0.425521 0.534259 0.008333 0.020370
7 0.410677 0.536111 0.014063 0.022222
7 0.397396 0.530556 0.010417 0.027778
7 0.397396 0.587500 0.013542 0.073148
7 0.410417 0.577778 0.012500 0.087037
7 0.426302 0.572222 0.011979 0.053704
5 0.440885 0.598611 0.045312 0.049074
6 0.445052 0.586111 0.017188 0.048148
5 0.393490 0.659259 0.128646 0.142593
7 0.907292 0.522685 0.017708 0.115741
7 0.849219 0.612963 0.011979 0.061111
7 0.875781 0.704630 0.065104 0.303704
0 0.942187 0.649537 0.111458 0.176852
7 0.927604 0.768056 0.046875 0.247222
7 0.973698 0.721296 0.050521 0.344444
2 0.765625 0.737963 0.189583 0.448148
0 0.596094 0.534722 0.007812 0.019444