5 0.013021 0.804167 0.025000 0.204630
6 0.022656 0.764815 0.044271 0.292593
7 0.116406 0.775000 0.134896 0.448148
7 0.185677 0.946296 0.065104 0.103704
3 0.469010 0.481481 0.072396 0.140741
7 0.435417 0.527315 0.011458 0.041667
7 0.366667 0.533333 0.012500 0.037037
7 0.379688 0.625926 0.050000 0.233333
7 0.336198 0.686111 0.073438 0.312963
7 0.405469 0.636111 0.042188 0.212963
7 0.424479 0.606944 0.030208 0.184259
7 0.440885 0.593519 0.018229 0.142593
7 0.448698 0.586111 0.011979 0.127778
7 0.461979 0.599074 0.018750 0.140741
7 0.457292 0.604167 0.038542 0.180556
7 0.511458 0.549537 0.011458 0.063889
7 0.493750 0.543981 0.022917 0.112037
2 0.520573 0.513889 0.014063 0.022222
2 0.531771 0.536111 0.030208 0.064815
7 0.478125 0.590741 0.021875 0.118519
7 0.492448 0.610185 0.022396 0.077778
7 0.473958 0.612963 0.015625 0.090741
7 0.479687 0.538426 0.012500 0.034259
7 0.504427 0.563426 0.011979 0.075000
7 0.526563 0.537500 0.018750 0.067593
7 0.528906 0.566204 0.021354 0.095370
5 0.545052 0.533796 0.005729 0.025000
6 0.544010 0.520370 0.005729 0.022222
7 0.549219 0.523611 0.007812 0.025000
0 0.572135 0.538426 0.036979 0.063889
7 0.565625 0.506944 0.005208 0.008333
7 0.572396 0.533796 0.015625 0.073148
7 0.592969 0.518519 0.006771 0.031481
7 0.607031 0.563889 0.021354 0.098148
4 0.619010 0.534259 0.033854 0.101852
4 0.661979 0.534722 0.078125 0.139815
5 0.583594 0.599537 0.042188 0.097222
6 0.580469 0.564815 0.033854 0.111111
5 0.637760 0.573148 0.041146 0.068519
6 0.644010 0.520833 0.027604 0.056481
6 0.646875 0.534259 0.022917 0.062963
7 0.699219 0.565278 0.023438 0.119444
7 0.716927 0.572685 0.031771 0.136111
5 0.848958 0.661111 0.122917 0.188889
6 0.838021 0.613426 0.070833 0.195370
5 0.689844 0.855556 0.154688 0.287037
6 0.650000 0.719444 0.072917 0.357407
6 0.693490 0.738426 0.123438 0.400926
5 0.774219 0.784722 0.102604 0.297222
6 0.750781 0.625463 0.059896 0.182407
6 0.773438 0.683333 0.093750 0.312963
7 0.935156 0.612963 0.042188 0.179630
7 0.948958 0.643056 0.050000 0.206481
7 0.976562 0.583796 0.030208 0.093519
7 0.972917 0.755093 0.053125 0.489815
7 0.334896 0.536574 0.009375 0.037963
7 0.560156 0.510185 0.006771 0.012963
5 0.919271 0.654630 0.025000 0.066667