4 0.484635 0.507407 0.008854 0.020370
3 0.498177 0.508333 0.005729 0.014815
2 0.492188 0.517593 0.008333 0.016667
4 0.499740 0.518056 0.011979 0.026852
0 0.509115 0.513889 0.007812 0.009259
4 0.518750 0.520370 0.013542 0.029630
0 0.510677 0.530556 0.019271 0.027778
5 0.537500 0.525000 0.006250 0.009259
6 0.537240 0.518519 0.005729 0.014815
4 0.544531 0.517130 0.013021 0.023148
10 0.546354 0.500000 0.007292 0.011111
5 0.651042 0.543519 0.010417 0.025926
6 0.650781 0.537500 0.008854 0.028704
5 0.680208 0.555556 0.010417 0.031481
6 0.677083 0.542130 0.006250 0.039815
6 0.680208 0.543519 0.008333 0.042593
7 0.762500 0.547685 0.010417 0.054630
7 0.775781 0.550463 0.010937 0.049074
7 0.792188 0.548148 0.011458 0.051852
4 0.966927 0.561574 0.065104 0.123148
5 0.977865 0.914352 0.044271 0.171296
7 0.564063 0.518981 0.004167 0.015741
6 0.569531 0.516204 0.006771 0.010185
0 0.588542 0.526852 0.019792 0.018519
6 0.677344 0.541204 0.006771 0.041667
2 0.725260 0.547222 0.034896 0.064815
5 0.569010 0.522685 0.003646 0.010185
7 0.560677 0.519907 0.003646 0.013889