5 0.585938 0.527315 0.006250 0.015741
7 0.589323 0.527778 0.006771 0.018519
5 0.581510 0.531019 0.007812 0.017593
6 0.581771 0.531481 0.007292 0.018519
7 0.647135 0.533333 0.008854 0.029630
5 0.741667 0.563889 0.018750 0.037037
5 0.641146 0.548148 0.009375 0.024074
6 0.640625 0.536111 0.009375 0.027778
6 0.744531 0.539815 0.013021 0.038889
7 0.461719 0.532870 0.010937 0.030556
0 0.449740 0.534722 0.018229 0.032407
0 0.419531 0.530556 0.040104 0.027778
5 0.425260 0.554167 0.013021 0.019444
6 0.425521 0.537037 0.008333 0.018519
4 0.492969 0.546759 0.033854 0.071296
4 0.535156 0.525926 0.073438 0.161111
4 0.361198 0.528704 0.049479 0.050000
4 0.374219 0.561574 0.046354 0.087963
5 0.233594 0.518519 0.027604 0.035185
5 0.201823 0.541667 0.026562 0.050000
5 0.405990 0.597685 0.028646 0.067593
6 0.410156 0.554167 0.020313 0.052778
6 0.408073 0.572222 0.024479 0.090741
5 0.445312 0.614815 0.030208 0.087037
6 0.450781 0.585648 0.022396 0.115741
6 0.442969 0.584722 0.056771 0.115741
7 0.043750 0.514815 0.015625 0.070370
5 0.148177 0.557407 0.033854 0.055556
0 0.942187 0.662963 0.112500 0.214815
4 0.289323 0.571759 0.081771 0.104630
10 0.275260 0.467130 0.031771 0.041667
7 0.664323 0.537037 0.008854 0.033333
6 0.487760 0.526389 0.009896 0.028704
7 0.782031 0.561111 0.013021 0.062963