13 0.363281 0.385648 0.015104 0.100926
5 0.632552 0.517593 0.011979 0.025926
5 0.610677 0.545833 0.015104 0.045370
6 0.607552 0.534722 0.017188 0.050926
5 0.753906 0.500000 0.008854 0.016667
6 0.753906 0.496296 0.006771 0.020370
0 0.910937 0.483333 0.019792 0.025926
5 0.936458 0.482870 0.006250 0.015741
5 0.940365 0.484259 0.005729 0.018519
6 0.935677 0.478704 0.005729 0.012963
6 0.941406 0.479167 0.005729 0.017593
0 0.923958 0.492593 0.016667 0.018519
6 0.911198 0.487037 0.005729 0.014815
6 0.896354 0.493519 0.009375 0.027778
5 0.897135 0.496296 0.007812 0.020370
0 0.906771 0.526852 0.035417 0.061111
0 0.974219 0.518056 0.034896 0.054630
7 0.980469 0.521759 0.014063 0.050926
5 0.994792 0.531019 0.009375 0.043519
6 0.996354 0.525463 0.006250 0.054630
0 0.940885 0.543519 0.068229 0.079630
0 0.861719 0.540278 0.051562 0.073148
0 0.938542 0.498611 0.025000 0.012037
5 0.101302 0.668981 0.119271 0.130556
6 0.099479 0.627315 0.053125 0.147222
6 0.132292 0.621759 0.040625 0.139815