0 0.761979 0.512500 0.006250 0.015741
8 0.771875 0.512963 0.006250 0.012963
0 0.754687 0.509722 0.013542 0.021296
6 0.771875 0.512037 0.007292 0.022222
0 0.794271 0.548148 0.055208 0.072222
0 0.913021 0.557407 0.084375 0.096296
1 0.653906 0.504630 0.068229 0.142593
0 0.633073 0.574537 0.068229 0.126852
5 0.569271 0.563889 0.021875 0.059259
6 0.567187 0.550463 0.019792 0.065741
6 0.567187 0.544444 0.019792 0.059259
5 0.520833 0.571759 0.018750 0.052778
6 0.522656 0.552315 0.024479 0.063889
7 0.356771 0.621296 0.033333 0.142593
7 0.352344 0.620370 0.035937 0.150000
5 0.659635 0.706019 0.067187 0.195370
6 0.658333 0.634722 0.064583 0.204630