3 0.591406 0.549537 0.013021 0.017593
5 0.555990 0.553704 0.005729 0.011111
6 0.556510 0.547222 0.006771 0.014815
5 0.548958 0.553241 0.007292 0.012037
6 0.549479 0.543519 0.006250 0.014815
5 0.486979 0.553704 0.010417 0.020370
6 0.488021 0.542130 0.009375 0.028704
5 0.477865 0.561574 0.014063 0.032407
6 0.478125 0.545833 0.014583 0.043519
4 0.638281 0.549537 0.018229 0.026852
0 0.665625 0.556481 0.008333 0.016667
5 0.650781 0.574537 0.016146 0.034259
6 0.651042 0.564815 0.016667 0.038889
4 0.773438 0.532870 0.233333 0.341667
5 0.387500 0.568519 0.016667 0.042593
6 0.387500 0.548611 0.017708 0.063889