0 0.395573 0.541204 0.008854 0.012037
6 0.389583 0.550926 0.006250 0.018519
5 0.389323 0.556481 0.005729 0.014815
5 0.407552 0.555556 0.005729 0.012963
6 0.407292 0.550000 0.006250 0.018519
5 0.432292 0.566204 0.010417 0.034259
6 0.431510 0.558333 0.011979 0.040741
5 0.450521 0.565278 0.008333 0.023148
6 0.449219 0.556019 0.007812 0.032407
5 0.457292 0.564352 0.010417 0.023148
6 0.456510 0.554630 0.008854 0.033333
0 0.515885 0.543519 0.021354 0.020370
6 0.565625 0.538889 0.008333 0.020370
5 0.567969 0.546296 0.009896 0.014815
5 0.581510 0.550463 0.016146 0.019444
6 0.581771 0.540741 0.015625 0.031481
7 0.636458 0.544907 0.007292 0.037963
5 0.629687 0.553241 0.017708 0.032407
5 0.680729 0.553241 0.023958 0.019444
6 0.622656 0.544907 0.007812 0.032407
6 0.628125 0.541667 0.013542 0.033333
6 0.681250 0.544444 0.014583 0.031481
0 0.831250 0.540741 0.077083 0.066667
0 0.766667 0.546296 0.090625 0.048148
5 0.502865 0.593056 0.026562 0.071296
6 0.503385 0.571296 0.022396 0.092593
5 0.420312 0.610185 0.031250 0.090741
6 0.420833 0.583333 0.029167 0.094444
5 0.336719 0.648148 0.040104 0.107407
6 0.335677 0.612500 0.038021 0.125000
5 0.014323 0.669907 0.028646 0.136111
0 0.544531 0.542593 0.034896 0.035185
6 0.416667 0.560185 0.020833 0.042593
7 0.462760 0.541204 0.003646 0.017593
2 0.590885 0.542593 0.020313 0.031481