0 0.508073 0.544444 0.010937 0.009259
7 0.541406 0.553704 0.011979 0.024074
7 0.536198 0.581944 0.039062 0.104630
5 0.579427 0.619444 0.033854 0.066667
6 0.585417 0.646759 0.041667 0.221296
6 0.588802 0.662500 0.047396 0.228704
5 0.597396 0.681481 0.039583 0.142593
6 0.595833 0.753241 0.032292 0.384259
6 0.619531 0.743981 0.058854 0.408333
6 0.670573 0.776389 0.176563 0.445370
5 0.683073 0.863426 0.193229 0.273148
0 0.691927 0.553241 0.133854 0.102778
7 0.678906 0.650000 0.054688 0.229630
7 0.725781 0.606481 0.052604 0.111111
7 0.724219 0.698611 0.042188 0.067593
7 0.777344 0.640741 0.079687 0.251852
4 0.875260 0.642593 0.249479 0.435185
6 0.855208 0.621296 0.082292 0.183333
5 0.869010 0.804167 0.221354 0.215741
5 0.845052 0.914815 0.308854 0.170370
5 0.524219 0.721759 0.070312 0.199074
7 0.505469 0.543056 0.004687 0.006481
5 0.525260 0.723148 0.072396 0.201852
6 0.532552 0.683796 0.063021 0.191667
6 0.521615 0.677315 0.074479 0.262037
6 0.501302 0.575463 0.007812 0.036111
7 0.491927 0.563889 0.026562 0.079630
7 0.474740 0.563889 0.004687 0.022222
7 0.485417 0.552778 0.005208 0.007407
7 0.479167 0.561574 0.006250 0.026852
5 0.471875 0.676389 0.048958 0.147222
6 0.470313 0.629167 0.044792 0.165741
7 0.458854 0.570370 0.027083 0.059259
7 0.445573 0.566667 0.008854 0.055556
7 0.439583 0.568981 0.009375 0.056481
7 0.436979 0.549074 0.008333 0.016667
7 0.434896 0.577778 0.008333 0.042593
7 0.427344 0.576852 0.011979 0.061111
7 0.413542 0.572685 0.012500 0.060185
7 0.400260 0.564352 0.008854 0.030556
7 0.396875 0.585185 0.006250 0.033333
7 0.402344 0.575926 0.009896 0.050000
7 0.411198 0.576389 0.009896 0.063889
5 0.342187 0.579167 0.027083 0.028704
6 0.330990 0.559259 0.006771 0.024074
6 0.342448 0.572222 0.007812 0.042593
6 0.337760 0.565278 0.008854 0.032407
0 0.305469 0.593981 0.030729 0.080556
0 0.301302 0.597685 0.025521 0.069444
3 0.308333 0.652315 0.043750 0.091667
4 0.151823 0.500000 0.302604 0.998148
6 0.865885 0.781019 0.167187 0.430556
6 0.654948 0.775000 0.153646 0.446296
7 0.386979 0.572222 0.011458 0.053704