2 0.016146 0.705556 0.032292 0.200000
7 0.082812 0.710185 0.043750 0.240741
8 0.146875 0.726852 0.044792 0.170370
7 0.159896 0.676389 0.031250 0.171296
5 0.283333 0.663889 0.057292 0.127778
3 0.458594 0.537037 0.274479 0.612963
7 0.638802 0.558333 0.011979 0.033333
7 0.612760 0.556019 0.016146 0.030556
7 0.631250 0.557407 0.028125 0.064815
7 0.666146 0.545833 0.023958 0.045370
7 0.669531 0.558796 0.015104 0.034259
7 0.598437 0.573148 0.010417 0.027778
7 0.652604 0.607870 0.031250 0.093519
7 0.607552 0.613889 0.045312 0.111111
7 0.589063 0.595370 0.015625 0.094444
7 0.695312 0.576852 0.067708 0.148148
7 0.701302 0.539815 0.014063 0.035185
7 0.714583 0.566667 0.030208 0.062963
7 0.717187 0.706481 0.062500 0.327778
7 0.721094 0.545370 0.010937 0.024074
7 0.727865 0.554630 0.007812 0.027778
7 0.734635 0.557407 0.013021 0.038889
7 0.743750 0.545833 0.010417 0.025000
7 0.749479 0.541204 0.016667 0.037963
7 0.761458 0.542130 0.016667 0.034259
7 0.553125 0.686111 0.071875 0.442593
7 0.682031 0.726389 0.065104 0.289815
7 0.637240 0.789352 0.072396 0.419444
7 0.577865 0.797685 0.085938 0.400926
7 0.482292 0.778704 0.102083 0.438889
7 0.330208 0.779630 0.153125 0.437037
7 0.428125 0.987963 0.041667 0.022222
0 0.845833 0.708796 0.232292 0.330556
7 0.726823 0.837963 0.054688 0.246296
7 0.693750 0.856944 0.053125 0.282407
7 0.802604 0.533333 0.027083 0.037037
7 0.817708 0.538889 0.009375 0.016667
7 0.831510 0.537500 0.013021 0.030556
7 0.844792 0.531019 0.015625 0.028704
0 0.873177 0.544907 0.073438 0.097222
4 0.924219 0.628241 0.149479 0.332407