7 0.352865 0.581019 0.011979 0.062037
7 0.346615 0.602778 0.021354 0.109259
0 0.265885 0.598148 0.026562 0.085185
7 0.382292 0.585185 0.012500 0.066667
7 0.387760 0.566667 0.006771 0.033333
7 0.390885 0.576389 0.011979 0.049074
7 0.397135 0.560648 0.009896 0.036111
5 0.399219 0.594907 0.020313 0.054630
5 0.408594 0.590741 0.008854 0.029630
6 0.407292 0.573611 0.009375 0.041667
6 0.399740 0.574074 0.018229 0.057407
7 0.426823 0.561574 0.009896 0.032407
7 0.425000 0.591667 0.013542 0.051852
0 0.468229 0.547685 0.009375 0.013889
7 0.457552 0.555556 0.010937 0.029630
7 0.436979 0.578241 0.015625 0.080556
7 0.443750 0.562500 0.011458 0.036111
7 0.469010 0.572222 0.013021 0.044444
5 0.448437 0.631019 0.030208 0.091667
6 0.450781 0.578241 0.032813 0.052778
6 0.447917 0.584259 0.019792 0.027778
5 0.562500 0.635185 0.043750 0.077778
6 0.565104 0.573611 0.026042 0.075000
6 0.554427 0.606481 0.036979 0.116667
5 0.484896 0.737500 0.061458 0.187963
6 0.504948 0.593519 0.031771 0.090741
6 0.483854 0.585648 0.048958 0.095370
6 0.484635 0.697222 0.071354 0.283333
5 0.539583 0.838889 0.111458 0.322222
6 0.537760 0.775926 0.117188 0.422222
5 0.609115 0.691204 0.079687 0.145370
7 0.628125 0.560648 0.028125 0.073148
7 0.631771 0.583333 0.039583 0.074074
7 0.603125 0.609722 0.054167 0.152778
0 0.630729 0.563426 0.102083 0.123148
7 0.677865 0.568519 0.035937 0.098148
5 0.738281 0.823148 0.115104 0.353704
6 0.691927 0.620833 0.053646 0.147222
6 0.689323 0.643056 0.032813 0.102778
6 0.735677 0.747222 0.118229 0.398148
6 0.734635 0.784259 0.056771 0.324074
7 0.339844 0.675463 0.197396 0.649074
4 0.130208 0.500926 0.259375 0.998148
5 0.770573 0.968056 0.052604 0.063889
6 0.859375 0.746759 0.160417 0.506481
6 0.924479 0.759722 0.151042 0.480556
4 0.844792 0.600926 0.310417 0.372222
7 0.443490 0.559259 0.006771 0.020370