3 0.030469 0.587963 0.059896 0.148148
8 0.042708 0.654630 0.058333 0.140741
7 0.046094 0.619444 0.027604 0.183333
3 0.153906 0.625926 0.197396 0.416667
7 0.114323 0.597685 0.010937 0.080556
3 0.112760 0.555093 0.027604 0.032407
0 0.132031 0.571296 0.024479 0.044444
7 0.143750 0.594907 0.025000 0.095370
7 0.182031 0.568519 0.006771 0.038889
7 0.187760 0.568519 0.006771 0.037037
5 0.195833 0.582870 0.010417 0.021296
6 0.194010 0.569444 0.009896 0.031481
7 0.206250 0.566667 0.006250 0.035185
5 0.208073 0.575000 0.010937 0.025926
7 0.221094 0.574537 0.013021 0.052778
7 0.239583 0.574074 0.009375 0.040741
7 0.253385 0.568981 0.010937 0.049074
7 0.237760 0.552778 0.003646 0.011111
7 0.241667 0.554630 0.003125 0.009259
7 0.246875 0.569444 0.005208 0.038889
7 0.264844 0.581019 0.007812 0.032407
8 0.294531 0.587500 0.043229 0.050926
7 0.296354 0.589815 0.013542 0.040741
7 0.315885 0.582407 0.009896 0.042593
5 0.343750 0.578704 0.008333 0.024074
7 0.363542 0.581944 0.013542 0.063889
7 0.376042 0.581019 0.014583 0.065741
7 0.388802 0.577778 0.017188 0.074074
4 0.416927 0.556481 0.038021 0.066667
4 0.443229 0.558796 0.028125 0.063889
1 0.482552 0.555556 0.061979 0.064815
7 0.476302 0.583796 0.005729 0.032407
7 0.488021 0.575926 0.008333 0.048148
7 0.492708 0.578241 0.006250 0.039815
7 0.493229 0.581481 0.003125 0.035185
7 0.498437 0.578241 0.009375 0.043519
7 0.504687 0.577315 0.007292 0.045370
7 0.509896 0.557870 0.005208 0.013889
7 0.512500 0.557870 0.003125 0.008333
7 0.507812 0.593981 0.016667 0.063889
7 0.516927 0.564352 0.004687 0.013889
7 0.524740 0.550926 0.004687 0.012963
0 0.550781 0.537037 0.021354 0.022222
5 0.539323 0.543981 0.005729 0.017593
0 0.552604 0.583796 0.048958 0.063889
7 0.541927 0.568981 0.011979 0.045370
5 0.578385 0.610185 0.046354 0.066667
5 0.558594 0.615741 0.058854 0.064815
6 0.571875 0.586111 0.014583 0.072222
6 0.559635 0.591204 0.010937 0.065741
6 0.596875 0.563889 0.015625 0.027778
7 0.609115 0.561111 0.011979 0.037037
0 0.630469 0.606944 0.078646 0.112037
0 0.780990 0.618056 0.246354 0.167593
0 0.785677 0.523611 0.049479 0.028704
0 0.833854 0.520370 0.050000 0.031481
7 0.884375 0.572685 0.007292 0.050926
7 0.901042 0.567130 0.016667 0.041667
7 0.917969 0.595370 0.026562 0.109259
0 0.903646 0.564815 0.025000 0.027778
5 0.900781 0.605093 0.035937 0.039815
7 0.911458 0.571296 0.007292 0.018519
7 0.930990 0.595833 0.013021 0.065741
7 0.933594 0.557407 0.006771 0.027778
7 0.944010 0.585185 0.018229 0.083333
5 0.967969 0.595833 0.033854 0.052778
7 0.970313 0.574074 0.019792 0.100000
0 0.992969 0.564352 0.014063 0.043519
5 0.988542 0.604167 0.022917 0.052778
1 0.368229 0.555093 0.051042 0.060185
7 0.427083 0.660648 0.057292 0.245370
7 0.326823 0.702315 0.052604 0.300926
7 0.148698 0.693056 0.066146 0.310185
7 0.516406 0.612963 0.014063 0.055556
7 0.525260 0.594907 0.017188 0.086111
7 0.828646 0.558333 0.018750 0.033333