5 0.034635 0.661111 0.067187 0.214815
2 0.248698 0.631944 0.204687 0.339815
7 0.361719 0.591204 0.024479 0.102778
7 0.373698 0.554630 0.016146 0.072222
7 0.394792 0.548611 0.009375 0.049074
7 0.411979 0.545370 0.011458 0.035185
6 0.427344 0.546759 0.009896 0.036111
0 0.531250 0.588889 0.032292 0.114815
1 0.494531 0.518981 0.040104 0.050926
6 0.489583 0.494907 0.012500 0.052778
6 0.476562 0.505556 0.014583 0.024074
6 0.490885 0.504630 0.018229 0.055556
0 0.475521 0.537500 0.096875 0.049074
1 0.544531 0.530093 0.055729 0.115741
0 0.556250 0.562963 0.019792 0.059259
0 0.577083 0.576389 0.060417 0.095370
6 0.600521 0.529630 0.009375 0.022222
3 0.597656 0.531481 0.022396 0.016667
6 0.611198 0.530093 0.009896 0.019444
0 0.613542 0.532870 0.016667 0.021296
2 0.665104 0.527778 0.032292 0.024074
1 0.625000 0.518981 0.038542 0.023148
1 0.651563 0.518981 0.018750 0.028704
1 0.673698 0.514815 0.028646 0.027778
1 0.709635 0.520370 0.050521 0.050000
0 0.718229 0.545370 0.038542 0.053704
0 0.774479 0.523611 0.081250 0.067593
5 0.729427 0.575463 0.019271 0.054630
6 0.729427 0.561111 0.017188 0.064815
0 0.772135 0.562963 0.080729 0.074074
6 0.847656 0.539352 0.023438 0.052778
0 0.886458 0.575463 0.150000 0.097222
0 0.990885 0.640278 0.018229 0.171296
1 0.942969 0.539815 0.111979 0.231481
6 0.600781 0.528241 0.008854 0.019444
0 0.636979 0.527778 0.037500 0.024074
0 0.684896 0.564352 0.048958 0.075000
0 0.644792 0.609259 0.118750 0.155556
0 0.836719 0.745833 0.315104 0.376852
5 0.199740 0.839352 0.185938 0.319444
5 0.093750 0.873611 0.086458 0.249074
6 0.125521 0.684259 0.080208 0.290741
6 0.189844 0.776852 0.153646 0.442593
0 0.451823 0.738889 0.241146 0.379630