2 0.556250 0.549537 0.031250 0.047222
0 0.577083 0.543519 0.017708 0.022222
0 0.616667 0.552778 0.019792 0.040741
0 0.593750 0.569907 0.053125 0.073148
5 0.633073 0.573148 0.020313 0.037037
5 0.627604 0.594907 0.044792 0.078704
6 0.623958 0.571759 0.020833 0.062037
6 0.630208 0.546759 0.020833 0.034259
6 0.663542 0.564352 0.013542 0.056481
5 0.661198 0.588426 0.014063 0.052778
7 0.674219 0.596296 0.028646 0.135185
7 0.699740 0.598148 0.025521 0.137037
7 0.015365 0.847222 0.030729 0.257407
5 0.023438 0.693519 0.046875 0.112963
6 0.008854 0.607407 0.016667 0.124074
5 0.017969 0.592593 0.023438 0.053704
7 0.040104 0.599074 0.040625 0.162963
5 0.087240 0.587037 0.074479 0.083333
5 0.143490 0.575926 0.040104 0.096296
6 0.537240 0.534259 0.009896 0.016667
0 0.539844 0.581481 0.064062 0.083333
7 0.620833 0.668519 0.043750 0.212963