0 0.495312 0.533333 0.007292 0.012963
0 0.513802 0.533796 0.010937 0.017593
4 0.522917 0.530093 0.010417 0.021296
0 0.529427 0.537963 0.019271 0.027778
4 0.471615 0.523611 0.025521 0.050926
4 0.264323 0.507870 0.028646 0.062037
4 0.308594 0.504167 0.068229 0.095370
4 0.544531 0.523148 0.016146 0.029630
0 0.550260 0.532407 0.009896 0.014815
5 0.559896 0.537963 0.006250 0.011111
6 0.559635 0.530556 0.005729 0.014815
1 0.572396 0.528241 0.022917 0.036111
0 0.599219 0.540741 0.021354 0.033333
4 0.627865 0.531481 0.046354 0.074074
5 0.808073 0.570833 0.014063 0.039815
5 0.842708 0.581481 0.029167 0.053704
6 0.843229 0.567593 0.017708 0.064815
5 0.935156 0.588426 0.039062 0.034259
5 0.504167 0.548611 0.014583 0.037963
6 0.503385 0.542130 0.011979 0.039815
5 0.479427 0.587963 0.028646 0.077778
6 0.479427 0.570833 0.025521 0.076852