1 0.534115 0.521759 0.013021 0.028704
2 0.544531 0.526852 0.008854 0.016667
0 0.512240 0.534259 0.020313 0.033333
0 0.518750 0.540741 0.021875 0.035185
6 0.481250 0.531481 0.007292 0.022222
4 0.497396 0.518981 0.017708 0.028704
7 0.487760 0.528704 0.006771 0.020370
7 0.493490 0.531481 0.004687 0.018519
5 0.568750 0.541204 0.007292 0.019444
6 0.569271 0.534259 0.008333 0.025926
5 0.576562 0.541204 0.007292 0.025000
6 0.576302 0.535648 0.006771 0.023148
6 0.585156 0.535648 0.006771 0.021296
5 0.585417 0.540278 0.005208 0.019444
7 0.609896 0.545370 0.009375 0.038889
7 0.617188 0.549074 0.009375 0.046296
6 0.632031 0.546759 0.009896 0.036111
7 0.621875 0.551852 0.013542 0.057407
5 0.640625 0.568056 0.017708 0.045370
6 0.640625 0.555556 0.013542 0.055556
5 0.662500 0.568981 0.016667 0.050926
6 0.662500 0.559259 0.015625 0.061111
2 0.685417 0.550000 0.027083 0.051852
2 0.694271 0.564352 0.039583 0.073148
2 0.724479 0.545370 0.017708 0.040741
0 0.750521 0.553704 0.043750 0.048148
5 0.775260 0.542593 0.007812 0.022222
5 0.786458 0.541667 0.012500 0.025926
5 0.808854 0.546759 0.009375 0.021296
7 0.797135 0.540741 0.007812 0.033333
7 0.834896 0.580093 0.018750 0.073148
7 0.825000 0.579630 0.013542 0.074074
2 0.861198 0.579167 0.042188 0.106481
2 0.897135 0.604167 0.095312 0.139815
7 0.974219 0.583333 0.018229 0.083333
5 0.715104 0.660185 0.059375 0.150000
6 0.713281 0.618056 0.049479 0.152778
5 0.594271 0.620370 0.036458 0.116667
6 0.597917 0.587037 0.033333 0.122222
7 0.500781 0.551389 0.011979 0.037963
6 0.515885 0.578241 0.026562 0.086111
5 0.517448 0.601852 0.025521 0.087037
5 0.543229 0.631481 0.042708 0.118519
6 0.542969 0.603241 0.038021 0.136111
0 0.456510 0.532407 0.015104 0.027778
6 0.471875 0.535185 0.008333 0.031481
5 0.472656 0.544907 0.007812 0.023148
5 0.488802 0.621759 0.029687 0.112037
6 0.490365 0.596296 0.036979 0.125926
0 0.417708 0.535185 0.029167 0.046296
7 0.424740 0.553241 0.010937 0.052778
5 0.308594 0.559722 0.016146 0.036111
0 0.357292 0.618981 0.130208 0.149074