0 0.442969 0.570370 0.047396 0.088889
2 0.411198 0.537037 0.016146 0.024074
5 0.410156 0.599537 0.026562 0.076852
6 0.427604 0.579167 0.035417 0.113889
5 0.431771 0.613426 0.041667 0.093519
6 0.429948 0.578704 0.034896 0.112963
6 0.406771 0.569444 0.020833 0.083333
7 0.394531 0.594444 0.017188 0.112963
2 0.367448 0.542130 0.022396 0.025000
7 0.386719 0.636574 0.020313 0.089815
7 0.372656 0.545370 0.008854 0.024074
7 0.380469 0.598148 0.019271 0.122222
7 0.362240 0.618519 0.031771 0.174074
7 0.347656 0.564352 0.014063 0.052778
7 0.344792 0.619907 0.029167 0.149074
7 0.323958 0.637963 0.033333 0.174074
7 0.289062 0.638889 0.032292 0.194444
7 0.318490 0.637500 0.051562 0.239815
7 0.261198 0.560185 0.024479 0.048148
7 0.267448 0.666204 0.045312 0.182407
7 0.263021 0.686111 0.058333 0.287037
7 0.222135 0.673611 0.046354 0.297222
5 0.172396 0.609722 0.029167 0.075000
7 0.159115 0.680556 0.055729 0.244444
7 0.109375 0.738889 0.081250 0.381481
7 0.067708 0.678241 0.035417 0.252778
7 0.025781 0.687963 0.050521 0.290741
7 0.458073 0.587037 0.021354 0.114815
7 0.475260 0.593519 0.032813 0.166667
7 0.482812 0.581481 0.023958 0.114815
4 0.503125 0.555556 0.039583 0.129630
4 0.576562 0.554630 0.115625 0.190741
7 0.515885 0.567593 0.013021 0.116667
7 0.564063 0.550000 0.033333 0.112963
7 0.529687 0.559259 0.030208 0.087037
5 0.551823 0.638889 0.096354 0.133333
6 0.542708 0.608796 0.059375 0.200926
4 0.297656 0.493981 0.115104 0.165741
7 0.006771 0.713426 0.012500 0.147222