7 0.061719 0.632407 0.049479 0.187037
7 0.030990 0.522685 0.006771 0.010185
7 0.051042 0.525926 0.011458 0.011111
7 0.056510 0.514352 0.005729 0.012037
7 0.063802 0.507870 0.007812 0.015741
7 0.072656 0.502778 0.007812 0.018519
7 0.124479 0.574074 0.013542 0.042593
7 0.129688 0.565741 0.013542 0.057407
7 0.147396 0.553241 0.028125 0.075000
7 0.171615 0.556481 0.015104 0.066667
7 0.185156 0.562500 0.011979 0.050926
7 0.194271 0.551852 0.014583 0.072222
7 0.196875 0.556481 0.015625 0.048148
7 0.208854 0.609259 0.029167 0.129630
7 0.205990 0.547222 0.014063 0.033333
7 0.220312 0.585648 0.021875 0.132407
7 0.233594 0.600000 0.023438 0.116667
7 0.228385 0.540278 0.007812 0.021296
7 0.235937 0.552778 0.011458 0.037037
7 0.243229 0.558796 0.010417 0.054630
7 0.239844 0.539352 0.006771 0.021296
7 0.250781 0.549537 0.011979 0.054630
7 0.263021 0.550463 0.010417 0.047222
7 0.267448 0.537500 0.008854 0.045370
7 0.272135 0.553241 0.009896 0.050926
7 0.277865 0.579167 0.010937 0.086111
7 0.283073 0.531944 0.008854 0.025000
7 0.284375 0.523611 0.004167 0.017593
7 0.296615 0.541204 0.015104 0.030556
7 0.308073 0.535185 0.009896 0.014815
7 0.363021 0.574074 0.015625 0.088889
7 0.379688 0.575926 0.023958 0.105556
7 0.401042 0.564352 0.025000 0.112037
7 0.409635 0.584259 0.017188 0.079630
7 0.432292 0.581944 0.011458 0.097222
7 0.482812 0.503704 0.013542 0.107407
7 0.476302 0.519444 0.033854 0.085185
7 0.465104 0.574537 0.012500 0.097222
7 0.480208 0.594444 0.011458 0.040741
7 0.481510 0.518981 0.019271 0.087963
7 0.494531 0.568519 0.014063 0.092593
7 0.529687 0.572685 0.013542 0.080556
7 0.542969 0.503704 0.017188 0.103704
7 0.548438 0.512500 0.020833 0.104630
7 0.563281 0.523611 0.006771 0.021296
7 0.566927 0.518056 0.005729 0.028704
7 0.584375 0.511111 0.003125 0.020370
7 0.608073 0.511111 0.004687 0.025926
7 0.576823 0.516204 0.002604 0.025000
7 0.610677 0.530093 0.006771 0.036111
7 0.624479 0.554167 0.011458 0.095370
7 0.592708 0.607870 0.048958 0.210185
7 0.625521 0.562963 0.006250 0.075926
7 0.632031 0.525926 0.006771 0.044444
7 0.639583 0.530556 0.008333 0.038889
7 0.647656 0.527778 0.009896 0.044444
7 0.680990 0.507407 0.005729 0.024074
7 0.683594 0.526852 0.005729 0.033333
7 0.747917 0.515741 0.011458 0.055556
7 0.758333 0.516667 0.009375 0.050000
7 0.770312 0.525463 0.014583 0.065741
7 0.739583 0.519907 0.007292 0.039815
7 0.763802 0.498148 0.004687 0.016667
3 0.755990 0.512037 0.031771 0.066667
8 0.783594 0.535185 0.023438 0.038889
7 0.811458 0.502778 0.009375 0.022222
7 0.815625 0.523148 0.012500 0.062963
7 0.827344 0.526389 0.011979 0.078704
3 0.827083 0.507407 0.055208 0.112963
7 0.841406 0.500926 0.005729 0.022222
7 0.853906 0.508333 0.005729 0.029630
8 0.864323 0.505556 0.011979 0.020370
6 0.865104 0.504167 0.005208 0.023148
7 0.879687 0.501852 0.007292 0.038889
7 0.892969 0.514815 0.007812 0.044444
7 0.930729 0.485185 0.005208 0.005556
7 0.950521 0.482407 0.006250 0.009259
0 0.950521 0.526852 0.097917 0.079630
1 0.977865 0.479630 0.028646 0.029630