6 0.427344 0.523611 0.008854 0.030556
5 0.427344 0.531019 0.010937 0.019444
2 0.447396 0.525463 0.030208 0.037963
1 0.490625 0.490741 0.036458 0.033333
1 0.544010 0.510185 0.045312 0.088889
2 0.570833 0.506481 0.009375 0.016667
1 0.598437 0.495370 0.047917 0.053704
6 0.619271 0.513889 0.011458 0.016667
6 0.633073 0.515741 0.011979 0.020370
1 0.686979 0.502778 0.098958 0.101852
7 0.691406 0.510648 0.010937 0.039815
2 0.772396 0.513426 0.031250 0.034259
4 0.889062 0.531481 0.219792 0.238889
0 0.551042 0.540278 0.019792 0.054630
0 0.567969 0.543981 0.036979 0.065741
0 0.586458 0.555093 0.046875 0.084259
0 0.626302 0.569907 0.065104 0.095370
0 0.742448 0.637037 0.218229 0.231481
6 0.570052 0.566204 0.024479 0.102778
5 0.586458 0.645833 0.044792 0.158333
6 0.588802 0.605556 0.055729 0.181481
0 0.536979 0.564815 0.022917 0.094444
4 0.519271 0.504630 0.029167 0.031481
6 0.516406 0.483796 0.016146 0.049074
0 0.496615 0.588889 0.092188 0.161111
7 0.350260 0.569444 0.018229 0.033333
0 0.398958 0.531944 0.043750 0.030556
6 0.394271 0.530556 0.020833 0.027778
5 0.316667 0.556944 0.046875 0.073148
5 0.310937 0.561574 0.048958 0.084259
0 0.415365 0.672685 0.179688 0.263889
7 0.256771 0.537500 0.020833 0.100926
5 0.299219 0.579630 0.027604 0.100000
5 0.209896 0.770370 0.112500 0.288889
6 0.223958 0.690741 0.063542 0.275926
6 0.219010 0.693519 0.059896 0.274074
6 0.174479 0.715741 0.092708 0.301852
10 0.359115 0.466667 0.017188 0.061111