3 0.603385 0.533333 0.017188 0.020370
7 0.517188 0.540278 0.006250 0.025000
1 0.693750 0.521296 0.071875 0.050000
7 0.522917 0.534722 0.004167 0.015741
1 0.555469 0.546296 0.067187 0.142593
5 0.518750 0.560185 0.007292 0.014815
6 0.518750 0.548611 0.009375 0.026852
6 0.521875 0.566204 0.008333 0.036111
0 0.604688 0.547685 0.023958 0.013889
0 0.603646 0.600463 0.058333 0.104630
0 0.689323 0.655556 0.161979 0.264815
5 0.753385 0.568056 0.018229 0.030556
6 0.749219 0.547222 0.013021 0.027778
0 0.920833 0.656944 0.156250 0.291667