7 0.476042 0.542130 0.008333 0.028704
5 0.503125 0.577315 0.012500 0.047222
6 0.500781 0.538426 0.014063 0.021296
6 0.503385 0.558796 0.016146 0.063889
5 0.569531 0.574074 0.017188 0.046296
6 0.567448 0.547685 0.015104 0.041667
5 0.536979 0.578704 0.015625 0.051852
6 0.536979 0.562963 0.018750 0.072222
5 0.592187 0.581481 0.020833 0.046296
5 0.519010 0.585648 0.024479 0.065741
5 0.552083 0.589815 0.028125 0.081481
6 0.551823 0.568056 0.026562 0.086111
6 0.519792 0.563889 0.025000 0.075926
7 0.580469 0.573148 0.016146 0.098148
0 0.636198 0.581481 0.055729 0.085185
5 0.612240 0.597685 0.029687 0.084259
6 0.611979 0.583796 0.031250 0.106481
6 0.614323 0.567130 0.021354 0.063889
6 0.468750 0.561574 0.021875 0.071296
5 0.469271 0.597222 0.022917 0.077778
5 0.652083 0.597685 0.030208 0.073148
7 0.492188 0.587500 0.027083 0.115741
5 0.450000 0.592593 0.032292 0.094444
7 0.435677 0.589815 0.018229 0.088889
7 0.422917 0.557870 0.013542 0.067593
7 0.416927 0.582870 0.017188 0.104630
7 0.407813 0.580093 0.017708 0.086111
5 0.716406 0.622685 0.028646 0.130556
5 0.688802 0.636111 0.052604 0.127778
5 0.749219 0.648611 0.059896 0.147222
5 0.356771 0.717593 0.084375 0.233333
7 0.973177 0.826852 0.050521 0.342593