13 0.460156 0.414352 0.009896 0.071296
2 0.680729 0.546759 0.063542 0.095370
5 0.683854 0.576852 0.033333 0.062963
6 0.690885 0.551389 0.020313 0.045370
2 0.756510 0.561111 0.046354 0.088889
7 0.804167 0.550926 0.012500 0.055556
5 0.745052 0.617593 0.024479 0.064815
6 0.737240 0.568519 0.008854 0.055556
5 0.705469 0.650000 0.075521 0.105556
6 0.705469 0.579630 0.026562 0.107407
1 0.913281 0.541204 0.173437 0.287963
1 0.589844 0.545370 0.044271 0.079630
5 0.626042 0.565741 0.038542 0.048148
6 0.627344 0.557870 0.019271 0.069444
6 0.638021 0.554630 0.012500 0.053704
5 0.564583 0.566667 0.019792 0.057407
6 0.563542 0.549074 0.021875 0.062963
5 0.425000 0.559722 0.031250 0.045370
6 0.425781 0.551852 0.015104 0.061111
5 0.446615 0.566204 0.025521 0.049074
6 0.448958 0.546296 0.016667 0.053704
6 0.441406 0.549537 0.014063 0.056481
5 0.468490 0.638426 0.042188 0.143519
6 0.463281 0.609259 0.048438 0.175926
5 0.394010 0.635185 0.052604 0.144444
6 0.397396 0.612037 0.063542 0.185185
2 0.027344 0.558796 0.053646 0.110185
0 0.097917 0.643981 0.137500 0.215741
2 0.225521 0.610185 0.187500 0.331481
5 0.051562 0.862500 0.102083 0.275000
6 0.021094 0.896296 0.040104 0.207407
6 0.391406 0.594907 0.045312 0.152778
6 0.677083 0.494444 0.010417 0.022222
6 0.671094 0.495833 0.013021 0.025000