13 0.380729 0.394907 0.014583 0.093519
5 0.011458 0.635185 0.022917 0.062963
5 0.942448 0.485185 0.004687 0.009259
6 0.942187 0.480093 0.005208 0.012037
0 0.921615 0.506019 0.024479 0.045370
4 0.883333 0.495833 0.041667 0.091667
0 0.836719 0.486574 0.014063 0.017593
4 0.870573 0.520370 0.046354 0.090741
2 0.928646 0.517593 0.025000 0.051852
0 0.965885 0.519907 0.033854 0.049074
6 0.738021 0.504167 0.007292 0.019444
0 0.726302 0.522222 0.027604 0.040741
5 0.671094 0.529167 0.010937 0.026852
6 0.670052 0.519907 0.009896 0.032407
6 0.727083 0.543519 0.014583 0.033333
6 0.736719 0.541667 0.018229 0.048148
5 0.729948 0.568519 0.030729 0.038889
6 0.699479 0.558333 0.014583 0.048148
6 0.704688 0.562500 0.009375 0.056481
6 0.712760 0.560648 0.010937 0.045370
2 0.605729 0.566204 0.111458 0.136111
5 0.678906 0.600463 0.069271 0.099074
6 0.679948 0.590741 0.032813 0.122222
2 0.768229 0.546296 0.062500 0.079630
2 0.796094 0.568519 0.084896 0.118519
5 0.236979 0.870370 0.108333 0.259259
6 0.169792 0.790741 0.213542 0.416667
5 0.031250 0.913889 0.061458 0.172222
6 0.721615 0.499074 0.005729 0.011111
6 0.720313 0.501852 0.005208 0.009259
5 0.740885 0.510185 0.004687 0.020370
7 0.975260 0.524537 0.009896 0.047222
5 0.952083 0.488889 0.004167 0.012963
6 0.952604 0.481019 0.005208 0.013889
5 0.905729 0.493056 0.005208 0.015741
6 0.905208 0.487037 0.005208 0.020370
2 0.919010 0.483333 0.011979 0.009259