2 0.497656 0.548148 0.019271 0.027778
6 0.500000 0.547685 0.011458 0.023148
7 0.521875 0.549074 0.007292 0.022222
7 0.527083 0.550463 0.008333 0.028704
7 0.531250 0.559722 0.008333 0.043519
7 0.538802 0.549074 0.011979 0.055556
7 0.546615 0.579630 0.025521 0.114815
7 0.556250 0.550926 0.006250 0.031481
7 0.561198 0.556019 0.011979 0.039815
7 0.567187 0.587037 0.022917 0.098148
7 0.603125 0.575463 0.020833 0.110185
7 0.581250 0.591667 0.022917 0.124074
7 0.704688 0.564815 0.019792 0.125926
7 0.720573 0.540278 0.013021 0.037963
7 0.723958 0.568519 0.026042 0.103704
7 0.684375 0.613889 0.034375 0.162963
2 0.901042 0.613889 0.197917 0.414815
7 0.065885 0.746296 0.085938 0.488889
7 0.125000 0.772685 0.147917 0.454630
7 0.166927 0.732407 0.058854 0.400000
7 0.198177 0.731481 0.028646 0.205556
7 0.216667 0.681481 0.040625 0.205556
7 0.266927 0.706944 0.027604 0.204630
7 0.255208 0.722685 0.039583 0.219444
7 0.297396 0.716667 0.040625 0.207407
5 0.425000 0.676389 0.044792 0.143519
6 0.426302 0.626389 0.047396 0.162037
7 0.433333 0.562037 0.015625 0.027778
7 0.453906 0.554630 0.004687 0.018519
7 0.458594 0.553704 0.004687 0.022222
7 0.445573 0.557407 0.007812 0.018519
7 0.458594 0.556481 0.004687 0.012963
7 0.450260 0.568056 0.010937 0.030556
7 0.437500 0.563889 0.007292 0.014815
7 0.440104 0.593056 0.018750 0.080556
0 0.478385 0.606019 0.064062 0.110185
7 0.485677 0.547685 0.008854 0.021296
7 0.469010 0.547222 0.014063 0.022222
7 0.478385 0.546759 0.013021 0.015741
3 0.497396 0.545833 0.016667 0.019444
6 0.500521 0.546759 0.013542 0.025000
5 0.521615 0.623148 0.032813 0.116667
6 0.513021 0.609722 0.034375 0.141667
6 0.522135 0.596296 0.028646 0.111111
6 0.512500 0.598611 0.037500 0.125000