3 0.486458 0.520833 0.007292 0.008333
4 0.482552 0.520833 0.009896 0.021296
5 0.485938 0.530093 0.005208 0.010185
6 0.483854 0.525463 0.005208 0.010185
5 0.489844 0.537963 0.005729 0.012963
6 0.489583 0.532407 0.006250 0.020370
0 0.542188 0.530093 0.008333 0.021296
4 0.536458 0.529630 0.006250 0.029630
3 0.562240 0.525926 0.009896 0.007407
0 0.554948 0.537037 0.009896 0.020370
5 0.548698 0.541667 0.008854 0.020370
6 0.548438 0.535648 0.009375 0.023148
0 0.568229 0.542130 0.022917 0.032407
5 0.634896 0.552315 0.011458 0.026852
6 0.634896 0.547685 0.009375 0.036111
0 0.657292 0.562037 0.045833 0.057407
0 0.604427 0.560648 0.035937 0.050926
5 0.852865 0.605093 0.029687 0.084259
6 0.850000 0.587500 0.026042 0.071296
5 0.988021 0.612037 0.021875 0.070370
6 0.994010 0.575926 0.009896 0.051852
0 0.732812 0.591667 0.095833 0.116667
4 0.452083 0.543519 0.039583 0.079630
6 0.443229 0.528241 0.011458 0.032407
6 0.462760 0.505093 0.009896 0.025000
4 0.514062 0.525926 0.048958 0.109259
5 0.478125 0.584259 0.020833 0.046296
6 0.476042 0.558796 0.018750 0.073148
6 0.478125 0.558333 0.022917 0.075926
5 0.393229 0.586574 0.023958 0.058333
6 0.396615 0.563889 0.017188 0.068519
6 0.392188 0.565278 0.026042 0.076852
5 0.281771 0.656481 0.064583 0.157407
6 0.284375 0.612037 0.053125 0.170370