7 0.249740 0.689352 0.031771 0.141667
7 0.279948 0.619907 0.027604 0.197222
5 0.327083 0.568519 0.018750 0.037037
7 0.320312 0.612500 0.030208 0.184259
7 0.341146 0.682870 0.069792 0.308333
7 0.380469 0.629167 0.043229 0.249074
7 0.407031 0.528704 0.010937 0.033333
7 0.414323 0.543519 0.032813 0.053704
7 0.417448 0.642130 0.046354 0.225000
7 0.453646 0.598148 0.031250 0.166667
7 0.448177 0.615278 0.035937 0.189815
7 0.470313 0.596759 0.019792 0.121296
7 0.486198 0.612500 0.023438 0.080556
7 0.485677 0.549537 0.024479 0.112037
2 0.504687 0.537037 0.020833 0.048148
7 0.497135 0.576389 0.021354 0.104630
7 0.514844 0.570370 0.020313 0.096296
0 0.563542 0.537500 0.042708 0.043519
5 0.542448 0.585648 0.027604 0.082407
6 0.541146 0.561111 0.028125 0.092593
7 0.558594 0.558333 0.019271 0.107407
7 0.570052 0.562500 0.013021 0.076852
7 0.578906 0.571759 0.017188 0.075000
7 0.590885 0.543056 0.018229 0.045370
4 0.614062 0.516667 0.048958 0.064815
4 0.662760 0.544907 0.097396 0.156481
7 0.698177 0.580556 0.032813 0.142593
7 0.672396 0.576389 0.027083 0.126852
5 0.650521 0.598148 0.064583 0.107407
6 0.647656 0.533333 0.031771 0.070370
6 0.642708 0.579630 0.043750 0.144444
5 0.607292 0.620833 0.051042 0.119444
6 0.602083 0.582870 0.041667 0.134259
3 0.445312 0.481944 0.082292 0.139815
7 0.022396 0.784722 0.043750 0.430556