0 0.503125 0.548148 0.009375 0.022222
4 0.515365 0.541667 0.020313 0.040741
1 0.477344 0.534722 0.038021 0.065741
0 0.451562 0.547685 0.019792 0.023148
4 0.572396 0.538889 0.023958 0.048148
0 0.598958 0.553704 0.028125 0.038889
0 0.629948 0.572222 0.052604 0.074074
4 0.717187 0.540741 0.065625 0.081481
7 0.764323 0.565741 0.010937 0.055556
7 0.745313 0.567130 0.012500 0.063889
0 0.843750 0.556019 0.022917 0.039815
5 0.729948 0.587500 0.023438 0.060185
6 0.728906 0.569907 0.016146 0.063889
6 0.700000 0.573148 0.022917 0.085185
5 0.700260 0.593981 0.027604 0.069444
0 0.912500 0.574074 0.101042 0.092593
6 0.975521 0.596296 0.021875 0.124074
7 0.421875 0.546296 0.008333 0.029630
5 0.437760 0.553704 0.017188 0.020370
5 0.395052 0.553241 0.019271 0.021296
7 0.408854 0.556481 0.013542 0.042593
5 0.426823 0.568981 0.015104 0.043519
6 0.426042 0.557407 0.014583 0.050000
0 0.325000 0.567130 0.053125 0.065741
5 0.361979 0.581019 0.016667 0.047222
6 0.363281 0.563889 0.017188 0.053704
7 0.324740 0.579167 0.016146 0.078704
5 0.345833 0.628241 0.033333 0.104630
6 0.349740 0.599537 0.036979 0.123148
6 0.298958 0.581481 0.017708 0.079630
5 0.274740 0.698611 0.074479 0.189815
6 0.274479 0.643981 0.060417 0.204630
5 0.022656 0.576852 0.034896 0.103704
5 0.052604 0.581019 0.039583 0.102778
5 0.081510 0.599537 0.044271 0.097222