5 0.086198 0.802315 0.164062 0.371296
6 0.099479 0.697685 0.115625 0.343519
0 0.245312 0.599537 0.120833 0.158333
6 0.375521 0.538426 0.013542 0.023148
6 0.413281 0.540278 0.016146 0.034259
0 0.479687 0.612963 0.114583 0.207407
0 0.368490 0.743981 0.276562 0.391667
1 0.500781 0.507870 0.032813 0.032407
6 0.517969 0.508333 0.011979 0.031481
6 0.529167 0.499074 0.009375 0.064815
6 0.533854 0.502778 0.014583 0.068519
3 0.533333 0.556019 0.039583 0.104630
0 0.525000 0.577315 0.031250 0.123148
0 0.557552 0.555556 0.021354 0.051852
0 0.551042 0.536111 0.014583 0.033333
1 0.551562 0.511111 0.032292 0.059259
1 0.584635 0.527778 0.027604 0.042593
3 0.596354 0.531944 0.016667 0.021296
3 0.582552 0.534722 0.018229 0.010185
0 0.572656 0.561574 0.034896 0.060185
6 0.566406 0.579630 0.018229 0.100000
5 0.564323 0.594907 0.018229 0.082407
5 0.576302 0.620370 0.032813 0.101852
6 0.578646 0.585648 0.036458 0.119444
0 0.605729 0.578704 0.051042 0.094444
7 0.637500 0.538889 0.008333 0.016667
0 0.654427 0.615741 0.095312 0.142593
2 0.652865 0.539352 0.019271 0.019444
0 0.665625 0.546759 0.021875 0.019444
6 0.705729 0.562500 0.012500 0.034259
2 0.775781 0.550463 0.054688 0.062037
5 0.876042 0.569907 0.011458 0.026852
5 0.984375 0.624074 0.030208 0.068519
0 0.804427 0.711574 0.303646 0.308333
5 0.721094 0.849074 0.169271 0.301852
6 0.712240 0.740741 0.142187 0.411111
9 0.613021 0.244444 0.004167 0.005556
9 0.619531 0.272685 0.003646 0.006481
9 0.611458 0.276389 0.004167 0.004630
9 0.602604 0.280093 0.003125 0.006481
9 0.598698 0.270833 0.004687 0.004630
9 0.594531 0.278704 0.004687 0.007407
9 0.597917 0.281481 0.003125 0.005556
9 0.590885 0.282870 0.003646 0.006481
9 0.585156 0.301852 0.003646 0.009259
9 0.583073 0.309722 0.002604 0.004630
9 0.581510 0.317593 0.004687 0.007407
9 0.561719 0.274537 0.002604 0.006481
9 0.578385 0.333796 0.003646 0.006481
9 0.577344 0.338426 0.004687 0.004630
9 0.576042 0.348148 0.003125 0.003704
9 0.575521 0.352778 0.004167 0.005556
9 0.573698 0.356019 0.003646 0.004630
9 0.572135 0.361574 0.003646 0.004630
9 0.570573 0.367593 0.003646 0.003704
9 0.569010 0.370833 0.004687 0.006481
9 0.567969 0.377778 0.004687 0.007407
9 0.562500 0.387963 0.004167 0.005556
9 0.560937 0.391204 0.004167 0.002778
9 0.550000 0.393056 0.003125 0.002778
10 0.027083 0.336574 0.052083 0.195370