0 0.578906 0.525463 0.011979 0.015741
0 0.564844 0.526852 0.008854 0.012963
5 0.555208 0.555093 0.016667 0.045370
5 0.579427 0.554630 0.016146 0.042593
6 0.578385 0.543519 0.016146 0.042593
5 0.540625 0.543056 0.008333 0.019444
6 0.540885 0.537037 0.007812 0.018519
6 0.555990 0.545833 0.016146 0.049074
5 0.529948 0.554630 0.014063 0.037037
6 0.531250 0.546296 0.012500 0.040741
6 0.626302 0.521759 0.007812 0.013889
5 0.625260 0.525463 0.007812 0.010185
0 0.660156 0.526389 0.030729 0.026852
7 0.682292 0.525463 0.005208 0.013889
6 0.611458 0.522685 0.005208 0.010185
6 0.508333 0.544444 0.012500 0.040741
6 0.494531 0.566204 0.018229 0.071296
5 0.492969 0.587037 0.020313 0.070370
5 0.465885 0.605556 0.029687 0.083333
5 0.521094 0.685648 0.056771 0.176852
6 0.517969 0.622685 0.054688 0.197222
5 0.422656 0.600000 0.027604 0.088889
6 0.421615 0.579630 0.025521 0.092593
6 0.465885 0.578704 0.028646 0.098148
2 0.175260 0.557407 0.073438 0.081481
5 0.316406 0.572685 0.028646 0.043519
5 0.402344 0.574074 0.009896 0.031481
4 0.780469 0.512037 0.146354 0.124074