7 0.197656 0.558796 0.022396 0.104630
5 0.171875 0.629167 0.067708 0.178704
5 0.231510 0.767130 0.114062 0.269444
5 0.344531 0.751852 0.093229 0.225926
6 0.239844 0.670370 0.084896 0.262963
6 0.348958 0.661111 0.079167 0.237037
2 0.294531 0.607407 0.186979 0.303704
5 0.389844 0.623148 0.023438 0.094444
6 0.389062 0.591667 0.025000 0.122222
0 0.427083 0.580093 0.078125 0.126852
2 0.465625 0.535648 0.040625 0.045370
2 0.487760 0.537037 0.016146 0.038889
4 0.479687 0.514352 0.030208 0.032407
1 0.540885 0.502778 0.063021 0.074074
6 0.505208 0.499074 0.013542 0.031481
6 0.512240 0.487963 0.028646 0.072222
6 0.518490 0.491667 0.033854 0.075926
6 0.505208 0.506944 0.013542 0.026852
3 0.517708 0.533796 0.064583 0.052778
0 0.538802 0.566204 0.082812 0.050926
1 0.646875 0.528241 0.164583 0.260185
0 0.744792 0.546296 0.035417 0.025926
2 0.806771 0.536574 0.039583 0.023148
2 0.840885 0.537963 0.026562 0.016667
0 0.917448 0.543981 0.054688 0.028704
0 0.823438 0.552778 0.060417 0.035185
1 0.859115 0.513889 0.102604 0.062963
1 0.954688 0.517130 0.090625 0.095370
0 0.747656 0.651389 0.148438 0.215741
0 0.860677 0.771296 0.278646 0.457407
0 0.507292 0.754167 0.256250 0.400926
2 0.031510 0.807870 0.061979 0.384259