5 0.096354 0.828241 0.190625 0.343519
5 0.249740 0.732407 0.156771 0.362963
7 0.394531 0.561574 0.038021 0.162037
5 0.423698 0.598611 0.034896 0.128704
5 0.502865 0.553704 0.013021 0.040741
7 0.511979 0.554630 0.012500 0.077778
7 0.520052 0.552778 0.009896 0.057407
7 0.528906 0.552778 0.015104 0.081481
7 0.534896 0.535648 0.005208 0.032407
5 0.548698 0.540741 0.008854 0.025926
6 0.548698 0.533333 0.009896 0.031481
2 0.572917 0.550000 0.012500 0.074074
5 0.657292 0.559259 0.023958 0.059259
5 0.680469 0.579630 0.040104 0.055556
5 0.705990 0.604167 0.050521 0.078704
6 0.704167 0.583333 0.037500 0.111111
2 0.614583 0.592130 0.082292 0.175000
5 0.601823 0.675463 0.069271 0.180556
6 0.577344 0.619444 0.023438 0.177778
6 0.600260 0.622222 0.056771 0.194444
0 0.825521 0.725000 0.345833 0.546296
7 0.658854 0.352315 0.009375 0.025000
7 0.792448 0.518056 0.028646 0.076852
7 0.690365 0.295370 0.008854 0.016667
7 0.686979 0.311574 0.009375 0.043519