2 0.128385 0.682870 0.255729 0.634259
7 0.390625 0.555556 0.014583 0.042593
5 0.304427 0.591667 0.028646 0.090741
7 0.410417 0.542130 0.007292 0.023148
7 0.423177 0.546759 0.015104 0.045370
7 0.433333 0.550000 0.008333 0.033333
7 0.449740 0.548611 0.016146 0.034259
7 0.408073 0.555556 0.015104 0.027778
1 0.517188 0.515741 0.028125 0.029630
1 0.575000 0.525463 0.058333 0.091667
0 0.590885 0.572222 0.034896 0.064815
6 0.526302 0.503241 0.011979 0.049074
6 0.531510 0.506019 0.014063 0.050926
3 0.542969 0.534259 0.015104 0.025926
0 0.610156 0.539352 0.015104 0.015741
6 0.609635 0.534259 0.006771 0.014815
1 0.639583 0.528241 0.013542 0.015741
3 0.630729 0.538889 0.022917 0.012963
3 0.650521 0.530093 0.018750 0.026852
3 0.678125 0.519907 0.029167 0.013889
1 0.721354 0.525000 0.059375 0.064815
0 0.651302 0.538426 0.015104 0.023148
0 0.678125 0.538889 0.042708 0.037037
2 0.741927 0.546296 0.040104 0.038889
0 0.759635 0.581481 0.071354 0.087037
3 0.795833 0.552778 0.044792 0.046296
6 0.798698 0.561574 0.016146 0.049074
6 0.808333 0.563426 0.016667 0.045370
5 0.809375 0.570833 0.023958 0.028704
6 0.860677 0.548611 0.023438 0.041667
2 0.898958 0.548148 0.051042 0.035185
6 0.942448 0.552778 0.010937 0.035185
6 0.927083 0.548148 0.025000 0.037037
0 0.973958 0.564815 0.052083 0.061111
0 0.979427 0.574074 0.041146 0.072222
0 0.864844 0.749537 0.270313 0.373148
6 0.568229 0.567130 0.017708 0.069444
5 0.570573 0.574074 0.015104 0.057407
0 0.555469 0.590741 0.034896 0.101852
0 0.504948 0.572222 0.098437 0.105556
0 0.617708 0.591204 0.065625 0.106481
0 0.685156 0.624537 0.128646 0.163889
0 0.423438 0.781019 0.359375 0.437963