7 0.090104 0.620833 0.097917 0.187963
7 0.062500 0.821759 0.123958 0.356481
7 0.107292 0.790741 0.094792 0.418519
7 0.213542 0.814815 0.164583 0.368519
7 0.287240 0.584259 0.035937 0.087037
5 0.291146 0.638889 0.067708 0.164815
5 0.329688 0.627315 0.052083 0.176852
7 0.346354 0.550000 0.011458 0.037037
7 0.342708 0.556019 0.014583 0.043519
7 0.388281 0.551389 0.015104 0.043519
7 0.385417 0.587037 0.016667 0.081481
5 0.415365 0.650000 0.039062 0.144444
7 0.367969 0.727778 0.104688 0.540741
7 0.434115 0.567130 0.018229 0.065741
7 0.463802 0.600926 0.033854 0.135185
7 0.452865 0.602315 0.030729 0.141667
7 0.457552 0.525000 0.009896 0.020370
7 0.466667 0.540741 0.012500 0.042593
7 0.475260 0.575463 0.017188 0.097222
7 0.485156 0.533333 0.005729 0.022222
7 0.495052 0.533796 0.009896 0.017593
7 0.502604 0.525926 0.006250 0.024074
7 0.505729 0.524074 0.005208 0.029630
7 0.508333 0.523148 0.009375 0.031481
7 0.514062 0.521759 0.009375 0.026852
7 0.524479 0.521759 0.007292 0.032407
7 0.536458 0.524074 0.012500 0.027778
7 0.532292 0.535185 0.013542 0.025926
7 0.550781 0.555093 0.011979 0.069444
7 0.546354 0.551852 0.012500 0.081481
7 0.556771 0.525463 0.005208 0.015741
7 0.557552 0.545833 0.006771 0.041667
7 0.562240 0.528704 0.005729 0.020370
6 0.565365 0.533796 0.009896 0.034259
3 0.575260 0.526389 0.015104 0.013889
6 0.576562 0.530093 0.006250 0.017593
6 0.572135 0.536574 0.010937 0.028704
6 0.599219 0.529630 0.009896 0.020370
5 0.604688 0.553241 0.016667 0.028704
6 0.605729 0.547222 0.016667 0.053704
0 0.622396 0.532407 0.013542 0.024074
7 0.621094 0.537500 0.009896 0.026852
6 0.615104 0.549537 0.016667 0.047222
5 0.610677 0.568981 0.018229 0.030556
7 0.632031 0.637037 0.044271 0.224074
4 0.684635 0.599074 0.119271 0.246296
7 0.695833 0.636574 0.032292 0.228704
7 0.825260 0.677315 0.069271 0.300926
5 0.594010 0.721759 0.091146 0.245370
6 0.567708 0.610185 0.028125 0.153704
6 0.598958 0.652315 0.076042 0.260185
6 0.589583 0.645833 0.040625 0.169444
6 0.732812 0.728241 0.102083 0.456481
5 0.876563 0.739815 0.111458 0.275926
5 0.967708 0.787037 0.064583 0.242593
7 0.957812 0.731481 0.084375 0.450000
7 0.879687 0.509722 0.033333 0.115741
7 0.990625 0.470370 0.017708 0.255556
0 0.517448 0.580093 0.061979 0.093519
7 0.517969 0.584259 0.021354 0.116667
7 0.532552 0.588889 0.021354 0.105556
7 0.489063 0.581481 0.022917 0.118519