4 0.079687 0.527778 0.158333 0.427778
5 0.184635 0.547222 0.030729 0.081481
5 0.171615 0.565278 0.049479 0.076852
0 0.224479 0.536574 0.065625 0.069444
5 0.258594 0.536111 0.013021 0.038889
7 0.213802 0.592593 0.033854 0.162963
0 0.356771 0.547222 0.031250 0.050000
7 0.405729 0.538426 0.008333 0.026852
7 0.423958 0.534722 0.007292 0.013889
7 0.428385 0.531944 0.004687 0.012037
6 0.461458 0.534722 0.008333 0.021296
3 0.466927 0.515278 0.009896 0.021296
3 0.478385 0.510185 0.010937 0.009259
3 0.498958 0.501389 0.009375 0.017593
3 0.513281 0.500000 0.008854 0.014815
3 0.505469 0.504630 0.006771 0.005556
0 0.514844 0.502778 0.008854 0.009259
3 0.500000 0.507870 0.006250 0.006481
3 0.537760 0.507407 0.005729 0.009259
3 0.548698 0.505093 0.006771 0.010185
1 0.561458 0.511574 0.020833 0.034259
3 0.579948 0.509259 0.008854 0.014815
5 0.581510 0.515278 0.004687 0.012037
6 0.580990 0.510648 0.002604 0.012037
0 0.595052 0.524537 0.013021 0.023148
0 0.611979 0.527778 0.015625 0.024074
7 0.623698 0.531019 0.006771 0.026852
5 0.630469 0.526852 0.010937 0.018519
5 0.640625 0.521759 0.013542 0.015741
0 0.681510 0.527315 0.024479 0.019444
1 0.710677 0.527778 0.038021 0.055556
5 0.721094 0.554630 0.010937 0.027778
5 0.709635 0.570833 0.016146 0.037963
6 0.708333 0.560185 0.012500 0.051852
3 0.732552 0.546296 0.027604 0.042593
0 0.741146 0.526389 0.020833 0.017593
0 0.758594 0.524537 0.011979 0.025000
0 0.744010 0.561111 0.045312 0.048148
2 0.760156 0.559722 0.054688 0.058333
5 0.753906 0.575463 0.035937 0.039815
6 0.755729 0.567130 0.018750 0.052778
6 0.763802 0.563426 0.011979 0.058333
5 0.799740 0.568981 0.016146 0.039815
5 0.811458 0.571296 0.012500 0.037037
5 0.832292 0.566667 0.023958 0.037037
0 0.870313 0.581019 0.063542 0.073148
7 0.916146 0.583796 0.016667 0.065741
5 0.931771 0.577315 0.027083 0.049074
5 0.949479 0.577778 0.033333 0.048148
5 0.966667 0.579167 0.036458 0.056481
5 0.972656 0.591667 0.052604 0.064815
7 0.938021 0.600463 0.018750 0.089815
5 0.912240 0.658333 0.061979 0.111111
6 0.891667 0.612037 0.026042 0.125926
6 0.910156 0.622685 0.040104 0.126852
2 0.582812 0.539815 0.017708 0.038889
2 0.503906 0.593519 0.082812 0.172222
0 0.413021 0.548611 0.016667 0.037963
0 0.388021 0.559259 0.051042 0.066667
0 0.441406 0.578704 0.056771 0.090741