7 0.659635 0.505556 0.007812 0.011111
7 0.670573 0.499537 0.005729 0.012037
2 0.672396 0.510648 0.009375 0.012037
7 0.719010 0.512500 0.006771 0.015741
0 0.690625 0.520833 0.017708 0.017593
6 0.677083 0.511574 0.007292 0.015741
0 0.723958 0.530556 0.015625 0.020370
7 0.713542 0.533796 0.009375 0.019444
7 0.706510 0.521759 0.016146 0.039815
7 0.699740 0.537037 0.014063 0.027778
7 0.763542 0.503241 0.008333 0.015741
7 0.738281 0.512963 0.009896 0.029630
7 0.730208 0.533333 0.016667 0.072222
7 0.735417 0.558796 0.019792 0.063889
7 0.702865 0.551852 0.013021 0.029630
2 0.784375 0.574074 0.086458 0.142593
5 0.794010 0.642593 0.024479 0.101852
6 0.795312 0.576852 0.028125 0.120370
6 0.792708 0.615278 0.040625 0.199074
7 0.783594 0.680093 0.056771 0.313889
7 0.751302 0.693981 0.044271 0.332407
7 0.725000 0.633333 0.039583 0.196296
7 0.830990 0.668519 0.053646 0.335185
7 0.505729 0.527315 0.015625 0.075000
4 0.619271 0.512037 0.058333 0.027778
6 0.615104 0.521759 0.008333 0.008333
0 0.451562 0.558333 0.123958 0.144444
7 0.459896 0.611111 0.057292 0.211111
7 0.330469 0.553241 0.024479 0.036111
7 0.318229 0.633796 0.042708 0.175000
7 0.263021 0.737500 0.092708 0.434259
7 0.340885 0.776852 0.079687 0.442593
7 0.398438 0.766204 0.135417 0.463889
7 0.491146 0.829630 0.201042 0.331481
7 0.892448 0.528241 0.018229 0.065741
7 0.938021 0.614352 0.036458 0.300926
7 0.907813 0.656019 0.083333 0.593519
7 0.966667 0.629167 0.055208 0.339815
7 0.989062 0.633333 0.016667 0.233333
7 0.872917 0.745833 0.145833 0.500926
7 0.988802 0.931481 0.020313 0.135185
7 0.018229 0.755093 0.035417 0.480556
0 0.625000 0.755093 0.309375 0.486111
7 0.013542 0.773148 0.027083 0.120370
7 0.996094 0.680093 0.005729 0.243519
4 0.825781 0.458333 0.138021 0.131481