0 0.179688 0.740278 0.358333 0.519444
2 0.318490 0.616204 0.125521 0.241667
2 0.378906 0.591667 0.033854 0.164815
4 0.352865 0.503704 0.074479 0.077778
3 0.400521 0.550000 0.023958 0.077778
3 0.439323 0.548148 0.058854 0.083333
6 0.437500 0.501389 0.013542 0.065741
6 0.425000 0.512037 0.012500 0.033333
6 0.421094 0.523148 0.018229 0.031481
6 0.437500 0.502778 0.016667 0.064815
1 0.486198 0.526852 0.083854 0.100000
3 0.543229 0.539352 0.018750 0.019444
1 0.708594 0.547222 0.158854 0.107407
0 0.591406 0.551852 0.044271 0.027778
6 0.593229 0.544444 0.012500 0.029630
6 0.588281 0.554630 0.013021 0.027778
6 0.825260 0.545833 0.013021 0.021296
5 0.991927 0.578704 0.016146 0.050000
7 0.976823 0.612963 0.027604 0.118519
7 0.951042 0.605556 0.022917 0.101852
5 0.995313 0.675926 0.009375 0.085185
6 0.497135 0.542130 0.017188 0.025000
0 0.525260 0.556481 0.044271 0.031481
0 0.629687 0.649074 0.104167 0.190741
0 0.490365 0.683796 0.135937 0.267593
0 0.819792 0.739815 0.360417 0.383333
5 0.792969 0.855556 0.230729 0.288889
6 0.766406 0.765278 0.155729 0.462037
5 0.567187 0.833796 0.135417 0.330556
6 0.559115 0.711111 0.111979 0.362963
5 0.415885 0.864815 0.126562 0.270370
6 0.428906 0.776852 0.133854 0.444444
6 0.416667 0.770370 0.135417 0.416667