1 0.470833 0.495370 0.040625 0.027778
1 0.527083 0.507407 0.047917 0.077778
1 0.600781 0.506019 0.064062 0.073148
1 0.732292 0.501852 0.151042 0.122222
2 0.854948 0.554630 0.065104 0.074074
5 0.949219 0.595370 0.036979 0.068519
5 0.968229 0.603704 0.018750 0.059259
2 0.985417 0.590278 0.029167 0.182407
7 0.708073 0.519907 0.018229 0.034259
6 0.632031 0.525000 0.009896 0.020370
5 0.641667 0.554167 0.018750 0.037963
6 0.641146 0.529167 0.015625 0.032407
0 0.533594 0.538426 0.019271 0.036111
0 0.561198 0.516667 0.015104 0.018519
0 0.555990 0.532870 0.028646 0.028704
0 0.573698 0.545833 0.048438 0.043519
0 0.612500 0.588889 0.071875 0.118519
4 0.499479 0.515278 0.039583 0.037963
6 0.496615 0.484259 0.011979 0.048148
6 0.497135 0.487963 0.020313 0.048148
0 0.518750 0.577315 0.027083 0.110185
2 0.418229 0.528704 0.023958 0.040741
0 0.360938 0.533333 0.041667 0.027778
6 0.381250 0.531481 0.020833 0.027778
0 0.468490 0.605556 0.110937 0.196296
5 0.543750 0.610648 0.031250 0.100926
6 0.542708 0.580556 0.034375 0.118519
5 0.567187 0.641204 0.046875 0.150926
6 0.567969 0.598148 0.056771 0.155556
0 0.740104 0.671296 0.242708 0.272222
7 0.181771 0.536111 0.026042 0.114815
5 0.263802 0.562963 0.044271 0.075926
5 0.254688 0.568519 0.050000 0.103704
5 0.221094 0.709722 0.095312 0.212037
6 0.236198 0.650000 0.050521 0.220370
6 0.227344 0.649537 0.041146 0.225000
6 0.190365 0.661111 0.067187 0.218519
0 0.357031 0.724074 0.246354 0.357407
10 0.315104 0.459722 0.022917 0.073148