2 0.030208 0.682407 0.059375 0.248148
7 0.080729 0.768519 0.056250 0.325926
8 0.163542 0.703704 0.042708 0.133333
5 0.290365 0.658333 0.058854 0.135185
7 0.220312 0.794907 0.134375 0.408333
7 0.342187 0.665741 0.037500 0.227778
3 0.457552 0.525463 0.261979 0.580556
7 0.590104 0.560648 0.009375 0.023148
7 0.585677 0.572685 0.014063 0.056481
7 0.556771 0.541667 0.051042 0.146296
7 0.535937 0.623611 0.044792 0.132407
7 0.589583 0.606944 0.043750 0.100926
7 0.565104 0.787500 0.084375 0.391667
7 0.514583 0.812037 0.039583 0.283333
7 0.616927 0.568056 0.018229 0.052778
7 0.629687 0.558333 0.012500 0.029630
7 0.635417 0.602778 0.028125 0.085185
7 0.644010 0.556944 0.014063 0.034259
7 0.664583 0.661111 0.058333 0.166667
7 0.629167 0.782407 0.069792 0.401852
7 0.660937 0.582407 0.039583 0.124074
7 0.706510 0.811111 0.046354 0.229630
7 0.676823 0.837500 0.049479 0.269444
0 0.684375 0.563889 0.048958 0.042593
7 0.689063 0.568981 0.023958 0.060185
7 0.688542 0.534259 0.010417 0.022222
7 0.689583 0.610185 0.035417 0.129630
7 0.731510 0.543981 0.016146 0.025000
7 0.769531 0.542130 0.009896 0.013889
7 0.784375 0.538889 0.012500 0.022222
7 0.827865 0.556019 0.027604 0.076852
7 0.709115 0.641667 0.043229 0.237037
0 0.803125 0.684259 0.159375 0.274074
7 0.752865 0.714352 0.071354 0.449074
0 0.851302 0.535185 0.056771 0.075926
4 0.910417 0.618056 0.164583 0.308333
7 0.817708 0.729167 0.084375 0.412037
4 0.979427 0.665741 0.040104 0.379630
7 0.670833 0.543519 0.005208 0.011111