7 0.012760 0.553704 0.025521 0.081481
5 0.091146 0.582407 0.030208 0.100000
5 0.119010 0.578241 0.029687 0.086111
7 0.157812 0.617130 0.066667 0.200926
5 0.191927 0.559722 0.060937 0.076852
5 0.255469 0.543519 0.041146 0.057407
5 0.259375 0.513889 0.019792 0.040741
5 0.276302 0.522222 0.029687 0.035185
5 0.297656 0.545833 0.018229 0.045370
6 0.296354 0.536574 0.023958 0.060185
5 0.315625 0.519444 0.027083 0.038889
5 0.373437 0.525926 0.021875 0.033333
2 0.402865 0.517130 0.013021 0.034259
0 0.427865 0.515278 0.022396 0.043519
0 0.453385 0.515741 0.032813 0.025926
5 0.443229 0.538889 0.011458 0.040741
6 0.443490 0.530556 0.013021 0.044444
7 0.449479 0.522685 0.007292 0.036111
0 0.453385 0.516667 0.030729 0.024074
0 0.468490 0.506019 0.010937 0.013889
7 0.484896 0.511574 0.007292 0.023148
5 0.479427 0.531481 0.009896 0.027778
6 0.479427 0.524074 0.007812 0.033333
6 0.476823 0.523611 0.009896 0.032407
6 0.488281 0.511574 0.005729 0.019444
5 0.487500 0.515741 0.006250 0.016667
3 0.496354 0.493981 0.010417 0.019444
0 0.500260 0.503241 0.011979 0.015741
3 0.489323 0.506019 0.010937 0.017593
6 0.492708 0.524537 0.011458 0.034259
5 0.490885 0.531019 0.008854 0.028704
0 0.499479 0.502778 0.014583 0.011111
6 0.486979 0.511111 0.007292 0.016667
5 0.488802 0.513426 0.008854 0.017593
4 0.516406 0.500000 0.016146 0.018519
2 0.526042 0.576852 0.071875 0.151852
0 0.561719 0.509259 0.008854 0.014815
0 0.570052 0.518981 0.018229 0.028704
0 0.586979 0.510185 0.017708 0.022222
0 0.604688 0.511574 0.017708 0.021296
4 0.629167 0.507407 0.025000 0.031481
7 0.620052 0.519444 0.004687 0.025926
5 0.641146 0.517130 0.013542 0.019444
3 0.648438 0.523611 0.008333 0.023148
6 0.611979 0.530556 0.012500 0.025926
5 0.613021 0.541204 0.015625 0.030556
0 0.627604 0.560648 0.043750 0.062037
1 0.717187 0.536111 0.135417 0.159259
7 0.791667 0.532870 0.009375 0.043519
7 0.804167 0.561111 0.012500 0.066667
0 0.884375 0.553704 0.042708 0.035185
5 0.870052 0.606481 0.031771 0.075926
6 0.870573 0.584722 0.018229 0.075000
5 0.959896 0.541204 0.029167 0.050926
5 0.948698 0.553704 0.031771 0.044444
7 0.989323 0.496759 0.011979 0.054630
7 0.901563 0.512500 0.010417 0.021296
0 0.396094 0.593981 0.094271 0.130556