3 0.461198 0.519444 0.044271 0.112963
2 0.507031 0.522685 0.024479 0.019444
0 0.525260 0.522685 0.018229 0.015741
7 0.525521 0.525000 0.006250 0.014815
7 0.437240 0.509259 0.005729 0.027778
7 0.435417 0.529167 0.006250 0.019444
7 0.525781 0.525463 0.004687 0.015741
7 0.529427 0.523148 0.004687 0.016667
7 0.538802 0.522222 0.005729 0.020370
6 0.534896 0.527778 0.008333 0.020370
5 0.536458 0.552315 0.015625 0.039815
4 0.581250 0.540741 0.035417 0.083333
3 0.560937 0.518519 0.011458 0.029630
5 0.544531 0.552315 0.010937 0.028704
6 0.542188 0.525926 0.006250 0.014815
7 0.551562 0.522685 0.008333 0.019444
6 0.542969 0.532407 0.008854 0.022222
7 0.556771 0.528241 0.007292 0.019444
7 0.554167 0.581019 0.025000 0.104630
7 0.563802 0.573611 0.020313 0.110185
7 0.569792 0.536111 0.008333 0.029630
7 0.573438 0.540741 0.008333 0.022222
7 0.580729 0.573611 0.017708 0.078704
0 0.657552 0.591667 0.082812 0.120370
5 0.609896 0.664352 0.048958 0.141667
6 0.608594 0.617130 0.049479 0.158333
7 0.792708 0.540278 0.016667 0.045370
7 0.456771 0.554630 0.013542 0.070370
7 0.475521 0.559259 0.014583 0.064815
2 0.507552 0.598148 0.064062 0.133333
7 0.416406 0.538426 0.009896 0.030556
7 0.407031 0.534722 0.009896 0.026852
7 0.446875 0.591667 0.021875 0.103704
7 0.429167 0.607407 0.020833 0.131481
7 0.443750 0.610648 0.026042 0.137963
7 0.408073 0.546296 0.020313 0.035185
7 0.368490 0.598148 0.018229 0.094444
7 0.385937 0.604167 0.026042 0.156481
7 0.411719 0.610648 0.027604 0.143519
7 0.339062 0.571759 0.015625 0.054630
6 0.319792 0.592593 0.027083 0.057407
5 0.313021 0.629630 0.019792 0.075926
7 0.296875 0.626389 0.026042 0.156481
7 0.388021 0.762963 0.034375 0.183333
7 0.348698 0.693981 0.068229 0.287963
7 0.200521 0.593056 0.025000 0.108333
7 0.271354 0.686111 0.035417 0.255556
7 0.181771 0.603241 0.025000 0.117593
3 0.189323 0.634722 0.091146 0.245370
7 0.250781 0.703704 0.073438 0.379630
5 0.041927 0.663426 0.082812 0.197222
7 0.169531 0.788889 0.099479 0.418519
7 0.233333 0.887500 0.098958 0.221296
4 0.905990 0.648611 0.183854 0.556481
5 0.817969 0.856019 0.188021 0.286111
6 0.753385 0.687500 0.055729 0.239815
6 0.815365 0.775926 0.146354 0.440741
6 0.820573 0.689815 0.036979 0.072222