7 0.280469 0.617593 0.043229 0.133333
7 0.260156 0.628704 0.053646 0.138889
7 0.227865 0.634722 0.038021 0.145370
7 0.218229 0.673148 0.011458 0.075926
7 0.191667 0.663426 0.054167 0.269444
7 0.171354 0.695833 0.086458 0.371296
7 0.140104 0.689815 0.085417 0.353704
7 0.116406 0.688426 0.055729 0.284259
7 0.057031 0.675926 0.067187 0.357407
5 0.061719 0.731481 0.090104 0.203704
7 0.362760 0.657407 0.064062 0.233333
7 0.326042 0.668519 0.055208 0.255556
7 0.361458 0.649537 0.066667 0.306481
7 0.452865 0.649537 0.042188 0.225000
7 0.485938 0.644907 0.050000 0.234259
7 0.416146 0.516667 0.013542 0.033333
7 0.432031 0.521296 0.011979 0.024074
7 0.425000 0.528704 0.007292 0.011111
7 0.394010 0.519444 0.009896 0.029630
6 0.427604 0.508796 0.006250 0.015741
6 0.439844 0.519907 0.011979 0.030556
7 0.450260 0.543519 0.021354 0.079630
7 0.471354 0.556481 0.015625 0.038889
0 0.410417 0.519907 0.031250 0.026852
0 0.357812 0.518981 0.041667 0.034259
0 0.366146 0.521759 0.051042 0.025000
4 0.391146 0.493519 0.032292 0.040741
0 0.461198 0.518056 0.019271 0.032407
0 0.489063 0.522222 0.057292 0.048148
7 0.502865 0.531944 0.015104 0.058333
5 0.474479 0.539815 0.010417 0.031481
6 0.477604 0.531481 0.019792 0.055556
6 0.473177 0.530093 0.014063 0.050926
5 0.621094 0.615741 0.041146 0.133333
6 0.627344 0.540278 0.021354 0.052778
6 0.625781 0.582407 0.042188 0.131481
5 0.657031 0.512037 0.011979 0.037037
2 0.686198 0.504630 0.027604 0.053704
1 0.761979 0.481481 0.098958 0.090741
4 0.829427 0.486574 0.079687 0.075000
0 0.883854 0.485185 0.030208 0.044444
7 0.842969 0.508333 0.011979 0.035185
7 0.833333 0.506944 0.014583 0.039815
7 0.809375 0.502778 0.013542 0.040741
7 0.980208 0.675463 0.039583 0.302778
7 0.938281 0.689352 0.061979 0.315741
7 0.877865 0.706944 0.084896 0.330556
7 0.816667 0.637037 0.050000 0.242593
7 0.669792 0.589815 0.035417 0.168519