5 0.406250 0.572685 0.017708 0.037963
5 0.591406 0.527315 0.011979 0.013889
5 0.581250 0.529630 0.012500 0.012963
6 0.444010 0.569444 0.015104 0.055556
5 0.385937 0.630093 0.040625 0.108333
6 0.386458 0.600926 0.036458 0.114815
5 0.470573 0.762963 0.089063 0.300000
6 0.466146 0.680556 0.092708 0.268519
6 0.463542 0.688889 0.092708 0.303704
5 0.285417 0.724537 0.076042 0.191667
6 0.290104 0.664352 0.058333 0.195370
0 0.072396 0.893981 0.143750 0.208333
0 0.930208 0.542130 0.064583 0.069444
5 0.974479 0.566204 0.040625 0.069444
6 0.972917 0.543056 0.030208 0.093519
6 0.802083 0.516667 0.009375 0.027778
5 0.802865 0.530556 0.010937 0.029630
0 0.861458 0.541667 0.080208 0.105556
0 0.757292 0.512963 0.009375 0.029630
0 0.738542 0.527315 0.017708 0.036111
4 0.780729 0.529167 0.039583 0.063889
2 0.834115 0.555556 0.058854 0.109259
5 0.890104 0.598148 0.044792 0.109259
6 0.885156 0.568981 0.030729 0.110185