3 0.496875 0.501389 0.005208 0.012037
1 0.493229 0.505556 0.008333 0.014815
3 0.521615 0.507870 0.006771 0.008333
3 0.549479 0.506944 0.010417 0.019444
0 0.556510 0.521296 0.007812 0.012963
3 0.561198 0.522685 0.007812 0.012037
6 0.562500 0.521759 0.006250 0.008333
6 0.557813 0.523611 0.005208 0.013889
6 0.573698 0.528704 0.006771 0.022222
0 0.588542 0.532407 0.014583 0.022222
0 0.603906 0.529630 0.007812 0.014815
1 0.629167 0.518981 0.039583 0.036111
2 0.791667 0.561574 0.022917 0.054630
2 0.779687 0.561111 0.014583 0.055556
2 0.752083 0.555556 0.045833 0.066667
7 0.273438 0.538426 0.008333 0.062037
3 0.495833 0.512037 0.004167 0.012963
5 0.494531 0.514815 0.003646 0.007407
6 0.494271 0.510185 0.004167 0.009259
5 0.491927 0.518981 0.003646 0.006481
6 0.492448 0.515741 0.003646 0.009259
5 0.492708 0.523148 0.003125 0.007407
6 0.492969 0.517593 0.005729 0.011111
3 0.503906 0.506481 0.005729 0.009259
3 0.510417 0.510185 0.005208 0.009259
6 0.509896 0.513889 0.004167 0.012963
0 0.513021 0.520833 0.009375 0.019444
0 0.520573 0.525463 0.010937 0.021296
2 0.503646 0.521759 0.012500 0.021296
5 0.550260 0.542130 0.013021 0.028704
6 0.551302 0.533796 0.013021 0.036111
5 0.528385 0.541667 0.011979 0.029630
6 0.528646 0.533333 0.013542 0.033333
6 0.527604 0.532407 0.010417 0.025926
5 0.515365 0.545370 0.013021 0.033333
6 0.515885 0.537037 0.013021 0.038889
5 0.490104 0.546759 0.010417 0.036111
6 0.490365 0.534722 0.009896 0.030556
6 0.490365 0.541204 0.009896 0.037963
2 0.420052 0.530556 0.010937 0.044444
2 0.401302 0.526389 0.028646 0.047222
4 0.063802 0.523611 0.083854 0.117593
2 0.459896 0.566667 0.064583 0.135185
5 0.715885 0.675463 0.069271 0.169444
6 0.712760 0.615278 0.063021 0.180556
7 0.732292 0.549537 0.010417 0.034259
5 0.572135 0.533796 0.005729 0.019444
5 0.510156 0.517593 0.002604 0.005556