1 0.025521 0.522222 0.051042 0.329630
2 0.388021 0.606019 0.140625 0.213889
0 0.493750 0.539815 0.018750 0.031481
7 0.500521 0.551852 0.007292 0.040741
6 0.557031 0.519444 0.006771 0.024074
0 0.565104 0.545370 0.020833 0.040741
0 0.571354 0.554630 0.027083 0.042593
6 0.568750 0.562037 0.019792 0.057407
5 0.569792 0.584259 0.018750 0.053704
2 0.517448 0.535185 0.011979 0.018519
5 0.515625 0.635648 0.027083 0.082407
6 0.522917 0.557870 0.015625 0.047222
6 0.511198 0.594444 0.034896 0.125926
5 0.547135 0.666667 0.051562 0.153704
6 0.553385 0.622685 0.038021 0.176852
6 0.540365 0.622222 0.057813 0.181481
2 0.626823 0.539352 0.017188 0.032407
0 0.644010 0.547685 0.030729 0.039815
6 0.663281 0.545833 0.008854 0.023148
5 0.664062 0.551852 0.007292 0.027778
6 0.668490 0.550000 0.010937 0.037037
5 0.669010 0.556944 0.010937 0.030556
2 0.683333 0.542593 0.016667 0.035185
0 0.684635 0.551852 0.016146 0.040741
0 0.734635 0.542593 0.018229 0.029630
2 0.720573 0.547685 0.021354 0.045370
0 0.704948 0.561111 0.043229 0.053704
5 0.780990 0.537037 0.011979 0.020370
5 0.750260 0.538426 0.007812 0.017593
5 0.767188 0.537963 0.012500 0.018519
7 0.811979 0.562037 0.012500 0.050000
6 0.824479 0.568056 0.018750 0.062037
5 0.824740 0.585185 0.027604 0.051852
6 0.942448 0.557870 0.028646 0.054630
7 0.736458 0.544444 0.006250 0.029630
2 0.944531 0.702315 0.110937 0.273148
0 0.604688 0.535185 0.016667 0.024074
7 0.614323 0.544444 0.007812 0.033333
5 0.608333 0.718981 0.071875 0.241667
6 0.603906 0.663889 0.070312 0.250000
5 0.865365 0.842593 0.196354 0.311111
6 0.844271 0.754167 0.150000 0.425000
5 0.451562 0.729167 0.072917 0.199074
6 0.453125 0.652778 0.069792 0.229630
1 0.580990 0.523611 0.013021 0.021296