1 0.446615 0.555093 0.021354 0.032407
3 0.524740 0.557407 0.011979 0.022222
0 0.555990 0.566667 0.022396 0.029630
0 0.598958 0.573148 0.028125 0.037037
5 0.789062 0.622222 0.029167 0.057407
6 0.780469 0.595370 0.014063 0.062963
6 0.788281 0.599074 0.019271 0.070370
5 0.431250 0.570833 0.006250 0.017593
6 0.431510 0.564352 0.005729 0.019444
5 0.434635 0.581019 0.008854 0.025000
6 0.434375 0.565741 0.012500 0.044444
0 0.457813 0.565741 0.019792 0.038889
1 0.490365 0.548611 0.036979 0.056481
5 0.442969 0.582407 0.014063 0.035185
6 0.441667 0.569444 0.016667 0.048148
5 0.396875 0.622685 0.032292 0.102778
6 0.396615 0.596296 0.032813 0.101852
5 0.344271 0.600926 0.013542 0.029630
5 0.330208 0.618056 0.032292 0.095370
6 0.327083 0.593519 0.034375 0.098148
5 0.166146 0.777778 0.126042 0.296296
6 0.191667 0.695370 0.060417 0.262963
6 0.161719 0.700463 0.104688 0.302778
0 0.971094 0.685648 0.054688 0.193519