4 0.398698 0.550000 0.017188 0.035185
6 0.395833 0.539352 0.005208 0.017593
0 0.412500 0.549074 0.009375 0.020370
4 0.441927 0.554630 0.021354 0.046296
5 0.418229 0.568519 0.018750 0.035185
6 0.419271 0.562037 0.013542 0.046296
7 0.409896 0.563426 0.010417 0.052778
3 0.475000 0.542130 0.015625 0.010185
0 0.550781 0.557407 0.031771 0.035185
0 0.469792 0.579630 0.048958 0.077778
3 0.592448 0.544444 0.036979 0.051852
5 0.639323 0.565741 0.008854 0.024074
6 0.632552 0.545833 0.007812 0.023148
0 0.619531 0.561574 0.038021 0.054630
4 0.815104 0.542593 0.031250 0.070370
2 0.904687 0.566667 0.078125 0.079630
4 0.994531 0.581481 0.009896 0.075926
5 0.530208 0.569444 0.013542 0.033333
6 0.529687 0.554167 0.014583 0.036111
7 0.833333 0.553704 0.012500 0.053704
7 0.844531 0.560648 0.009896 0.030556
4 0.721354 0.521296 0.161458 0.231481
5 0.812240 0.726389 0.107813 0.256481
6 0.803385 0.648611 0.084896 0.263889
0 0.848437 0.563426 0.022917 0.043519
3 0.978385 0.590278 0.016146 0.036111
5 0.488542 0.556019 0.004167 0.013889
6 0.486719 0.546759 0.003646 0.013889