2 0.479948 0.531019 0.017188 0.045370
7 0.500000 0.531019 0.008333 0.037963
7 0.501823 0.533796 0.007812 0.054630
7 0.505469 0.539815 0.009896 0.057407
7 0.512240 0.514815 0.004687 0.012963
7 0.510156 0.528704 0.010937 0.038889
7 0.514323 0.543981 0.014063 0.069444
7 0.529687 0.542593 0.011458 0.064815
7 0.526302 0.518056 0.004687 0.012037
7 0.522396 0.548611 0.014583 0.067593
7 0.539323 0.543056 0.011979 0.056481
7 0.554948 0.557870 0.020313 0.084259
5 0.571094 0.575926 0.024479 0.066667
6 0.573438 0.557407 0.019792 0.077778
5 0.607552 0.591667 0.041146 0.074074
6 0.612500 0.571759 0.031250 0.110185
5 0.696354 0.578241 0.046875 0.056481
7 0.693229 0.549074 0.015625 0.081481
7 0.748698 0.549074 0.027604 0.122222
5 0.758333 0.592593 0.030208 0.074074
5 0.782813 0.672685 0.112500 0.143519
5 0.852344 0.725000 0.109896 0.150000
7 0.773438 0.704630 0.037500 0.344444
7 0.644010 0.579630 0.017188 0.068519
7 0.683594 0.651389 0.031771 0.212037
7 0.654687 0.650000 0.035417 0.218519
7 0.620833 0.674537 0.062500 0.254630
7 0.582031 0.686574 0.045312 0.208333
7 0.723437 0.662037 0.052083 0.266667
7 0.794271 0.725926 0.073958 0.390741
5 0.856510 0.754630 0.082812 0.174074
7 0.959375 0.777315 0.079167 0.439815
7 0.928125 0.796296 0.114583 0.405556
7 0.015625 0.647222 0.030208 0.274074
7 0.032552 0.635648 0.059896 0.323148
7 0.089844 0.556944 0.044271 0.147222
5 0.142448 0.653704 0.057813 0.161111
7 0.183073 0.589815 0.048438 0.200000
7 0.242188 0.698148 0.059375 0.314815
7 0.189844 0.721759 0.101562 0.313889
5 0.184375 0.891204 0.182292 0.215741
6 0.132031 0.771296 0.255729 0.457407
7 0.335677 0.537963 0.016146 0.070370
5 0.394531 0.549537 0.021354 0.062037
7 0.385937 0.518981 0.013542 0.037963
5 0.405729 0.528241 0.011458 0.034259
7 0.418490 0.513889 0.006771 0.018519
7 0.426563 0.511111 0.005208 0.009259
7 0.429948 0.522222 0.013021 0.037037
7 0.423177 0.517593 0.011979 0.029630
7 0.439063 0.523611 0.010417 0.037963
7 0.447656 0.525463 0.017188 0.049074
7 0.460938 0.514815 0.007292 0.016667
7 0.458594 0.524537 0.009896 0.026852
7 0.467187 0.519907 0.006250 0.008333
7 0.472917 0.516667 0.006250 0.011111
7 0.471354 0.524537 0.009375 0.025000
7 0.465625 0.534259 0.008333 0.027778
7 0.469531 0.536574 0.011979 0.030556
7 0.410156 0.515741 0.006771 0.018519
7 0.414844 0.514352 0.005729 0.015741
7 0.422917 0.532870 0.011458 0.034259
7 0.435937 0.537037 0.010417 0.018519
7 0.445573 0.536574 0.010937 0.019444
7 0.453385 0.567593 0.022396 0.094444
7 0.414323 0.558796 0.016146 0.086111
0 0.356771 0.519444 0.016667 0.046296
5 0.386198 0.539815 0.031771 0.044444
7 0.376302 0.562500 0.017188 0.119444
5 0.475521 0.618056 0.038542 0.115741
6 0.479427 0.557407 0.024479 0.081481
6 0.474479 0.583333 0.039583 0.127778
7 0.480990 0.673611 0.047396 0.189815
7 0.417448 0.767593 0.104688 0.457407
7 0.539844 0.765741 0.119271 0.468519