5 0.323177 0.565741 0.039062 0.064815
5 0.351823 0.562037 0.010937 0.037037
7 0.362240 0.572685 0.017188 0.078704
7 0.379948 0.555556 0.011979 0.042593
2 0.394792 0.554167 0.027083 0.052778
6 0.413802 0.556481 0.011979 0.040741
6 0.402865 0.562500 0.013021 0.050926
6 0.394010 0.558333 0.015104 0.044444
5 0.395573 0.632407 0.032813 0.096296
6 0.395313 0.603241 0.030208 0.108333
6 0.418750 0.558796 0.014583 0.041667
6 0.435156 0.548611 0.006771 0.017593
6 0.445833 0.543519 0.007292 0.011111
6 0.427604 0.558333 0.018750 0.031481
1 0.486979 0.525463 0.032292 0.026852
6 0.490885 0.524074 0.009896 0.018519
6 0.499479 0.511574 0.009375 0.037963
6 0.490104 0.524537 0.006250 0.012037
6 0.502604 0.514815 0.012500 0.037037
1 0.532292 0.536111 0.042708 0.072222
0 0.540365 0.561574 0.016146 0.030556
0 0.559896 0.580556 0.038542 0.070370
0 0.531510 0.591204 0.027604 0.091667
6 0.537240 0.553241 0.008854 0.036111
7 0.565365 0.545370 0.004687 0.011111
2 0.629948 0.565741 0.029687 0.044444
7 0.623177 0.561574 0.013021 0.052778
1 0.718750 0.557870 0.131250 0.154630
5 0.877604 0.596759 0.016667 0.045370
6 0.880990 0.585185 0.013021 0.057407
7 0.861198 0.576852 0.006771 0.014815
0 0.833594 0.637500 0.121354 0.130556
2 0.948698 0.601852 0.089063 0.077778
0 0.594531 0.603704 0.076563 0.112963
0 0.677865 0.657407 0.138021 0.183333
0 0.872656 0.804167 0.254688 0.391667
0 0.486458 0.562500 0.082292 0.069444
6 0.439844 0.549537 0.013021 0.025000
0 0.467708 0.692130 0.169792 0.275000
7 0.271875 0.537963 0.013542 0.085185
9 0.647917 0.176852 0.007292 0.011111
9 0.571875 0.177778 0.009375 0.011111