5 0.324740 0.655556 0.039062 0.112963
7 0.339323 0.630093 0.022396 0.115741
7 0.358073 0.637500 0.033854 0.147222
3 0.494010 0.538426 0.289062 0.712037
7 0.291927 0.713889 0.074479 0.316667
2 0.024479 0.710648 0.048958 0.221296
7 0.018750 0.912963 0.036458 0.170370
7 0.182031 0.807870 0.190104 0.382407
7 0.313802 0.870370 0.078646 0.257407
7 0.385677 0.855556 0.084896 0.285185
7 0.427865 0.700926 0.106771 0.594444
7 0.668490 0.559259 0.020313 0.068519
7 0.657031 0.555556 0.050521 0.174074
7 0.638021 0.636111 0.052083 0.177778
7 0.570833 0.777778 0.096875 0.440741
7 0.704948 0.578704 0.026562 0.085185
7 0.694792 0.618519 0.044792 0.133333
7 0.640625 0.800463 0.075000 0.395370
0 0.743490 0.561574 0.071354 0.060185
7 0.818490 0.589815 0.017188 0.109259
7 0.826302 0.589352 0.020313 0.132407
5 0.795312 0.696296 0.060417 0.155556
6 0.789844 0.547222 0.030729 0.062963
6 0.798698 0.651852 0.056771 0.242593
7 0.728385 0.583333 0.024479 0.048148
7 0.723958 0.627315 0.037500 0.087963
7 0.724479 0.769444 0.176042 0.459259
7 0.844792 0.554167 0.014583 0.056481
7 0.849740 0.565741 0.022396 0.074074
0 0.923177 0.537500 0.083854 0.106481
7 0.882031 0.538889 0.013021 0.050000
7 0.893490 0.560648 0.018229 0.060185
7 0.915885 0.559722 0.023438 0.082407
5 0.872396 0.702315 0.077083 0.223148
6 0.866927 0.640741 0.067187 0.251852
6 0.871354 0.680093 0.080208 0.312037
4 0.954948 0.543056 0.088021 0.163889
7 0.955208 0.547222 0.056250 0.107407
7 0.850000 0.940741 0.070833 0.116667
0 0.929688 0.785648 0.139583 0.428704