3 0.508594 0.535185 0.005729 0.009259
7 0.498698 0.538889 0.004687 0.011111
4 0.515885 0.535185 0.010937 0.035185
4 0.533073 0.535185 0.031771 0.059259
0 0.567969 0.546759 0.007812 0.017593
5 0.489323 0.540278 0.006771 0.010185
3 0.504167 0.539815 0.007292 0.014815
5 0.492448 0.550926 0.005729 0.011111
6 0.492708 0.543981 0.005208 0.017593
5 0.505990 0.553241 0.007812 0.017593
6 0.506250 0.547222 0.007292 0.024074
4 0.626823 0.521759 0.018229 0.019444
13 0.658333 0.359259 0.010417 0.016667
13 0.657031 0.415278 0.010937 0.084259
4 0.670052 0.500463 0.076563 0.076852
4 0.773177 0.546296 0.021354 0.051852
0 0.702344 0.553241 0.077604 0.080556
5 0.805469 0.578704 0.020313 0.044444
6 0.804948 0.569907 0.014063 0.054630
6 0.798438 0.572685 0.009375 0.041667
5 0.866406 0.593056 0.026562 0.056481
6 0.866146 0.572222 0.018750 0.066667
6 0.737760 0.577778 0.027604 0.090741
6 0.759115 0.603704 0.057813 0.181481
6 0.729688 0.631019 0.064583 0.206481
5 0.763021 0.778241 0.064583 0.189815
4 0.335417 0.506481 0.260417 0.192593
5 0.070573 0.503704 0.032813 0.048148
5 0.141406 0.532870 0.025521 0.030556
5 0.119271 0.551389 0.047917 0.032407
6 0.118229 0.516204 0.025000 0.056481
0 0.201302 0.575463 0.127604 0.121296
5 0.060417 0.664815 0.026042 0.044444
6 0.081510 0.589815 0.042188 0.103704
5 0.207292 0.616667 0.036458 0.074074
6 0.208854 0.565741 0.028125 0.075926
6 0.194531 0.565278 0.024479 0.086111
5 0.278646 0.742593 0.081250 0.238889
6 0.276302 0.704630 0.076563 0.335185
6 0.245833 0.687963 0.092708 0.270370
5 0.061979 0.704630 0.047917 0.048148
6 0.093490 0.622685 0.056771 0.169444
5 0.073698 0.752315 0.052604 0.136111
5 0.891927 0.780556 0.105729 0.294444
6 0.917969 0.714352 0.125521 0.406481
5 0.653646 0.840741 0.200000 0.311111
6 0.942708 0.737500 0.111458 0.434259
6 0.660677 0.757870 0.190104 0.476852
5 0.944010 0.874074 0.108854 0.242593
5 0.471354 0.813426 0.131250 0.362037
6 0.477865 0.740741 0.124479 0.425926
6 0.954427 0.847685 0.089063 0.095370
5 0.394010 0.869444 0.181771 0.259259
6 0.389583 0.774074 0.147917 0.444444
5 0.042708 0.807870 0.081250 0.282407
6 0.026562 0.843056 0.053125 0.306481
5 0.175781 0.843519 0.176563 0.311111
6 0.224479 0.771759 0.147917 0.454630
6 0.168229 0.768056 0.176042 0.445370
7 0.041406 0.491667 0.013021 0.062963