7 0.455469 0.520833 0.006771 0.008333
7 0.474479 0.529167 0.006250 0.013889
4 0.511979 0.510648 0.071875 0.084259
7 0.480729 0.529630 0.006250 0.014815
7 0.465625 0.530093 0.006250 0.015741
4 0.390365 0.527315 0.041146 0.015741
7 0.326042 0.569907 0.017708 0.065741
7 0.263802 0.552315 0.016146 0.045370
7 0.216146 0.551389 0.015625 0.069444
7 0.254427 0.559259 0.017188 0.046296
5 0.159896 0.674074 0.034375 0.087037
6 0.172135 0.590278 0.036979 0.100926
5 0.198177 0.700926 0.055729 0.172222
6 0.195573 0.625000 0.055729 0.192593
7 0.100260 0.550926 0.016146 0.035185
7 0.084375 0.539815 0.018750 0.038889
7 0.239063 0.673148 0.053125 0.264815
2 0.373177 0.568056 0.094271 0.080556
7 0.340625 0.598611 0.032292 0.108333
7 0.401562 0.607870 0.037500 0.167593
7 0.226042 0.587500 0.027083 0.067593
7 0.473177 0.545370 0.011979 0.029630
7 0.481250 0.571759 0.028125 0.032407
7 0.500521 0.560648 0.026042 0.052778
7 0.513802 0.647222 0.046354 0.305556
7 0.486979 0.685648 0.051042 0.299074
0 0.670052 0.581019 0.109896 0.089815
7 0.742969 0.574537 0.013021 0.037963
7 0.725521 0.584259 0.022917 0.077778
7 0.661719 0.562500 0.019271 0.058333
7 0.657031 0.599537 0.030729 0.082407
7 0.756771 0.649074 0.020833 0.135185
7 0.616927 0.661574 0.053646 0.341667
7 0.539844 0.670370 0.063021 0.305556
7 0.577604 0.692130 0.106250 0.408333
7 0.300521 0.756481 0.107292 0.485185
7 0.307812 0.546296 0.036458 0.100000
7 0.447917 0.643519 0.118750 0.531481
7 0.455208 0.760648 0.113542 0.475000
7 0.387760 0.772222 0.144271 0.453704
7 0.035156 0.598611 0.016146 0.045370
7 0.017969 0.691204 0.033854 0.291667
5 0.022396 0.922685 0.043750 0.152778
6 0.039323 0.706019 0.073438 0.315741
7 0.095833 0.772222 0.190625 0.453704
7 0.571354 0.770833 0.112500 0.456481
7 0.767448 0.745833 0.113021 0.504630
7 0.693490 0.744444 0.136979 0.498148
7 0.870052 0.696296 0.178646 0.451852
7 0.978906 0.812500 0.039062 0.208333
7 0.989844 0.870370 0.018229 0.092593
7 0.887500 0.771296 0.120833 0.457407
7 0.235937 0.543519 0.022917 0.046296