0 0.509635 0.496296 0.014063 0.018519
7 0.493750 0.497685 0.004167 0.012037
7 0.490625 0.497685 0.006250 0.015741
7 0.484375 0.499074 0.004167 0.011111
7 0.496875 0.500463 0.004167 0.008333
7 0.507812 0.503241 0.006250 0.017593
6 0.516146 0.501389 0.007292 0.013889
5 0.515365 0.508796 0.008854 0.010185
7 0.527865 0.494907 0.006771 0.017593
7 0.521615 0.495833 0.005729 0.013889
7 0.532813 0.498148 0.007292 0.020370
7 0.540885 0.494444 0.004687 0.012963
7 0.536458 0.507870 0.006250 0.025000
7 0.540625 0.507870 0.005208 0.026852
7 0.559635 0.510185 0.010937 0.038889
7 0.544271 0.504630 0.005208 0.016667
6 0.554427 0.525926 0.011979 0.031481
6 0.546875 0.512500 0.010417 0.028704
7 0.562760 0.525463 0.006771 0.013889
7 0.582031 0.531944 0.008854 0.036111
7 0.590104 0.552778 0.015625 0.075926
6 0.526302 0.508796 0.009896 0.017593
6 0.554427 0.533333 0.007812 0.014815
6 0.572396 0.561574 0.023958 0.097222
5 0.573698 0.586574 0.024479 0.078704
2 0.494271 0.508333 0.033333 0.012963
3 0.466927 0.485648 0.039062 0.063889
7 0.445573 0.486574 0.005729 0.023148
7 0.444531 0.506019 0.006771 0.023148
7 0.435156 0.512500 0.007812 0.015741
7 0.338802 0.542130 0.016146 0.039815
7 0.313281 0.539352 0.017188 0.067593
3 0.335677 0.562963 0.045312 0.129630
7 0.247135 0.640741 0.029687 0.220370
7 0.282031 0.625000 0.035937 0.188889
7 0.306510 0.699074 0.063021 0.290741
7 0.361198 0.596759 0.028646 0.117593
2 0.493490 0.686574 0.177604 0.347222
7 0.747396 0.508333 0.017708 0.122222
7 0.773177 0.485648 0.017188 0.084259
7 0.758073 0.511111 0.014063 0.112963
4 0.691927 0.554167 0.108854 0.258333
5 0.650000 0.691667 0.067708 0.198148
6 0.625260 0.619444 0.023438 0.207407
6 0.649479 0.624537 0.064583 0.200926
0 0.846094 0.537500 0.100521 0.071296
7 0.788542 0.525000 0.011458 0.033333
7 0.747135 0.687037 0.033854 0.314815
7 0.704948 0.731481 0.094271 0.446296
7 0.784896 0.730093 0.070833 0.426852
7 0.916406 0.473148 0.032813 0.057407
7 0.935156 0.499074 0.024479 0.137037
7 0.935417 0.747685 0.058333 0.384259
8 0.871094 0.836111 0.128646 0.322222
6 0.866927 0.706019 0.118229 0.375000
7 0.995313 0.502778 0.007292 0.040741
5 0.974479 0.626852 0.047917 0.122222
5 0.989844 0.649537 0.017188 0.123148
7 0.273698 0.854630 0.051562 0.288889
7 0.290625 0.881019 0.068750 0.236111
7 0.379167 0.723611 0.138542 0.550926
5 0.088802 0.750926 0.155729 0.255556
5 0.063802 0.804630 0.126562 0.246296
5 0.021354 0.892593 0.040625 0.212963
3 0.547656 0.493056 0.007812 0.021296