3 0.602344 0.533333 0.008854 0.012963
4 0.702604 0.512963 0.086458 0.131481
0 0.789583 0.581019 0.041667 0.084259
5 0.861458 0.587963 0.030208 0.059259
6 0.852344 0.574074 0.010937 0.051852
6 0.862240 0.572222 0.020313 0.061111
13 0.658333 0.357870 0.011458 0.019444
13 0.655990 0.413889 0.013021 0.085185
1 0.675000 0.558333 0.106250 0.112963
4 0.536458 0.522222 0.093750 0.135185
0 0.395052 0.538889 0.031771 0.029630
7 0.388802 0.534259 0.010937 0.033333
0 0.443490 0.573148 0.208854 0.125926
5 0.761979 0.778241 0.064583 0.187963
6 0.735417 0.576389 0.027083 0.089815
6 0.757812 0.602778 0.058333 0.181481
6 0.726823 0.634722 0.072396 0.221296
5 0.141667 0.534722 0.027083 0.032407
4 0.069792 0.479630 0.138542 0.175926
5 0.169010 0.545370 0.044271 0.033333
6 0.170573 0.527315 0.030729 0.062037
5 0.472917 0.815278 0.134375 0.365741
6 0.476823 0.740741 0.124479 0.422222
6 0.089844 0.581019 0.038021 0.043519
6 0.047396 0.590278 0.034375 0.087963
5 0.068490 0.738426 0.058854 0.143519
6 0.083333 0.627315 0.061458 0.182407
5 0.263542 0.746296 0.110417 0.248148
6 0.280208 0.707407 0.071875 0.329630
6 0.247135 0.686574 0.090104 0.275000
5 0.014844 0.683796 0.027604 0.039815
5 0.042448 0.820370 0.083854 0.264815
6 0.024740 0.841667 0.048438 0.314815
5 0.175781 0.844444 0.178646 0.309259
6 0.222656 0.769444 0.149479 0.453704
6 0.168490 0.767130 0.174479 0.447222
5 0.891406 0.779630 0.107813 0.296296
6 0.917708 0.715741 0.115625 0.409259
6 0.942187 0.736111 0.113542 0.435185
5 0.652344 0.840278 0.202604 0.312037
6 0.659635 0.758796 0.189062 0.478704
5 0.389583 0.876389 0.168750 0.245370
6 0.389062 0.776389 0.142708 0.445370
6 0.019010 0.612963 0.036979 0.116667