2 0.519792 0.533333 0.014583 0.020370
0 0.521615 0.553704 0.025521 0.046296
6 0.519792 0.529630 0.003125 0.005556
3 0.511719 0.537963 0.007812 0.024074
5 0.515104 0.568519 0.013542 0.040741
6 0.515104 0.556481 0.014583 0.046296
7 0.503385 0.537037 0.004687 0.018519
7 0.498698 0.554167 0.009896 0.056481
7 0.491146 0.554167 0.009375 0.054630
7 0.533594 0.559259 0.010937 0.064815
7 0.540625 0.535648 0.007292 0.015741
7 0.545052 0.540278 0.007812 0.019444
7 0.537500 0.566204 0.009375 0.054630
7 0.538542 0.572222 0.016667 0.066667
7 0.549740 0.568056 0.013021 0.065741
7 0.559635 0.564815 0.016146 0.085185
7 0.573438 0.573148 0.016667 0.088889
5 0.603385 0.580093 0.023438 0.058333
5 0.637760 0.599537 0.024479 0.071296
5 0.325781 0.638889 0.058854 0.087037
5 0.411979 0.627778 0.054167 0.114815
7 0.442708 0.562037 0.012500 0.072222
5 0.459635 0.581481 0.019271 0.074074
5 0.468750 0.553704 0.014583 0.042593
7 0.758594 0.149074 0.030729 0.068519
7 0.838021 0.065741 0.027083 0.050000
7 0.186979 0.617593 0.032292 0.268519
5 0.457813 0.542130 0.008333 0.017593