4 0.486198 0.509722 0.006771 0.015741
5 0.492188 0.514815 0.003125 0.005556
6 0.492188 0.511574 0.003125 0.006481
1 0.500000 0.512500 0.012500 0.028704
2 0.477344 0.514352 0.004687 0.010185
3 0.472656 0.513889 0.004687 0.009259
5 0.484896 0.523148 0.003125 0.007407
6 0.485156 0.516204 0.004687 0.012037
5 0.474479 0.525926 0.004167 0.007407
6 0.483594 0.517593 0.003646 0.007407
5 0.469531 0.525926 0.004687 0.009259
6 0.470313 0.520833 0.004167 0.012037
5 0.489844 0.527315 0.004687 0.010185
6 0.489583 0.522222 0.005208 0.016667
5 0.481771 0.532870 0.005208 0.012037
6 0.482031 0.524537 0.006771 0.019444
6 0.473698 0.521296 0.005729 0.014815
6 0.439063 0.528704 0.005208 0.009259
7 0.367188 0.558796 0.014583 0.037963
0 0.445312 0.580093 0.070833 0.102778
5 0.797917 0.600926 0.031250 0.050000
6 0.788802 0.579630 0.011979 0.053704
6 0.795573 0.587037 0.017188 0.070370
0 0.505208 0.520833 0.011458 0.026852
5 0.557552 0.543519 0.008854 0.016667
6 0.558073 0.531481 0.008854 0.020370