2 0.016667 0.679167 0.032292 0.186111
8 0.118490 0.703241 0.039062 0.137963
3 0.375000 0.491667 0.219792 0.618519
7 0.259115 0.755556 0.132812 0.488889
6 0.554688 0.556481 0.015625 0.035185
7 0.450260 0.531944 0.036979 0.097222
7 0.323177 0.779630 0.104688 0.440741
7 0.406510 0.735648 0.075521 0.432407
7 0.452865 0.726389 0.052604 0.363889
5 0.561198 0.593056 0.026562 0.063889
6 0.559375 0.566204 0.021875 0.054630
7 0.509896 0.574074 0.022917 0.053704
7 0.534896 0.574537 0.015625 0.039815
7 0.542188 0.712963 0.075000 0.374074
7 0.569531 0.723611 0.030729 0.147222
7 0.488021 0.738426 0.098958 0.456481
0 0.616667 0.638426 0.126042 0.193519
5 0.620573 0.712963 0.088021 0.246296
6 0.616667 0.666667 0.072917 0.281481
2 0.640365 0.538889 0.021354 0.016667
7 0.651563 0.542130 0.008333 0.021296
7 0.657552 0.556019 0.013021 0.045370
7 0.671094 0.575926 0.017188 0.081481
7 0.684375 0.614352 0.023958 0.150926
7 0.697656 0.633796 0.020313 0.132407
7 0.710417 0.636111 0.037500 0.200000
4 0.741146 0.548611 0.115625 0.141667
4 0.883073 0.626389 0.233854 0.473148
7 0.737500 0.637037 0.041667 0.207407
7 0.738542 0.634722 0.040625 0.241667
7 0.774479 0.731019 0.063542 0.339815
7 0.811458 0.755556 0.090625 0.398148