5 0.137240 0.631481 0.050521 0.138889
5 0.179948 0.575463 0.047396 0.117593
5 0.195052 0.561111 0.032813 0.064815
6 0.313542 0.548148 0.015625 0.025926
0 0.349479 0.544444 0.056250 0.046296
6 0.391927 0.543056 0.021354 0.043519
5 0.380990 0.556481 0.010937 0.031481
1 0.474479 0.502315 0.036458 0.036111
0 0.458854 0.629630 0.126042 0.240741
0 0.286719 0.774537 0.366146 0.447222
6 0.488281 0.509722 0.011979 0.021296
6 0.501042 0.493519 0.013542 0.059259
6 0.507031 0.502778 0.020313 0.075926
1 0.528125 0.516667 0.048958 0.079630
0 0.514062 0.577315 0.025000 0.087963
3 0.513021 0.543519 0.028125 0.055556
0 0.543490 0.546296 0.022396 0.037037
0 0.553646 0.549537 0.033333 0.049074
0 0.585938 0.568981 0.063542 0.076852
0 0.626042 0.611111 0.088542 0.148148
5 0.532292 0.624537 0.025000 0.104630
6 0.537240 0.604630 0.042188 0.144444
5 0.567448 0.645833 0.043229 0.132407
6 0.569010 0.600926 0.051562 0.151852
1 0.556510 0.519444 0.007812 0.024074
2 0.580729 0.529167 0.018750 0.015741
3 0.570833 0.524074 0.025000 0.024074
1 0.673438 0.512037 0.118750 0.135185
7 0.743750 0.539815 0.007292 0.020370
7 0.736719 0.545370 0.010937 0.018519
7 0.783333 0.528241 0.028125 0.041667
5 0.860156 0.580093 0.008854 0.017593
6 0.845313 0.559259 0.042708 0.074074
1 0.910156 0.527778 0.177604 0.281481
5 0.976042 0.660185 0.045833 0.133333
6 0.987240 0.605093 0.024479 0.175000
10 0.277865 0.443981 0.026562 0.086111
0 0.777604 0.699074 0.292708 0.307407
9 0.572656 0.321759 0.003646 0.006481
9 0.563281 0.312500 0.003646 0.004630
9 0.554948 0.327778 0.003646 0.005556
9 0.559375 0.327315 0.002083 0.004630
9 0.548177 0.337963 0.004687 0.007407
9 0.544531 0.350000 0.002604 0.005556
9 0.544010 0.355556 0.002604 0.005556
9 0.541406 0.366667 0.002604 0.005556
9 0.540625 0.371759 0.003125 0.004630
9 0.539844 0.378241 0.003646 0.004630
9 0.538802 0.382407 0.003646 0.005556
9 0.537500 0.387037 0.004167 0.005556
9 0.535937 0.393056 0.004167 0.006481
9 0.534115 0.400926 0.003646 0.007407
9 0.529948 0.407870 0.003646 0.006481
9 0.527604 0.323148 0.003125 0.005556
7 0.090365 0.536111 0.032813 0.151852