0 0.506510 0.520833 0.004687 0.008333
3 0.508854 0.514815 0.006250 0.011111
3 0.502344 0.517130 0.005729 0.012037
0 0.517969 0.519444 0.007812 0.011111
6 0.508854 0.517593 0.002083 0.007407
3 0.546094 0.521296 0.004687 0.009259
5 0.508333 0.521759 0.003125 0.008333
5 0.497135 0.528241 0.003646 0.010185
3 0.550521 0.521759 0.005208 0.013889
6 0.497396 0.522222 0.005208 0.011111
5 0.470833 0.538889 0.006250 0.014815
5 0.503385 0.532870 0.004687 0.012037
6 0.503125 0.527315 0.006250 0.017593
6 0.471615 0.529167 0.006771 0.017593
5 0.462760 0.543519 0.006771 0.018519
6 0.463021 0.535185 0.008333 0.025926
4 0.410677 0.539352 0.072396 0.163889
6 0.397656 0.532870 0.029687 0.043519
6 0.428385 0.496759 0.015104 0.034259
5 0.603906 0.540741 0.009896 0.011111
5 0.748958 0.540741 0.007292 0.011111
5 0.765365 0.539815 0.009896 0.012963
5 0.780208 0.543056 0.005208 0.012037
5 0.808073 0.540278 0.007812 0.013889
5 0.823958 0.538889 0.012500 0.016667
5 0.813281 0.540741 0.007812 0.012963
0 0.798958 0.554167 0.027083 0.030556
5 0.857292 0.566667 0.007292 0.018519
7 0.854427 0.557407 0.010937 0.038889
8 0.690104 0.562963 0.017708 0.024074
6 0.687500 0.551389 0.011458 0.047222
7 0.952083 0.546296 0.008333 0.014815
5 0.800000 0.585648 0.016667 0.049074
6 0.801823 0.572685 0.015104 0.052778
5 0.836719 0.604167 0.034896 0.065741
6 0.839583 0.579167 0.022917 0.073148
5 0.571875 0.532870 0.003125 0.010185
6 0.571615 0.527778 0.003646 0.012963
7 0.939063 0.551852 0.004167 0.022222