6 0.566146 0.546296 0.008333 0.029630
6 0.570833 0.549074 0.011458 0.035185
5 0.568490 0.559259 0.006771 0.027778
7 0.576823 0.545370 0.006771 0.020370
5 0.571354 0.577315 0.014583 0.049074
6 0.573958 0.564815 0.014583 0.055556
4 0.603385 0.571296 0.051562 0.112963
7 0.598177 0.568519 0.023438 0.059259
7 0.638542 0.571759 0.017708 0.076852
7 0.654167 0.567593 0.013542 0.057407
5 0.657813 0.604630 0.027083 0.075926
5 0.673438 0.608333 0.036458 0.081481
7 0.679948 0.542130 0.013021 0.034259
7 0.716146 0.650000 0.033333 0.181481
7 0.689583 0.630556 0.028125 0.175926
7 0.697917 0.647685 0.040625 0.200926
5 0.618229 0.675000 0.055208 0.179630
6 0.618229 0.630093 0.061458 0.180556
6 0.619010 0.629167 0.047396 0.167593
7 0.552083 0.537963 0.003125 0.014815
6 0.555208 0.543056 0.006250 0.021296
5 0.558854 0.570370 0.016667 0.040741
6 0.558594 0.556944 0.015104 0.043519
7 0.543229 0.552778 0.008333 0.027778
7 0.548698 0.564815 0.011979 0.044444
7 0.538021 0.536574 0.006250 0.017593
7 0.541927 0.538426 0.004687 0.015741
7 0.533073 0.543056 0.011979 0.030556
7 0.525000 0.535185 0.007292 0.020370
7 0.519792 0.534259 0.007292 0.020370
7 0.513542 0.534722 0.005208 0.015741
7 0.528646 0.551389 0.013542 0.032407
7 0.513021 0.534722 0.007292 0.013889
7 0.509375 0.536574 0.006250 0.017593
7 0.508073 0.537500 0.008854 0.021296
7 0.506250 0.538889 0.007292 0.016667
6 0.515885 0.563426 0.007812 0.049074
6 0.519010 0.571759 0.020313 0.067593
5 0.521615 0.593981 0.022396 0.063889
5 0.538542 0.628241 0.033333 0.102778
6 0.538021 0.600463 0.032292 0.106481
7 0.499479 0.560185 0.012500 0.035185
0 0.521875 0.568056 0.028125 0.045370
7 0.504427 0.621296 0.021354 0.114815
7 0.435156 0.550926 0.008854 0.024074
7 0.425000 0.552778 0.003125 0.016667
7 0.430208 0.549074 0.004167 0.018519
7 0.428125 0.556019 0.009375 0.021296
5 0.446354 0.557407 0.015625 0.024074
7 0.450781 0.586574 0.016146 0.041667
7 0.413281 0.566204 0.017188 0.036111
7 0.489323 0.652778 0.044271 0.324074
5 0.318229 0.692130 0.065625 0.180556
7 0.389844 0.623611 0.038021 0.084259
7 0.440104 0.607407 0.031250 0.088889
7 0.411719 0.615741 0.015104 0.035185
7 0.424479 0.776389 0.082292 0.410185
7 0.477083 0.760648 0.081250 0.352778
7 0.357812 0.791667 0.088542 0.412963
5 0.258333 0.784259 0.112500 0.290741