7 0.042188 0.555556 0.016667 0.037037
7 0.020573 0.630093 0.034896 0.147222
7 0.040885 0.591204 0.013021 0.071296
7 0.028385 0.590278 0.015104 0.075000
7 0.083594 0.561111 0.010937 0.029630
7 0.078385 0.625926 0.015104 0.125926
7 0.055729 0.622222 0.026042 0.151852
7 0.098177 0.566204 0.007812 0.023148
7 0.190104 0.627778 0.019792 0.124074
7 0.238802 0.618056 0.034896 0.162037
7 0.257031 0.644907 0.016146 0.119444
7 0.282031 0.646759 0.020313 0.139815
7 0.328385 0.631019 0.018229 0.130556
7 0.351042 0.576852 0.022917 0.107407
7 0.373437 0.639815 0.025000 0.114815
7 0.371094 0.571296 0.015104 0.114815
7 0.386979 0.552778 0.026042 0.133333
7 0.416406 0.546296 0.027604 0.159259
7 0.447917 0.585648 0.045833 0.108333
7 0.508073 0.658796 0.017188 0.036111
7 0.526302 0.625000 0.013021 0.122222
7 0.536719 0.623611 0.016146 0.125000
7 0.560677 0.615278 0.024479 0.152778
7 0.587760 0.627315 0.034896 0.150926
3 0.682552 0.575463 0.045312 0.075000
7 0.669271 0.582407 0.010417 0.061111
7 0.679167 0.591667 0.013542 0.050000
7 0.683073 0.584259 0.007812 0.057407
7 0.691667 0.581944 0.008333 0.062037
8 0.714323 0.605093 0.029687 0.045370
7 0.712760 0.609722 0.011979 0.032407
3 0.769792 0.583333 0.066667 0.135185
7 0.748958 0.593981 0.014583 0.076852
7 0.769792 0.574074 0.007292 0.027778
7 0.771094 0.602778 0.014063 0.090741
7 0.807552 0.561111 0.006771 0.014815
7 0.819271 0.590278 0.010417 0.049074
7 0.854427 0.571759 0.004687 0.019444
0 0.869792 0.576852 0.017708 0.025926
1 0.895573 0.566667 0.038021 0.050000
7 0.891146 0.579630 0.008333 0.050000
0 0.921094 0.602315 0.061979 0.076852
7 0.955469 0.586574 0.008854 0.054630
7 0.964063 0.601389 0.008333 0.032407
4 0.945833 0.567593 0.053125 0.055556
1 0.984115 0.563889 0.031771 0.046296
5 0.982812 0.605556 0.026042 0.040741
6 0.985156 0.582870 0.008854 0.043519
7 0.993229 0.571759 0.005208 0.019444
7 0.829688 0.787963 0.111458 0.422222
7 0.066927 0.612963 0.015104 0.112963
7 0.526302 0.558333 0.007812 0.016667
7 0.721875 0.568056 0.006250 0.025000
0 0.996354 0.604630 0.007292 0.046296
7 0.997656 0.573148 0.004687 0.027778
7 0.753646 0.574537 0.005208 0.034259
7 0.756510 0.574074 0.005729 0.027778