7 0.011198 0.562500 0.007812 0.023148
7 0.019531 0.557407 0.004687 0.014815
7 0.024479 0.560648 0.010417 0.021296
7 0.017188 0.571296 0.015625 0.038889
7 0.029687 0.593056 0.014583 0.086111
7 0.052865 0.563889 0.010937 0.035185
7 0.048177 0.594907 0.016146 0.091667
7 0.039062 0.598148 0.021875 0.098148
7 0.060677 0.572685 0.013021 0.041667
7 0.074479 0.566204 0.016667 0.028704
7 0.091667 0.616204 0.006250 0.034259
7 0.086458 0.599537 0.013542 0.106481
7 0.078646 0.615278 0.028125 0.112037
7 0.113281 0.565278 0.013021 0.041667
7 0.122917 0.566667 0.012500 0.038889
7 0.132031 0.586111 0.017188 0.068519
7 0.114583 0.600463 0.010417 0.069444
7 0.124479 0.599537 0.015625 0.056481
7 0.103646 0.608796 0.026042 0.134259
7 0.014583 0.619907 0.028125 0.156481
7 0.015625 0.812037 0.030208 0.353704
7 0.063802 0.782870 0.077604 0.393519
7 0.132812 0.777315 0.118750 0.445370
0 0.163542 0.559722 0.012500 0.008333
0 0.217708 0.593056 0.113542 0.091667
4 0.068229 0.533796 0.061458 0.076852
5 0.617188 0.603704 0.036458 0.125926
2 0.692708 0.582407 0.090625 0.168519
7 0.766667 0.597685 0.028125 0.160185
1 0.874219 0.524074 0.251563 0.240741