3 0.414583 0.519907 0.005208 0.008333
3 0.422135 0.519907 0.011979 0.015741
7 0.425521 0.534722 0.005208 0.013889
7 0.421615 0.535648 0.006771 0.012037
7 0.451042 0.513889 0.010417 0.035185
7 0.426563 0.549074 0.010417 0.025926
7 0.415365 0.550463 0.008854 0.028704
7 0.420052 0.563889 0.020313 0.046296
6 0.454427 0.531481 0.006771 0.009259
3 0.441146 0.532870 0.011458 0.010185
2 0.452344 0.547685 0.019271 0.025000
4 0.501302 0.515278 0.085938 0.104630
7 0.623958 0.555556 0.017708 0.040741
7 0.519271 0.555093 0.012500 0.032407
7 0.505208 0.603241 0.026042 0.182407
7 0.493750 0.628241 0.026042 0.189815
7 0.527865 0.550000 0.011979 0.024074
7 0.638281 0.566667 0.032813 0.075926
7 0.614844 0.647222 0.046354 0.240741
7 0.712760 0.668981 0.021354 0.199074
7 0.748698 0.645370 0.056771 0.214815
7 0.889583 0.762963 0.088542 0.314815
0 0.757552 0.616204 0.213021 0.156481
0 0.383594 0.553241 0.014063 0.017593
7 0.411979 0.596296 0.021875 0.098148
7 0.431250 0.575926 0.027083 0.085185
7 0.474740 0.672685 0.045312 0.269444
7 0.400781 0.662037 0.067187 0.262963
7 0.455990 0.663426 0.053646 0.226852
7 0.446094 0.741667 0.043229 0.294444
7 0.374219 0.563426 0.018229 0.062037
7 0.302865 0.552778 0.023438 0.081481
7 0.368750 0.591204 0.016667 0.082407
7 0.274479 0.550000 0.026042 0.087037
0 0.228385 0.539815 0.054688 0.053704
7 0.240625 0.582870 0.016667 0.099074
7 0.196094 0.544907 0.013021 0.025000
7 0.228385 0.557407 0.023438 0.066667
7 0.210677 0.564352 0.020313 0.073148
7 0.197396 0.575926 0.017708 0.081481
6 0.279948 0.591667 0.063021 0.100000
5 0.291667 0.681019 0.036458 0.097222
7 0.254427 0.581019 0.027604 0.130556
7 0.366667 0.684259 0.071875 0.398148
7 0.159635 0.567593 0.027604 0.068519
7 0.220312 0.692130 0.045833 0.258333
7 0.181510 0.620370 0.035937 0.150000
7 0.260156 0.749537 0.070312 0.326852
7 0.112760 0.557870 0.026562 0.082407
7 0.096354 0.582407 0.011458 0.053704
7 0.276302 0.837037 0.066146 0.322222
7 0.328385 0.770370 0.090104 0.442593
7 0.106771 0.602315 0.023958 0.071296
7 0.103385 0.716667 0.030729 0.298148
7 0.028385 0.700000 0.054688 0.309259
7 0.022917 0.780556 0.030208 0.231481
7 0.133594 0.722685 0.051562 0.282407
7 0.119792 0.638426 0.027083 0.086111
7 0.088021 0.728241 0.077083 0.356481
7 0.046615 0.791667 0.041146 0.218519
7 0.167448 0.753241 0.076563 0.354630
7 0.599740 0.707870 0.038021 0.197222
7 0.172135 0.662037 0.057813 0.138889
5 0.925000 0.890278 0.146875 0.219444
6 0.980469 0.786111 0.036979 0.324074
7 0.553646 0.722685 0.123958 0.552778
7 0.646094 0.787500 0.132812 0.421296
7 0.762500 0.857407 0.145833 0.281481