7 0.381250 0.558333 0.013542 0.046296
7 0.411979 0.557870 0.013542 0.047222
7 0.169010 0.605556 0.032813 0.164815
5 0.019271 0.750926 0.037500 0.244444
6 0.010417 0.748148 0.019792 0.157407
2 0.272917 0.625463 0.156250 0.252778
6 0.441667 0.549537 0.012500 0.028704
1 0.465625 0.535648 0.028125 0.036111
2 0.484115 0.554630 0.015104 0.031481
5 0.494271 0.562963 0.009375 0.029630
6 0.494010 0.552315 0.010937 0.037963
6 0.493750 0.531019 0.006250 0.015741
6 0.496615 0.525000 0.006771 0.025926
6 0.499219 0.526389 0.007812 0.026852
6 0.493490 0.530093 0.005729 0.012037
2 0.507031 0.552315 0.020313 0.050926
0 0.537500 0.567593 0.027083 0.066667
4 0.549479 0.540278 0.026042 0.043519
1 0.565104 0.533333 0.014583 0.031481
1 0.595313 0.527315 0.047917 0.054630
0 0.578906 0.548148 0.016146 0.029630
5 0.575000 0.557407 0.012500 0.029630
6 0.575260 0.550000 0.011979 0.033333
2 0.573958 0.546759 0.013542 0.034259
0 0.593229 0.553704 0.026042 0.048148
0 0.611719 0.558333 0.029687 0.055556
7 0.591927 0.552315 0.018229 0.106481
4 0.682813 0.520833 0.119792 0.200926
6 0.730990 0.585648 0.018229 0.128704
6 0.751042 0.589815 0.043750 0.155556
5 0.749479 0.625463 0.053125 0.132407
6 0.778646 0.558333 0.009375 0.044444
6 0.785417 0.553241 0.012500 0.037963
5 0.780208 0.572222 0.012500 0.018519
0 0.913542 0.540741 0.044792 0.044444
3 0.960417 0.593981 0.077083 0.173148
0 0.878125 0.645833 0.232292 0.254630
5 0.440625 0.585185 0.020833 0.048148
6 0.434115 0.562963 0.026562 0.064815
5 0.430990 0.657870 0.052604 0.141667
6 0.428646 0.611574 0.043750 0.145370
0 0.464583 0.574074 0.046875 0.070370
5 0.517969 0.640278 0.035937 0.117593
6 0.519792 0.572685 0.043750 0.093519
6 0.512240 0.609722 0.047396 0.126852