2 0.175260 0.684259 0.349479 0.631481
5 0.368750 0.614815 0.014583 0.074074
6 0.374479 0.573148 0.021875 0.094444
5 0.387500 0.662037 0.050000 0.127778
6 0.387760 0.601852 0.045312 0.150000
7 0.403646 0.553704 0.012500 0.064815
7 0.421615 0.546759 0.011979 0.050926
7 0.428385 0.530556 0.006771 0.027778
4 0.481510 0.510648 0.021354 0.021296
1 0.522656 0.512500 0.042188 0.063889
3 0.504167 0.531944 0.028125 0.030556
6 0.498177 0.511111 0.008854 0.020370
6 0.505990 0.501389 0.011979 0.047222
6 0.511198 0.504630 0.016146 0.048148
1 0.576562 0.527778 0.073958 0.135185
0 0.607292 0.564815 0.058333 0.066667
0 0.650000 0.618981 0.108333 0.169444
0 0.518490 0.544444 0.036979 0.027778
0 0.461719 0.588426 0.077604 0.147222
0 0.536719 0.657870 0.145313 0.234259
4 0.667708 0.514815 0.057292 0.051852
0 0.759375 0.695833 0.217708 0.291667
4 0.812760 0.496759 0.230729 0.308333
3 0.928385 0.505093 0.018229 0.043519
0 0.952083 0.587037 0.080208 0.133333
6 0.978646 0.568519 0.027083 0.062963
1 0.965365 0.534722 0.068229 0.123148
5 0.990365 0.610185 0.019271 0.072222
0 0.954167 0.908333 0.091667 0.183333