1 0.444792 0.516667 0.011458 0.020370
0 0.507552 0.525926 0.026562 0.005556
2 0.480469 0.524537 0.008854 0.019444
6 0.480469 0.531019 0.006771 0.021296
5 0.480729 0.538426 0.006250 0.017593
5 0.470833 0.577315 0.019792 0.052778
6 0.471354 0.559722 0.017708 0.065741
2 0.448437 0.539352 0.016667 0.034259
6 0.546354 0.523611 0.003125 0.008333
5 0.546094 0.529167 0.002604 0.010185
0 0.511458 0.585648 0.073958 0.117593
1 0.431250 0.532407 0.019792 0.107407
1 0.351042 0.530556 0.151042 0.255556
1 0.137760 0.559259 0.274479 0.631481
5 0.444271 0.675926 0.059375 0.181481
6 0.445312 0.629167 0.052083 0.162037
5 0.985677 0.600463 0.027604 0.095370
7 0.972135 0.590278 0.024479 0.112037
0 0.903646 0.587500 0.105208 0.104630
2 0.822917 0.566204 0.044792 0.087963
7 0.768490 0.549537 0.013021 0.052778
4 0.717448 0.531944 0.050521 0.058333
7 0.735938 0.545833 0.009375 0.056481
7 0.740365 0.549537 0.011979 0.056481
7 0.716927 0.549537 0.008854 0.049074
0 0.614062 0.527778 0.020833 0.018519
5 0.616146 0.537500 0.013542 0.017593
5 0.609115 0.540278 0.008854 0.021296
6 0.608333 0.533333 0.007292 0.022222
6 0.617448 0.531481 0.007812 0.018519
5 0.622917 0.546759 0.008333 0.021296
6 0.623177 0.536574 0.010937 0.026852
0 0.667448 0.558796 0.051562 0.065741
6 0.701823 0.593056 0.038021 0.113889
5 0.702344 0.619907 0.045312 0.113889
6 0.592448 0.544907 0.015104 0.043519
5 0.594010 0.552778 0.015104 0.038889
5 0.032292 0.938426 0.063542 0.123148
0 0.608333 0.527778 0.015625 0.020370
6 0.476042 0.536111 0.007292 0.024074
5 0.491927 0.525000 0.002604 0.005556
6 0.491667 0.521296 0.004167 0.011111
7 0.568229 0.525463 0.003125 0.017593
3 0.583594 0.522685 0.006771 0.017593
7 0.753646 0.547222 0.008333 0.053704
7 0.760156 0.549537 0.011979 0.050926
5 0.989844 0.560648 0.013021 0.043519
5 0.558073 0.536574 0.004687 0.019444
6 0.555990 0.532407 0.006771 0.020370