0 0.610417 0.555556 0.007292 0.014815
5 0.616667 0.557407 0.006250 0.012963
6 0.617188 0.550926 0.006250 0.018519
5 0.676562 0.571759 0.014583 0.036111
6 0.676823 0.558796 0.014063 0.041667
0 0.596875 0.553704 0.013542 0.018519
4 0.582552 0.538426 0.024479 0.047222
5 0.604688 0.555093 0.007292 0.015741
6 0.605729 0.550463 0.008333 0.017593
5 0.500781 0.546296 0.006771 0.018519
6 0.501042 0.540278 0.006250 0.019444
0 0.525000 0.550000 0.021875 0.035185
5 0.460677 0.563889 0.009896 0.024074
6 0.460677 0.550463 0.014063 0.036111
5 0.426823 0.568981 0.014063 0.030556
6 0.428385 0.554167 0.015104 0.034259
7 0.342448 0.559259 0.015104 0.044444
5 0.360677 0.643056 0.050521 0.132407
6 0.360417 0.603241 0.043750 0.143519
0 0.858854 0.602778 0.082292 0.105556
5 0.901563 0.639352 0.060417 0.113889
6 0.900000 0.608796 0.031250 0.115741
7 0.320052 0.573611 0.009896 0.021296