13 0.478385 0.503704 0.002604 0.016667
0 0.475260 0.533796 0.011979 0.015741
6 0.467708 0.529167 0.004167 0.010185
5 0.468229 0.537500 0.006250 0.010185
6 0.479687 0.533333 0.004167 0.014815
5 0.479427 0.538889 0.004687 0.011111
6 0.473698 0.540741 0.006771 0.024074
5 0.473958 0.547685 0.007292 0.017593
2 0.450781 0.535185 0.014063 0.025926
2 0.432031 0.541204 0.010937 0.023148
6 0.434635 0.545833 0.008854 0.032407
5 0.434115 0.555093 0.009896 0.026852
0 0.411719 0.542593 0.016146 0.022222
6 0.407292 0.546296 0.007292 0.033333
5 0.407813 0.553704 0.008333 0.025926
2 0.390625 0.564352 0.033333 0.075000
7 0.366927 0.532870 0.007812 0.015741
7 0.358854 0.535648 0.008333 0.017593
1 0.528385 0.526852 0.015104 0.022222
4 0.512500 0.530093 0.021875 0.039815
0 0.524219 0.545370 0.022396 0.025926
0 0.552865 0.543981 0.021354 0.039815
6 0.585938 0.546296 0.010417 0.029630
6 0.599219 0.545833 0.009896 0.023148
5 0.599479 0.560185 0.010417 0.029630
5 0.636719 0.563889 0.018229 0.025926
6 0.632552 0.555093 0.005729 0.030556
5 0.714583 0.586111 0.023958 0.050000
6 0.710417 0.568519 0.016667 0.053704
6 0.715625 0.573611 0.016667 0.062037
5 0.778906 0.602315 0.030729 0.062037
6 0.778646 0.585185 0.026042 0.074074
0 0.944010 0.652778 0.111979 0.159259
13 0.480208 0.470370 0.007292 0.003704
5 0.372135 0.683333 0.064062 0.190741
6 0.369010 0.643056 0.068229 0.217593
7 0.222917 0.587963 0.014583 0.109259
5 0.181771 0.594907 0.019792 0.050926
6 0.171875 0.556944 0.015625 0.056481
5 0.165365 0.712500 0.095312 0.206481
6 0.167969 0.650926 0.066146 0.218519
10 0.391406 0.512963 0.011979 0.009259
7 0.483854 0.531481 0.003125 0.012963