2 0.053385 0.701389 0.057813 0.195370
7 0.092969 0.747222 0.048438 0.246296
8 0.184896 0.715741 0.043750 0.162963
5 0.297396 0.664815 0.036458 0.129630
7 0.260417 0.715278 0.072917 0.313889
3 0.466927 0.493981 0.246354 0.634259
7 0.341406 0.804167 0.086979 0.391667
7 0.558333 0.547222 0.056250 0.144444
7 0.630990 0.581019 0.014063 0.026852
7 0.627604 0.560185 0.009375 0.016667
7 0.629948 0.558333 0.011979 0.020370
7 0.650781 0.561111 0.023438 0.046296
7 0.650781 0.582870 0.028646 0.052778
7 0.657813 0.750926 0.054167 0.344444
7 0.551823 0.750463 0.070312 0.389815
7 0.571354 0.757870 0.065625 0.336111
7 0.522135 0.789352 0.053646 0.263889
7 0.618229 0.751852 0.088542 0.496296
7 0.692448 0.552778 0.019271 0.033333
7 0.696094 0.589352 0.024479 0.075000
7 0.690885 0.543056 0.015104 0.032407
7 0.723698 0.723148 0.053646 0.324074
7 0.731510 0.556019 0.035937 0.091667
0 0.776302 0.668981 0.148438 0.245370
7 0.782031 0.540741 0.013021 0.020370
7 0.797135 0.547222 0.010937 0.022222
7 0.814323 0.571759 0.019271 0.071296
7 0.832812 0.607407 0.029167 0.170370
4 0.901823 0.613426 0.165104 0.289815
7 0.855208 0.642593 0.036458 0.246296
7 0.789062 0.733796 0.019792 0.273148
7 0.690104 0.772685 0.084375 0.454630
7 0.764323 0.739815 0.097396 0.461111
4 0.966667 0.628704 0.066667 0.422222