4 0.390365 0.493056 0.032813 0.039815
0 0.410938 0.520833 0.031250 0.028704
7 0.393490 0.518519 0.010937 0.029630
0 0.357812 0.518056 0.041667 0.034259
0 0.365885 0.522222 0.052604 0.024074
6 0.415885 0.518056 0.014063 0.028704
5 0.415885 0.527315 0.011979 0.012037
7 0.431250 0.521759 0.011458 0.025000
7 0.425000 0.528241 0.009375 0.010185
6 0.441146 0.517593 0.010417 0.029630
6 0.427865 0.512500 0.006771 0.017593
6 0.433854 0.514815 0.006250 0.016667
0 0.461719 0.517593 0.018229 0.029630
6 0.474740 0.521759 0.013021 0.034259
6 0.479427 0.523148 0.019271 0.037037
7 0.502865 0.532407 0.015104 0.059259
0 0.490365 0.521296 0.054688 0.046296
7 0.471875 0.555556 0.015625 0.037037
7 0.449479 0.543981 0.020833 0.082407
7 0.453125 0.644907 0.041667 0.221296
7 0.489323 0.644444 0.063021 0.233333
7 0.364583 0.660648 0.061458 0.226852
7 0.362240 0.649074 0.066146 0.309259
7 0.325521 0.668519 0.058333 0.255556
7 0.279948 0.617593 0.041146 0.135185
7 0.261719 0.629630 0.050521 0.138889
7 0.227865 0.634722 0.041146 0.145370
7 0.193229 0.675000 0.056250 0.292593
7 0.171354 0.695833 0.087500 0.371296
7 0.142187 0.690741 0.082292 0.355556
7 0.116667 0.683333 0.060417 0.279630
7 0.058073 0.675000 0.068229 0.357407
5 0.060937 0.741667 0.107292 0.203704
5 0.657552 0.512963 0.013021 0.038889
5 0.620833 0.615278 0.039583 0.132407
6 0.626302 0.529167 0.020313 0.032407
6 0.624479 0.581481 0.044792 0.133333
2 0.685937 0.502778 0.027083 0.050000
1 0.762760 0.480556 0.099479 0.090741
4 0.829688 0.487500 0.079167 0.078704
0 0.886979 0.480093 0.028125 0.034259
7 0.869271 0.482407 0.009375 0.027778
7 0.842448 0.508796 0.011979 0.034259
7 0.832812 0.508333 0.014583 0.037037
7 0.809115 0.502315 0.014063 0.041667
7 0.670052 0.588426 0.036979 0.169444
7 0.817969 0.641667 0.046354 0.237037
7 0.880469 0.708796 0.086979 0.332407
7 0.941927 0.692130 0.069271 0.319444
7 0.985938 0.676389 0.028125 0.308333