13 0.533854 0.444907 0.015625 0.008333
13 0.551042 0.511111 0.004167 0.029630
2 0.489583 0.562037 0.013542 0.027778
0 0.511198 0.562500 0.020313 0.034259
6 0.526563 0.561111 0.008333 0.024074
6 0.542188 0.560648 0.006250 0.021296
6 0.547396 0.557407 0.004167 0.014815
5 0.547135 0.566667 0.005729 0.014815
6 0.536198 0.560648 0.013021 0.039815
5 0.534896 0.570370 0.012500 0.031481
2 0.469010 0.562963 0.011979 0.029630
6 0.475000 0.563889 0.008333 0.022222
5 0.475781 0.569444 0.005729 0.018519
6 0.479948 0.565278 0.007812 0.025000
5 0.479427 0.570833 0.007812 0.019444
5 0.527604 0.568981 0.008333 0.021296
7 0.452865 0.564815 0.004687 0.029630
5 0.460677 0.582407 0.016146 0.050000
6 0.461458 0.569907 0.014583 0.056481
5 0.435937 0.580093 0.012500 0.041667
6 0.436198 0.570370 0.015104 0.051852
6 0.604167 0.558796 0.006250 0.013889
5 0.604688 0.564352 0.009375 0.013889
6 0.638542 0.562500 0.007292 0.023148
5 0.638542 0.571296 0.007292 0.020370
2 0.711979 0.559259 0.027083 0.022222
2 0.728646 0.559259 0.014583 0.024074
5 0.716667 0.573148 0.025000 0.027778
5 0.730469 0.570833 0.027604 0.034259
0 0.705208 0.569444 0.025000 0.033333
4 0.683854 0.566204 0.031250 0.045370
5 0.864062 0.586574 0.035417 0.039815
0 0.891406 0.576852 0.023438 0.044444
4 0.948438 0.595370 0.101042 0.137037
5 0.926042 0.656944 0.057292 0.117593
6 0.908333 0.623148 0.018750 0.120370
6 0.919010 0.617130 0.032813 0.130556
10 0.854688 0.344907 0.080208 0.132407
5 0.226302 0.683796 0.074479 0.173148
6 0.233854 0.649074 0.056250 0.196296
10 0.249479 0.512500 0.039583 0.043519
5 0.542969 0.568519 0.004687 0.014815
7 0.664323 0.567130 0.005729 0.030556
7 0.654167 0.563889 0.004167 0.027778
2 0.747656 0.564352 0.010937 0.034259
7 0.837240 0.569444 0.007812 0.044444