5 0.062240 0.711111 0.094271 0.231481
7 0.053906 0.674537 0.074479 0.360185
7 0.117969 0.694907 0.064062 0.297222
7 0.210417 0.678241 0.085417 0.291667
7 0.141927 0.690278 0.081771 0.354630
7 0.172135 0.693056 0.084896 0.375000
7 0.237240 0.634722 0.044271 0.132407
7 0.262240 0.629167 0.048438 0.141667
7 0.281771 0.619444 0.043750 0.135185
7 0.326823 0.668056 0.054688 0.256481
7 0.359896 0.650000 0.058333 0.307407
7 0.361458 0.675926 0.053125 0.224074
4 0.390885 0.493519 0.029687 0.042593
0 0.361198 0.519907 0.046354 0.034259
0 0.367188 0.519907 0.054167 0.028704
7 0.406510 0.510185 0.003646 0.007407
7 0.410156 0.514815 0.003646 0.012963
7 0.386458 0.510648 0.005208 0.010185
7 0.392708 0.518981 0.007292 0.030556
7 0.400260 0.520833 0.010937 0.030556
7 0.431510 0.510648 0.005729 0.012037
7 0.427604 0.517130 0.015625 0.034259
7 0.448698 0.525463 0.008854 0.037963
7 0.441146 0.564352 0.011458 0.080556
7 0.456250 0.556019 0.025000 0.089815
7 0.476562 0.562500 0.019792 0.067593
7 0.468229 0.631944 0.020833 0.097222
7 0.485156 0.609259 0.038021 0.153704
7 0.497917 0.577315 0.017708 0.058333
7 0.592969 0.552778 0.027604 0.103704
7 0.634115 0.588426 0.026562 0.154630
7 0.678906 0.582870 0.022396 0.117593
7 0.752604 0.611574 0.046875 0.193519
7 0.711198 0.621759 0.041146 0.193519
7 0.830990 0.508333 0.017188 0.038889
7 0.844531 0.509259 0.011979 0.035185
7 0.881250 0.670833 0.070833 0.313889
7 0.921094 0.693519 0.070312 0.342593
7 0.976562 0.678241 0.046875 0.343519
7 0.841667 0.819907 0.213542 0.360185
0 0.882292 0.492593 0.030208 0.057407
4 0.829688 0.488889 0.081250 0.077778
1 0.761719 0.481481 0.098437 0.090741
2 0.685937 0.506481 0.027083 0.057407
5 0.657552 0.506944 0.015104 0.026852
5 0.667448 0.680093 0.072396 0.215741
6 0.642188 0.603704 0.026042 0.168519
6 0.663021 0.639352 0.079167 0.243519
0 0.490365 0.521296 0.054688 0.048148
0 0.461198 0.521759 0.020313 0.036111
5 0.462500 0.540741 0.010417 0.027778
6 0.458594 0.518056 0.007812 0.028704
5 0.400521 0.526852 0.015625 0.012963
6 0.405469 0.518519 0.007812 0.020370
6 0.398438 0.518519 0.009375 0.020370
3 0.414323 0.525463 0.017188 0.026852