0 0.445833 0.516667 0.010417 0.016667
3 0.465885 0.523148 0.005729 0.018519
0 0.453385 0.528704 0.017188 0.022222
3 0.468750 0.526389 0.006250 0.025000
5 0.433854 0.548611 0.008333 0.021296
6 0.433073 0.536574 0.009896 0.034259
5 0.545312 0.533796 0.007292 0.017593
1 0.505990 0.527315 0.076563 0.141667
5 0.457813 0.602778 0.026042 0.072222
6 0.457031 0.575000 0.028646 0.100000
0 0.532552 0.596296 0.077604 0.112963
0 0.658854 0.684259 0.197917 0.309259
3 0.379427 0.518981 0.088021 0.243519
5 0.420833 0.627778 0.040625 0.124074
6 0.419792 0.595370 0.039583 0.118519
6 0.416667 0.592130 0.042708 0.126852
5 0.334375 0.630556 0.050000 0.122222
6 0.335156 0.600000 0.042188 0.133333
10 0.157292 0.462963 0.033333 0.057407
5 0.072656 0.670370 0.088021 0.153704