1 0.498958 0.508333 0.010417 0.020370
3 0.508854 0.513889 0.010417 0.011111
0 0.516927 0.520370 0.009896 0.014815
0 0.524219 0.526389 0.013021 0.019444
3 0.548698 0.513889 0.010937 0.016667
0 0.570052 0.525926 0.008854 0.016667
0 0.582292 0.531944 0.009375 0.015741
0 0.590104 0.533796 0.015625 0.017593
5 0.613542 0.544907 0.007292 0.021296
6 0.614062 0.539352 0.008333 0.032407
5 0.608594 0.545370 0.006771 0.022222
6 0.607552 0.532870 0.007812 0.015741
7 0.702865 0.552778 0.007812 0.033333
7 0.698438 0.552315 0.008333 0.037963
1 0.667448 0.536574 0.054688 0.067593
0 0.655729 0.550926 0.023958 0.040741
5 0.639323 0.555093 0.013021 0.032407
6 0.639323 0.545370 0.015104 0.038889
5 0.629687 0.554630 0.011458 0.033333
6 0.629427 0.546296 0.011979 0.040741
3 0.850260 0.593981 0.020313 0.047222
5 0.804167 0.568519 0.008333 0.020370
6 0.808594 0.560648 0.018229 0.039815
3 0.877344 0.580093 0.035937 0.069444
0 0.940104 0.600926 0.118750 0.125926
7 0.903125 0.602315 0.043750 0.136111
2 0.507552 0.524074 0.009896 0.018519
5 0.498958 0.544444 0.011458 0.031481
6 0.498437 0.535185 0.010417 0.033333
6 0.498958 0.537500 0.010417 0.034259
5 0.529687 0.535185 0.007292 0.018519
6 0.529948 0.529630 0.008854 0.024074
5 0.522656 0.538426 0.007812 0.019444
6 0.523177 0.528241 0.008854 0.017593
5 0.511198 0.540278 0.011979 0.026852
6 0.510938 0.534259 0.010417 0.031481
2 0.391406 0.536574 0.023438 0.058333
2 0.361719 0.533333 0.048438 0.066667
2 0.456250 0.578704 0.077083 0.161111
5 0.558854 0.584259 0.022917 0.057407
6 0.559115 0.562963 0.023438 0.072222
7 0.494531 0.515741 0.003646 0.011111
7 0.494792 0.527315 0.004167 0.017593