13 0.525000 0.457870 0.011458 0.006481
0 0.513281 0.545833 0.018229 0.028704
0 0.533854 0.546759 0.008333 0.019444
5 0.528646 0.555093 0.009375 0.021296
6 0.527083 0.544907 0.010417 0.032407
10 0.586979 0.483796 0.019792 0.030556
6 0.499479 0.546759 0.003125 0.012037
5 0.499740 0.551389 0.003646 0.012037
6 0.495833 0.543519 0.005208 0.016667
5 0.495312 0.550463 0.005208 0.015741
2 0.484635 0.545833 0.013021 0.025000
6 0.476042 0.545370 0.006250 0.022222
5 0.476562 0.550926 0.005208 0.012963
6 0.472135 0.544907 0.006771 0.023148
5 0.472396 0.551852 0.005208 0.016667
6 0.439063 0.555556 0.015625 0.051852
5 0.440625 0.564815 0.012500 0.038889
5 0.453385 0.572685 0.022396 0.047222
6 0.452604 0.557870 0.016667 0.063889
5 0.179948 0.696296 0.091146 0.194444
6 0.187760 0.641667 0.061979 0.207407
4 0.623177 0.540278 0.063021 0.095370
6 0.685677 0.558333 0.016146 0.048148
5 0.685937 0.569907 0.020833 0.034259
0 0.745052 0.592593 0.097396 0.101852
2 0.738542 0.540278 0.043750 0.017593
4 0.870573 0.567593 0.169271 0.185185
0 0.935156 0.637963 0.128646 0.188889
6 0.523177 0.544444 0.005729 0.027778
5 0.522396 0.550926 0.005208 0.018519
2 0.659375 0.544907 0.011458 0.013889
5 0.660156 0.555556 0.013021 0.016667
2 0.672917 0.549537 0.008333 0.021296
10 0.379427 0.512963 0.019271 0.020370