7 0.282813 0.533796 0.022917 0.134259
5 0.272917 0.759722 0.095833 0.226852
6 0.291927 0.673611 0.057813 0.287963
6 0.264062 0.667593 0.069792 0.294444
6 0.432552 0.541667 0.022396 0.038889
6 0.442188 0.543056 0.013542 0.034259
0 0.504687 0.609259 0.120833 0.200000
0 0.435156 0.775926 0.315104 0.448148
1 0.505990 0.499074 0.047396 0.038889
6 0.520833 0.506481 0.015625 0.027778
6 0.533594 0.486111 0.011979 0.066667
6 0.539844 0.487500 0.016146 0.058333
1 0.572917 0.518056 0.064583 0.112037
1 0.606771 0.516204 0.014583 0.026852
3 0.550000 0.553241 0.031250 0.078704
0 0.556250 0.590741 0.025000 0.125926
0 0.584115 0.556019 0.032813 0.060185
0 0.617969 0.550926 0.038021 0.051852
6 0.617969 0.522685 0.004687 0.008333
6 0.609635 0.524074 0.006771 0.011111
1 0.677083 0.517593 0.081250 0.088889
3 0.634896 0.534722 0.017708 0.017593
0 0.657031 0.575926 0.063021 0.085185
2 0.725521 0.534722 0.020833 0.030556
7 0.739583 0.536111 0.008333 0.018519
5 0.781771 0.561111 0.015625 0.046296
5 0.816146 0.560648 0.022917 0.026852
7 0.854167 0.544907 0.011458 0.026852
0 0.929167 0.528704 0.141667 0.101852
0 0.862240 0.772685 0.275521 0.454630
0 0.722656 0.639352 0.141146 0.202778
5 0.588281 0.630093 0.031771 0.102778
6 0.594010 0.592130 0.039062 0.126852
5 0.629687 0.674537 0.066667 0.169444
6 0.623958 0.632870 0.058333 0.221296
9 0.688802 0.031481 0.007812 0.007407
9 0.708333 0.079630 0.006250 0.012963
9 0.673958 0.063889 0.006250 0.007407
9 0.665625 0.065741 0.007292 0.020370
9 0.676823 0.091667 0.005729 0.007407
9 0.669010 0.094907 0.005729 0.008333
9 0.652083 0.112963 0.004167 0.005556
9 0.607552 0.087037 0.003646 0.009259
9 0.646875 0.138426 0.005208 0.008333
9 0.641406 0.155556 0.005729 0.007407
9 0.638542 0.171296 0.005208 0.007407
9 0.629948 0.206019 0.004687 0.008333
9 0.628646 0.214352 0.005208 0.006481
9 0.623958 0.236574 0.004167 0.006481
9 0.621875 0.247222 0.005208 0.009259
9 0.619010 0.250463 0.004687 0.006481
9 0.617708 0.256019 0.005208 0.006481
9 0.616146 0.264352 0.006250 0.004630
9 0.613281 0.271759 0.002604 0.004630
9 0.611979 0.278241 0.004167 0.008333
9 0.609635 0.283333 0.004687 0.005556
9 0.606771 0.292130 0.004167 0.006481
9 0.605208 0.294907 0.004167 0.006481
9 0.604167 0.300463 0.005208 0.006481
9 0.600521 0.307870 0.004167 0.006481
9 0.595052 0.319907 0.004687 0.006481
9 0.592187 0.325463 0.004167 0.004630
9 0.590885 0.329630 0.004687 0.007407
9 0.571354 0.344444 0.004167 0.005556