1 0.508594 0.520833 0.010937 0.010185
4 0.495312 0.522222 0.008333 0.009259
4 0.547656 0.520833 0.020313 0.045370
0 0.569792 0.537500 0.017708 0.026852
5 0.484896 0.538889 0.006250 0.011111
6 0.487500 0.531481 0.005208 0.009259
6 0.484635 0.532870 0.006771 0.017593
3 0.470573 0.528704 0.013021 0.031481
0 0.461979 0.535648 0.012500 0.019444
5 0.473177 0.538426 0.005729 0.017593
6 0.472656 0.532870 0.007812 0.017593
7 0.666927 0.555093 0.008854 0.021296
5 0.654427 0.558796 0.022396 0.025000
0 0.501563 0.551389 0.037500 0.054630
7 0.417187 0.544907 0.005208 0.015741
5 0.425521 0.562037 0.013542 0.031481
6 0.426302 0.547685 0.016146 0.047222
7 0.268750 0.575463 0.019792 0.062037
7 0.220833 0.577315 0.016667 0.062037
0 0.356250 0.613426 0.150000 0.226852