0 0.471875 0.524537 0.005208 0.010185
5 0.538802 0.527778 0.004687 0.012963
5 0.469531 0.528704 0.003646 0.009259
6 0.538021 0.523148 0.006250 0.012963
6 0.469271 0.524537 0.005208 0.015741
0 0.459375 0.526389 0.011458 0.013889
6 0.457813 0.526389 0.005208 0.010185
6 0.446094 0.538426 0.010937 0.028704
1 0.500521 0.525000 0.052083 0.109259
0 0.459896 0.566204 0.041667 0.062037
6 0.393229 0.577778 0.034375 0.081481
2 0.638281 0.550463 0.023438 0.045370
2 0.720573 0.597222 0.070312 0.138889
5 0.835417 0.636574 0.053125 0.112037
6 0.831250 0.602778 0.027083 0.114815
0 0.560417 0.639815 0.113542 0.203704
5 0.430729 0.840741 0.105208 0.301852
6 0.454948 0.712037 0.053646 0.320370
6 0.416667 0.722685 0.122917 0.373148
3 0.168229 0.473611 0.334375 0.791667
2 0.551042 0.522222 0.010417 0.018519