2 0.111198 0.682870 0.221354 0.634259
5 0.240365 0.690741 0.050521 0.150000
6 0.241146 0.638426 0.047917 0.160185
4 0.445833 0.540278 0.048958 0.084259
1 0.501042 0.534259 0.058333 0.087037
6 0.646615 0.540741 0.006771 0.012963
2 0.664323 0.539815 0.014063 0.014815
2 0.680469 0.539815 0.020313 0.018519
4 0.716667 0.562500 0.053125 0.110185
4 0.849479 0.524074 0.221875 0.185185
1 0.951302 0.497222 0.056771 0.077778
1 0.987240 0.499537 0.025521 0.078704
0 0.878125 0.767130 0.243750 0.465741
5 0.773958 0.863889 0.214583 0.272222
6 0.747135 0.770370 0.158854 0.459259
0 0.667708 0.618056 0.104167 0.149074
0 0.530729 0.563426 0.059375 0.041667
6 0.541927 0.549537 0.009896 0.021296
1 0.583594 0.523148 0.115104 0.157407
2 0.460417 0.582870 0.026042 0.115741
2 0.428125 0.582870 0.073958 0.128704
0 0.360417 0.637963 0.208333 0.242593
5 0.395313 0.850463 0.138542 0.299074
6 0.425781 0.775000 0.080729 0.446296
6 0.398177 0.750926 0.124479 0.400000
3 0.499219 0.566204 0.040104 0.086111
6 0.488802 0.516204 0.007812 0.017593
6 0.496875 0.511111 0.012500 0.055556
6 0.499479 0.512500 0.017708 0.050926
6 0.487760 0.526852 0.013021 0.025926
0 0.560417 0.687963 0.173958 0.275926