3 0.517448 0.537037 0.008854 0.018519
4 0.530990 0.545370 0.016146 0.031481
4 0.648958 0.501852 0.062500 0.061111
13 0.656771 0.416204 0.012500 0.089815
4 0.500260 0.540278 0.022396 0.041667
4 0.558594 0.528241 0.049479 0.102778
5 0.574219 0.568056 0.017188 0.047222
6 0.573958 0.540741 0.014583 0.033333
6 0.572656 0.555556 0.020313 0.061111
2 0.718229 0.564352 0.054167 0.104630
5 0.070833 0.503241 0.033333 0.043519
4 0.213542 0.508796 0.248958 0.186111
5 0.765885 0.785648 0.063021 0.202778
6 0.739583 0.562963 0.035417 0.096296
6 0.763542 0.602315 0.062500 0.186111
0 0.401042 0.547222 0.066667 0.048148
7 0.415885 0.534259 0.009896 0.031481
5 0.064323 0.762500 0.053646 0.171296
6 0.092708 0.622685 0.058333 0.176852
5 0.274740 0.743981 0.092188 0.250926
6 0.273438 0.696296 0.095833 0.338889
6 0.247135 0.683796 0.094271 0.278704
5 0.175000 0.844907 0.176042 0.302778
6 0.223438 0.769444 0.147917 0.455556
6 0.167969 0.770370 0.177604 0.451852
5 0.476823 0.815741 0.130729 0.368519
6 0.477604 0.738426 0.126042 0.421296
5 0.381771 0.858333 0.164583 0.283333
6 0.398438 0.771296 0.129167 0.455556
5 0.884896 0.778241 0.104167 0.300926
6 0.922135 0.709722 0.117188 0.400926
6 0.940625 0.738889 0.114583 0.412963
6 0.628646 0.649537 0.034375 0.065741
5 0.648958 0.840278 0.186458 0.313889
5 0.677604 0.827778 0.144792 0.298148
6 0.660937 0.756944 0.191667 0.484259
5 0.940625 0.877315 0.118750 0.245370
6 0.949219 0.812037 0.099479 0.116667
7 0.397396 0.535185 0.008333 0.027778
13 0.658594 0.359722 0.010937 0.017593
6 0.725521 0.624074 0.060417 0.203704
7 0.044792 0.497685 0.014583 0.049074