3 0.488281 0.538426 0.007812 0.017593
0 0.510417 0.538426 0.004167 0.013889
3 0.517708 0.536574 0.008333 0.013889
4 0.502604 0.539352 0.020833 0.039815
4 0.528125 0.545370 0.015625 0.025926
4 0.553646 0.530556 0.045833 0.087037
5 0.573177 0.563889 0.011979 0.031481
6 0.571354 0.550463 0.014583 0.045370
6 0.573958 0.545833 0.012500 0.036111
4 0.613281 0.527315 0.014063 0.019444
4 0.650260 0.506944 0.064062 0.062037
4 0.713542 0.558333 0.056250 0.107407
5 0.811979 0.582407 0.021875 0.048148
6 0.807292 0.567593 0.015625 0.055556
6 0.811198 0.566204 0.014063 0.049074
5 0.764844 0.783796 0.064062 0.191667
6 0.745573 0.575463 0.041146 0.117593
6 0.764583 0.606944 0.059375 0.191667
4 0.355990 0.518056 0.227604 0.163889
5 0.071875 0.505556 0.031250 0.042593
7 0.122135 0.502315 0.015104 0.039815
5 0.146354 0.529630 0.031250 0.031481
6 0.146615 0.507407 0.020313 0.037037
5 0.069531 0.759722 0.054688 0.156481
5 0.164583 0.539815 0.046875 0.050000
7 0.088281 0.618981 0.063021 0.169444
6 0.175000 0.621296 0.063542 0.075926
5 0.273438 0.740741 0.098958 0.244444
6 0.277865 0.698611 0.075521 0.323148
6 0.251042 0.684722 0.086458 0.271296
5 0.478906 0.805093 0.120313 0.345370
6 0.487500 0.741667 0.103125 0.424074
6 0.722656 0.630556 0.074479 0.216667
5 0.894531 0.782870 0.123438 0.297222
6 0.923438 0.712963 0.114583 0.407407
6 0.936719 0.734722 0.124479 0.408333
5 0.653125 0.840741 0.203125 0.311111
6 0.658854 0.759722 0.188542 0.478704
5 0.040104 0.811111 0.079167 0.285185
5 0.173958 0.843056 0.182292 0.313889
6 0.224219 0.772685 0.141146 0.452778
6 0.169792 0.767130 0.177083 0.449074
5 0.391146 0.879167 0.173958 0.239815
6 0.402344 0.774074 0.127604 0.450000
13 0.658594 0.359259 0.011979 0.018519
13 0.656771 0.415741 0.012500 0.088889
5 0.941927 0.875000 0.111979 0.246296
6 0.951823 0.809259 0.093229 0.122222
6 0.023438 0.841667 0.045833 0.314815
7 0.042969 0.490741 0.015104 0.068519