3 0.507812 0.510185 0.008333 0.014815
3 0.514583 0.510185 0.005208 0.011111
0 0.517708 0.515741 0.007292 0.014815
0 0.523698 0.515741 0.008854 0.012963
2 0.510677 0.519907 0.009896 0.017593
5 0.510417 0.532870 0.007292 0.019444
6 0.510677 0.526852 0.006771 0.022222
6 0.520052 0.525000 0.005729 0.018519
5 0.521094 0.553704 0.014063 0.042593
6 0.521094 0.545833 0.013021 0.041667
4 0.421875 0.534259 0.027083 0.040741
4 0.453385 0.528241 0.025521 0.037963
3 0.536458 0.513889 0.005208 0.011111
3 0.550521 0.516204 0.005208 0.012037
6 0.555208 0.518519 0.004167 0.011111
2 0.566406 0.524537 0.010937 0.023148
5 0.606250 0.533796 0.007292 0.013889
6 0.606250 0.527778 0.007292 0.020370
4 0.633854 0.518981 0.036458 0.039815
0 0.665104 0.532870 0.016667 0.021296
5 0.646615 0.546759 0.010937 0.026852
6 0.645052 0.537500 0.010937 0.030556
6 0.645312 0.538426 0.009375 0.032407
4 0.686719 0.533333 0.026562 0.044444
5 0.676042 0.547222 0.011458 0.025926
6 0.675260 0.539352 0.011979 0.032407
5 0.656771 0.545370 0.010417 0.025926
5 0.656250 0.544444 0.009375 0.024074
6 0.656250 0.537037 0.008333 0.029630
5 0.482292 0.580093 0.026042 0.069444
6 0.481771 0.564815 0.022917 0.066667
5 0.979167 0.595833 0.039583 0.086111
6 0.983073 0.575463 0.028646 0.113889
3 0.500000 0.511111 0.006250 0.009259