7 0.279687 0.619444 0.040625 0.135185
7 0.262240 0.630556 0.049479 0.138889
7 0.225260 0.639352 0.044271 0.137963
7 0.202083 0.652778 0.041667 0.118519
7 0.189323 0.708333 0.039062 0.229630
7 0.117188 0.681944 0.057292 0.280556
7 0.148438 0.691667 0.068750 0.355556
7 0.175781 0.698148 0.075521 0.370370
7 0.078906 0.676389 0.068229 0.352778
5 0.057292 0.718519 0.089583 0.183333
7 0.361719 0.633333 0.071354 0.216667
7 0.324740 0.668981 0.055729 0.254630
7 0.359375 0.652778 0.063542 0.303704
7 0.396615 0.520833 0.013021 0.030556
0 0.357552 0.519907 0.041146 0.036111
0 0.365104 0.522222 0.052083 0.027778
4 0.385937 0.503704 0.040625 0.059259
0 0.413281 0.526389 0.014063 0.019444
0 0.438021 0.527315 0.026042 0.045370
0 0.464844 0.515741 0.011979 0.025926
0 0.488542 0.522222 0.050000 0.046296
7 0.422135 0.521296 0.009896 0.027778
7 0.422917 0.526852 0.012500 0.016667
6 0.450521 0.515278 0.010417 0.026852
5 0.477865 0.545833 0.014063 0.037963
6 0.478125 0.529167 0.016667 0.052778
6 0.478125 0.529630 0.012500 0.038889
6 0.512760 0.563889 0.026562 0.098148
5 0.516927 0.595370 0.032813 0.081481
7 0.493229 0.526389 0.011458 0.045370
7 0.492188 0.600926 0.031250 0.153704
7 0.478906 0.611111 0.018229 0.101852
7 0.454948 0.584722 0.025521 0.162037
7 0.463021 0.607407 0.021875 0.122222
7 0.613802 0.521296 0.010937 0.024074
5 0.602083 0.663426 0.069792 0.154630
6 0.585938 0.569907 0.022917 0.087963
6 0.589323 0.602778 0.041146 0.185185
6 0.611719 0.539815 0.010937 0.018519
6 0.607552 0.605093 0.063021 0.189815
6 0.597656 0.578241 0.023438 0.054630
6 0.660937 0.562500 0.020833 0.097222
6 0.686719 0.605093 0.071354 0.212037
5 0.687240 0.668519 0.070312 0.172222
7 0.827865 0.625463 0.056771 0.245370
7 0.805990 0.500926 0.015104 0.042593
7 0.835677 0.508333 0.013021 0.040741
7 0.843750 0.508333 0.009375 0.035185
7 0.989323 0.706944 0.021354 0.312037
0 0.882812 0.491667 0.031250 0.055556
4 0.830208 0.489352 0.080208 0.075000
1 0.761979 0.482407 0.097917 0.088889
2 0.686458 0.501852 0.027083 0.050000
5 0.657813 0.515741 0.013542 0.044444