4 0.515365 0.537037 0.009896 0.024074
7 0.493490 0.545370 0.006771 0.022222
0 0.484896 0.544907 0.006250 0.012037
4 0.502865 0.537963 0.018229 0.042593
5 0.450260 0.551852 0.009896 0.024074
0 0.406250 0.551852 0.063542 0.053704
7 0.430208 0.553241 0.014583 0.065741
4 0.545312 0.522222 0.036458 0.040741
3 0.717187 0.560185 0.017708 0.062963
5 0.719792 0.572222 0.011458 0.040741
6 0.717187 0.549074 0.011458 0.031481
5 0.875260 0.589352 0.030729 0.060185
6 0.876823 0.572685 0.023438 0.062037
4 0.779167 0.541667 0.127083 0.151852
3 0.607292 0.551852 0.211458 0.174074
5 0.469792 0.781944 0.109375 0.326852
6 0.476042 0.715741 0.104167 0.377778
5 0.279687 0.743056 0.076042 0.239815
6 0.273698 0.705093 0.083854 0.332407
6 0.249740 0.689352 0.083854 0.263889
6 0.042188 0.587500 0.035417 0.089815
6 0.073438 0.587963 0.042708 0.085185
5 0.758073 0.750926 0.076563 0.246296
6 0.739323 0.595370 0.047396 0.157407
6 0.760156 0.608333 0.068229 0.196296
5 0.619531 0.676389 0.049479 0.032407
6 0.635417 0.601852 0.065625 0.157407
4 0.133333 0.477315 0.265625 0.249074
5 0.256510 0.580556 0.008854 0.020370
6 0.017448 0.571296 0.018229 0.033333
5 0.029427 0.685185 0.057813 0.074074
6 0.027344 0.615278 0.053646 0.130556
6 0.194531 0.625926 0.028646 0.057407
5 0.041406 0.706944 0.023438 0.034259
5 0.069792 0.751389 0.055208 0.143519
6 0.083854 0.620370 0.057292 0.175926
5 0.034115 0.778704 0.067187 0.194444
6 0.024219 0.715278 0.046354 0.065741
6 0.182812 0.843981 0.181250 0.304630
6 0.222917 0.772222 0.148958 0.455556
6 0.169271 0.769444 0.176042 0.442593
5 0.074219 0.897222 0.146354 0.203704
6 0.051562 0.917593 0.102083 0.066667
5 0.391667 0.848148 0.118750 0.296296
6 0.393229 0.775000 0.148958 0.446296
5 0.651823 0.842130 0.192188 0.313889
6 0.661979 0.759259 0.188542 0.479630
5 0.897656 0.781481 0.115104 0.298148
6 0.923438 0.714815 0.127083 0.390741
6 0.944792 0.740278 0.107292 0.436111
5 0.943490 0.877778 0.109896 0.240741
6 0.954688 0.851852 0.088542 0.100000
13 0.658854 0.358796 0.011458 0.017593
13 0.655990 0.416204 0.013021 0.089815