7 0.280469 0.618056 0.040104 0.136111
7 0.262500 0.629630 0.047917 0.140741
7 0.227604 0.638426 0.040625 0.137963
7 0.210677 0.642130 0.024479 0.137963
7 0.082031 0.627315 0.018229 0.063889
7 0.118229 0.693056 0.058333 0.302778
7 0.189323 0.709722 0.044271 0.234259
7 0.146875 0.689352 0.071875 0.356481
7 0.172135 0.695833 0.084896 0.369444
7 0.058854 0.674537 0.082292 0.356481
5 0.054688 0.733333 0.102083 0.187037
7 0.363802 0.650463 0.049479 0.225000
7 0.325521 0.668056 0.054167 0.254630
7 0.355990 0.650463 0.060937 0.304630
7 0.442969 0.629167 0.054688 0.184259
7 0.487240 0.622685 0.046354 0.197222
7 0.393229 0.518056 0.011458 0.030556
7 0.433073 0.521759 0.008854 0.023148
7 0.429688 0.526389 0.009375 0.013889
7 0.427344 0.505556 0.004687 0.007407
4 0.389844 0.499074 0.031771 0.053704
0 0.413802 0.519907 0.033854 0.028704
0 0.358073 0.519444 0.041146 0.033333
0 0.365365 0.521759 0.052604 0.030556
6 0.427604 0.513889 0.012500 0.024074
7 0.453646 0.513426 0.008333 0.023148
7 0.466927 0.531944 0.017188 0.054630
5 0.467708 0.544907 0.013542 0.036111
5 0.502083 0.580093 0.025000 0.073148
5 0.628125 0.591667 0.033333 0.109259
5 0.658854 0.516204 0.015625 0.043519
6 0.501042 0.552778 0.027083 0.088889
6 0.502865 0.538426 0.025521 0.062037
6 0.639062 0.537963 0.012500 0.051852
6 0.630469 0.567130 0.038021 0.106481
7 0.450781 0.542130 0.025521 0.080556
7 0.468750 0.593056 0.014583 0.104630
7 0.701823 0.599074 0.046354 0.185185
1 0.762760 0.481481 0.098437 0.088889
4 0.830208 0.487500 0.079167 0.071296
0 0.882812 0.489815 0.031250 0.051852
7 0.843490 0.501852 0.009896 0.022222
7 0.833073 0.507407 0.019271 0.038889
7 0.832292 0.514352 0.015625 0.065741
2 0.684635 0.507407 0.026562 0.059259
7 0.976562 0.671296 0.046875 0.250000
5 0.907813 0.817130 0.184375 0.365741
6 0.828906 0.743981 0.071354 0.465741
6 0.858594 0.729167 0.077604 0.400926
6 0.860677 0.760648 0.060937 0.452778
6 0.915885 0.761111 0.158854 0.466667