7 0.669531 0.506944 0.006771 0.010185
7 0.680469 0.500926 0.004687 0.011111
7 0.682552 0.502315 0.004687 0.010185
0 0.683594 0.510185 0.009896 0.009259
7 0.694792 0.506944 0.005208 0.010185
7 0.687240 0.512037 0.006771 0.014815
7 0.730469 0.514352 0.006771 0.017593
0 0.702344 0.520370 0.015104 0.014815
4 0.630208 0.515741 0.055208 0.031481
6 0.626042 0.522685 0.009375 0.010185
6 0.635417 0.524074 0.007292 0.009259
7 0.516146 0.515741 0.014583 0.048148
0 0.464844 0.556944 0.129688 0.134259
7 0.339583 0.555556 0.028125 0.029630
7 0.330729 0.610648 0.040625 0.119444
7 0.754167 0.508333 0.009375 0.020370
7 0.741406 0.524537 0.010937 0.041667
7 0.720833 0.531019 0.016667 0.052778
7 0.712760 0.544907 0.020313 0.047222
7 0.775781 0.504167 0.010937 0.013889
7 0.750781 0.560185 0.017188 0.064815
7 0.739323 0.606944 0.036979 0.143519
4 0.842448 0.479167 0.143229 0.167593
2 0.797656 0.551852 0.092188 0.096296
6 0.809115 0.650926 0.022396 0.109259
6 0.809635 0.556944 0.028646 0.084259
6 0.801302 0.599074 0.031771 0.164815
7 0.799740 0.681481 0.053646 0.325926
7 0.766406 0.668981 0.044271 0.299074
7 0.480208 0.622685 0.059375 0.234259
7 0.283073 0.764352 0.095312 0.467593
7 0.015885 0.614815 0.030729 0.207407
7 0.043490 0.850926 0.084896 0.290741
7 0.957031 0.616667 0.036979 0.312963
7 0.977083 0.629630 0.043750 0.344444
7 0.842448 0.668519 0.060937 0.338889
7 0.924479 0.656481 0.093750 0.614815
7 0.892448 0.746296 0.196354 0.505556
7 0.347396 0.775926 0.092708 0.440741
7 0.426302 0.766204 0.165104 0.463889
0 0.637500 0.757407 0.328125 0.485185
7 0.539323 0.832407 0.199479 0.333333