5 0.442448 0.579167 0.029687 0.069444
5 0.497917 0.589352 0.044792 0.078704
5 0.585156 0.591204 0.041146 0.062037
5 0.664323 0.585185 0.055729 0.098148
5 0.632292 0.683796 0.084375 0.193519
6 0.607031 0.604167 0.025521 0.191667
6 0.634375 0.617593 0.067708 0.211111
5 0.463802 0.672222 0.054688 0.162963
6 0.462500 0.618519 0.052083 0.183333
0 0.913802 0.542130 0.152604 0.115741
5 0.819531 0.569444 0.040104 0.101852
7 0.936458 0.545370 0.028125 0.109259
7 0.882552 0.616667 0.033854 0.174074
7 0.893490 0.613426 0.032813 0.160185
8 0.872135 0.674537 0.104688 0.154630
6 0.868229 0.623148 0.050000 0.172222
7 0.837500 0.681019 0.041667 0.232407
5 0.940885 0.806944 0.117188 0.371296