3 0.426563 0.584722 0.026042 0.043519
0 0.399479 0.612037 0.032292 0.040741
0 0.409375 0.616667 0.035417 0.038889
0 0.500000 0.615741 0.027083 0.042593
5 0.568750 0.629167 0.017708 0.039815
5 0.523438 0.716204 0.051042 0.149074
5 0.662240 0.772222 0.072396 0.200000
5 0.668490 0.606944 0.015104 0.034259
2 0.691667 0.598611 0.023958 0.043519
1 0.761198 0.584722 0.089063 0.084259
4 0.815365 0.595833 0.073438 0.073148
7 0.782031 0.612037 0.015104 0.055556
7 0.814583 0.610648 0.015625 0.036111
7 0.825781 0.606944 0.013021 0.036111
7 0.469531 0.629630 0.008854 0.055556
7 0.482812 0.662963 0.026042 0.142593
7 0.498698 0.679630 0.021354 0.103704
7 0.424479 0.687037 0.014583 0.177778
7 0.436979 0.687037 0.030208 0.198148
6 0.520312 0.669444 0.038542 0.131481
6 0.518490 0.684722 0.043229 0.125000
6 0.643750 0.700926 0.033333 0.209259
6 0.667448 0.706944 0.066146 0.208333
7 0.953646 0.745370 0.086458 0.312963
7 0.405208 0.697222 0.023958 0.168519
7 0.244531 0.691204 0.032813 0.230556
7 0.302865 0.704167 0.028646 0.225000
7 0.278125 0.703704 0.030208 0.196296
7 0.323958 0.703704 0.035417 0.233333
7 0.359896 0.784722 0.036458 0.284259
7 0.345313 0.623611 0.016667 0.056481
7 0.354167 0.749074 0.040625 0.324074
6 0.567187 0.618981 0.011458 0.056481
6 0.897396 0.768981 0.133333 0.345370
7 0.180990 0.661574 0.040104 0.112037
0 0.058073 0.724537 0.102604 0.217593
7 0.056510 0.731481 0.057813 0.312963
6 0.108854 0.669907 0.041667 0.176852
5 0.154688 0.789352 0.213542 0.252778
7 0.131510 0.783333 0.115104 0.431481
5 0.032292 0.829630 0.060417 0.279630
7 0.008854 0.679630 0.016667 0.144444
5 0.892188 0.862963 0.192708 0.272222
7 0.454427 0.628241 0.009896 0.052778
6 0.526563 0.600926 0.009375 0.016667
6 0.523698 0.604167 0.010937 0.025000