7 0.250000 0.603241 0.019792 0.095370
7 0.219271 0.612037 0.056250 0.127778
5 0.180208 0.762037 0.168750 0.338889
5 0.247135 0.754167 0.168229 0.400926
7 0.344271 0.553241 0.007292 0.017593
7 0.342187 0.612500 0.022917 0.139815
7 0.385156 0.542593 0.009896 0.025926
7 0.393750 0.556944 0.012500 0.028704
7 0.379688 0.569907 0.020833 0.060185
7 0.411979 0.551389 0.015625 0.045370
7 0.406771 0.554167 0.013542 0.039815
7 0.425260 0.552778 0.009896 0.031481
7 0.427344 0.561574 0.015104 0.047222
7 0.429427 0.590278 0.017188 0.091667
7 0.475000 0.626389 0.019792 0.126852
7 0.499219 0.551389 0.006771 0.025000
7 0.507812 0.552778 0.013542 0.038889
7 0.517708 0.557407 0.008333 0.024074
7 0.416667 0.603241 0.021875 0.093519
5 0.443490 0.733333 0.052604 0.212963
7 0.355469 0.740741 0.061979 0.379630
7 0.410938 0.789352 0.154167 0.419444
7 0.511458 0.656019 0.054167 0.225000
7 0.548438 0.682407 0.085417 0.450000
7 0.575781 0.641667 0.028646 0.214815
7 0.566146 0.552778 0.017708 0.051852
7 0.532813 0.550926 0.014583 0.068519
7 0.572917 0.520833 0.008333 0.015741
7 0.578646 0.529167 0.011458 0.032407
7 0.589063 0.527315 0.009375 0.036111
7 0.593229 0.541667 0.012500 0.038889
7 0.620833 0.550926 0.009375 0.037037
5 0.629687 0.557870 0.011458 0.032407
6 0.627865 0.547685 0.006771 0.036111
5 0.638802 0.550000 0.007812 0.027778
7 0.638802 0.535185 0.005729 0.016667
7 0.646875 0.550926 0.009375 0.046296
5 0.654167 0.547222 0.010417 0.018519
6 0.654167 0.540278 0.005208 0.026852
3 0.660156 0.529630 0.018229 0.018519
0 0.607552 0.611574 0.065104 0.130556
5 0.662500 0.611574 0.030208 0.087963
6 0.665885 0.590278 0.035937 0.113889
7 0.672396 0.539352 0.006250 0.025000
7 0.678906 0.537037 0.004687 0.020370
5 0.676562 0.552778 0.010417 0.025926
6 0.677604 0.545833 0.008333 0.036111
5 0.686719 0.545370 0.006771 0.020370
6 0.685937 0.542593 0.006250 0.029630
7 0.692187 0.536111 0.003125 0.009259
7 0.689583 0.553704 0.008333 0.040741
0 0.702865 0.542593 0.014063 0.022222
7 0.699479 0.562963 0.013542 0.059259
7 0.694792 0.558796 0.008333 0.047222
3 0.709375 0.557407 0.013542 0.024074
5 0.717448 0.559259 0.020313 0.031481
5 0.721615 0.573611 0.032813 0.050926
7 0.733073 0.569444 0.021354 0.085185
7 0.742188 0.638426 0.044792 0.182407
4 0.902865 0.697685 0.194271 0.513889
7 0.945052 0.763889 0.092188 0.472222