1 0.427344 0.540741 0.018229 0.029630
1 0.472917 0.537500 0.034375 0.054630
5 0.437240 0.555556 0.005729 0.012963
6 0.437240 0.547222 0.007812 0.024074
0 0.445573 0.553241 0.016146 0.032407
5 0.452604 0.565741 0.009375 0.024074
6 0.453125 0.554630 0.012500 0.038889
5 0.429167 0.562963 0.009375 0.024074
6 0.429427 0.551389 0.010937 0.036111
6 0.420052 0.548148 0.006771 0.018519
5 0.421354 0.560185 0.006250 0.014815
5 0.623177 0.567130 0.009896 0.019444
6 0.622917 0.553704 0.006250 0.020370
5 0.630469 0.568056 0.010937 0.030556
6 0.629948 0.559259 0.013021 0.035185
4 0.730469 0.568056 0.029687 0.058333
4 0.747917 0.578704 0.036458 0.057407
3 0.562760 0.553241 0.018229 0.052778
4 0.590104 0.540278 0.063542 0.102778
5 0.411719 0.593519 0.016146 0.057407
6 0.411719 0.572685 0.023438 0.067593
5 0.328906 0.650000 0.054688 0.140741
6 0.339062 0.610648 0.023958 0.119444
6 0.325781 0.609722 0.050521 0.137963
5 0.380208 0.721759 0.078125 0.184259
6 0.379688 0.644907 0.069792 0.223148
0 0.815885 0.650926 0.142187 0.161111
5 0.100260 0.640741 0.065104 0.157407
7 0.027604 0.633796 0.035417 0.123148