3 0.507292 0.531944 0.006250 0.010185
7 0.213542 0.547222 0.014583 0.079630
5 0.050000 0.576852 0.077083 0.077778
2 0.513021 0.532870 0.008333 0.017593
0 0.524479 0.533333 0.009375 0.016667
3 0.529427 0.533333 0.004687 0.016667
4 0.535677 0.531481 0.010937 0.024074
0 0.571615 0.533796 0.015104 0.019444
5 0.613802 0.540741 0.009896 0.018519
6 0.616146 0.534722 0.006250 0.021296
5 0.658854 0.549074 0.008333 0.024074
6 0.658594 0.541667 0.007812 0.031481
0 0.767969 0.544444 0.030729 0.033333
0 0.916667 0.533796 0.038542 0.028704
0 0.977865 0.535648 0.038021 0.032407
5 0.988802 0.612963 0.022396 0.072222
6 0.992708 0.579167 0.012500 0.093519
5 0.706771 0.556019 0.010417 0.032407
6 0.703646 0.545370 0.007292 0.040741
6 0.706771 0.546759 0.009375 0.043519
0 0.740885 0.568056 0.069271 0.080556
5 0.901563 0.589815 0.014583 0.053704
4 0.856250 0.558333 0.092708 0.129630
4 0.494271 0.525926 0.016667 0.035185
0 0.558854 0.546296 0.028125 0.040741
5 0.517969 0.562500 0.017188 0.043519
6 0.514323 0.552778 0.009896 0.046296
6 0.517448 0.552778 0.016146 0.048148
5 0.563802 0.567130 0.020313 0.047222
6 0.564323 0.551852 0.016146 0.057407
5 0.485677 0.577315 0.023438 0.063889
6 0.485417 0.562037 0.020833 0.066667
3 0.544792 0.527315 0.006250 0.013889