4 0.516146 0.535185 0.008333 0.018519
7 0.499740 0.539815 0.004687 0.011111
0 0.493750 0.540278 0.005208 0.010185
4 0.506771 0.536111 0.015625 0.037037
4 0.531250 0.535185 0.025000 0.048148
7 0.493750 0.545370 0.006250 0.014815
0 0.484375 0.546296 0.008333 0.014815
5 0.069531 0.503241 0.029687 0.037963
7 0.124479 0.498148 0.015625 0.035185
5 0.130208 0.538889 0.031250 0.044444
5 0.092969 0.546296 0.056771 0.062963
6 0.097135 0.511111 0.024479 0.053704
6 0.144271 0.522685 0.016667 0.060185
6 0.157552 0.526389 0.016146 0.067593
3 0.305990 0.556019 0.298438 0.186111
6 0.225781 0.520370 0.013021 0.025926
6 0.215365 0.517593 0.014063 0.027778
6 0.236719 0.506481 0.033854 0.062963
13 0.657552 0.357407 0.009896 0.014815
13 0.656250 0.415278 0.011458 0.084259
6 0.201563 0.619444 0.036458 0.127778
5 0.269010 0.748611 0.097396 0.247222
6 0.274479 0.703704 0.072917 0.331481
6 0.250000 0.690278 0.081250 0.262037
5 0.356771 0.801389 0.091667 0.282407
6 0.357031 0.801389 0.093229 0.278704
6 0.348698 0.725926 0.096354 0.366667
5 0.469792 0.784722 0.110417 0.330556
6 0.470313 0.717130 0.109375 0.380556
6 0.077083 0.576852 0.019792 0.046296
6 0.034896 0.554167 0.020833 0.067593
6 0.050000 0.602778 0.038542 0.114815
6 0.009115 0.555556 0.016146 0.083333
5 0.028125 0.652315 0.051042 0.045370
6 0.022656 0.617593 0.044271 0.135185
5 0.067969 0.745370 0.054688 0.125926
6 0.082292 0.618056 0.060417 0.167593
5 0.022396 0.720370 0.043750 0.098148
5 0.767708 0.781481 0.057292 0.192593
6 0.737500 0.599537 0.043750 0.169444
6 0.759635 0.606019 0.065104 0.195370
5 0.035937 0.770833 0.071875 0.213889
6 0.027083 0.698611 0.053125 0.054630
5 0.067969 0.901389 0.134896 0.197222
5 0.181771 0.846759 0.165625 0.299074
6 0.048438 0.932407 0.095833 0.062963
5 0.182292 0.843981 0.166667 0.308333
6 0.228646 0.772222 0.162500 0.455556
6 0.169271 0.769444 0.172917 0.442593
0 0.790365 0.575000 0.041146 0.072222
5 0.616667 0.665741 0.048958 0.040741
6 0.626042 0.639352 0.062500 0.084259
5 0.900000 0.782407 0.119792 0.298148
6 0.922917 0.714352 0.115625 0.406481
6 0.945833 0.738889 0.106250 0.437037
5 0.648698 0.841204 0.184896 0.310185
6 0.662500 0.761574 0.192708 0.469444
3 0.557552 0.547222 0.011979 0.025926
5 0.942448 0.879167 0.113021 0.239815
6 0.954688 0.850926 0.088542 0.079630