5 0.117188 0.847685 0.232292 0.300926
5 0.017969 0.634259 0.034896 0.170370
7 0.346875 0.574074 0.031250 0.062963
7 0.378646 0.596296 0.018750 0.107407
7 0.397917 0.597222 0.023958 0.137037
7 0.403646 0.590741 0.015625 0.138889
7 0.415625 0.606481 0.025000 0.112963
5 0.435417 0.612963 0.040625 0.127778
5 0.459896 0.616204 0.028125 0.093519
6 0.457552 0.571296 0.020313 0.090741
7 0.472396 0.593981 0.029167 0.165741
5 0.497917 0.546296 0.025000 0.040741
7 0.503906 0.598611 0.026562 0.139815
5 0.548958 0.555093 0.012500 0.036111
6 0.551042 0.545370 0.009375 0.040741
6 0.566146 0.562037 0.016667 0.066667
6 0.589583 0.547222 0.017708 0.037037
5 0.609635 0.588889 0.036979 0.066667
5 0.580469 0.631944 0.044271 0.117593
6 0.582292 0.590741 0.043750 0.129630
7 0.612500 0.593981 0.019792 0.145370
0 0.670833 0.593056 0.084375 0.106481
5 0.703125 0.606944 0.041667 0.117593
5 0.655729 0.681944 0.071875 0.199074
6 0.652865 0.629630 0.057813 0.190741
6 0.654948 0.555093 0.018229 0.050926
5 0.828646 0.664352 0.053125 0.206481
5 0.905469 0.712500 0.118229 0.260185
5 0.800000 0.697222 0.103125 0.196296
5 0.534896 0.597685 0.030208 0.080556
6 0.535417 0.573611 0.029167 0.091667
6 0.525781 0.557870 0.011979 0.065741
7 0.320052 0.551389 0.015104 0.112037