1 0.496875 0.511574 0.036458 0.034259
4 0.575521 0.510648 0.016667 0.041667
1 0.542708 0.515278 0.055208 0.080556
0 0.615365 0.531481 0.031771 0.014815
0 0.646875 0.538889 0.029167 0.035185
1 0.626042 0.516204 0.020833 0.017593
1 0.643229 0.513889 0.020833 0.020370
1 0.660156 0.512500 0.022396 0.019444
1 0.679688 0.510185 0.026042 0.016667
1 0.763542 0.518981 0.031250 0.041667
1 0.723698 0.515278 0.054688 0.047222
0 0.802083 0.550463 0.061458 0.073148
4 0.916406 0.518519 0.163021 0.111111
5 0.839323 0.592130 0.039062 0.063889
6 0.840104 0.572685 0.028125 0.080556
0 0.916406 0.559722 0.130729 0.071296
7 0.978125 0.541204 0.034375 0.067593
6 0.644792 0.529630 0.009375 0.018519
0 0.689844 0.559722 0.063021 0.087963
0 0.753385 0.582870 0.103646 0.110185
0 0.551562 0.550463 0.016667 0.039815
0 0.583854 0.526852 0.017708 0.009259
0 0.572135 0.572222 0.051562 0.088889
0 0.621875 0.600463 0.101042 0.136111
6 0.428646 0.546296 0.007292 0.027778
0 0.524479 0.543519 0.017708 0.018519
7 0.406250 0.539815 0.008333 0.038889
7 0.418490 0.556481 0.011979 0.048148
5 0.390104 0.544907 0.012500 0.032407
6 0.391406 0.539352 0.009896 0.034259
7 0.376302 0.554167 0.008854 0.056481
0 0.473438 0.537500 0.090625 0.047222
7 0.182812 0.611111 0.042708 0.200000
2 0.288021 0.607407 0.170833 0.279630
0 0.867448 0.788426 0.265104 0.423148
0 0.481510 0.710648 0.203646 0.328704
5 0.200260 0.807407 0.070312 0.209259
6 0.223698 0.639815 0.070312 0.188889
5 0.271875 0.815278 0.154167 0.369444
6 0.278646 0.728704 0.104167 0.355556
5 0.064844 0.784722 0.129688 0.284259
6 0.059896 0.707870 0.094792 0.295370
7 0.370573 0.564815 0.013021 0.070370
6 0.491406 0.493056 0.008854 0.036111
6 0.492448 0.496296 0.013021 0.040741
6 0.480469 0.511111 0.009896 0.011111