0 0.192448 0.744444 0.383854 0.511111
2 0.352865 0.594444 0.113021 0.196296
3 0.249219 0.458796 0.116146 0.139815
4 0.369531 0.501852 0.063021 0.074074
3 0.445833 0.573611 0.059375 0.110185
6 0.427344 0.513889 0.022396 0.035185
6 0.439323 0.497685 0.014063 0.062037
6 0.438021 0.503241 0.034375 0.073148
6 0.469792 0.543981 0.012500 0.023148
1 0.516667 0.514352 0.087500 0.115741
0 0.531250 0.552778 0.055208 0.037037
0 0.569792 0.550463 0.020833 0.036111
7 0.582552 0.520370 0.008854 0.014815
7 0.576042 0.540741 0.009375 0.037037
7 0.585156 0.541667 0.006771 0.035185
7 0.576562 0.564815 0.017708 0.037037
1 0.580208 0.519907 0.025000 0.039815
0 0.569531 0.545370 0.021354 0.033333
1 0.645312 0.534259 0.108333 0.083333
0 0.679688 0.564815 0.057292 0.061111
7 0.713802 0.545370 0.007812 0.022222
7 0.701562 0.545370 0.009375 0.020370
6 0.708594 0.548611 0.013021 0.026852
7 0.864583 0.539815 0.009375 0.024074
7 0.884896 0.548611 0.011458 0.021296
0 0.942187 0.654630 0.115625 0.218519
0 0.633594 0.637037 0.113021 0.185185
0 0.515104 0.680556 0.144792 0.270370
5 0.600521 0.832407 0.121875 0.327778
6 0.597135 0.715741 0.106771 0.368519
5 0.762760 0.848611 0.182812 0.300926
6 0.732812 0.756944 0.116667 0.484259
5 0.434896 0.882870 0.130208 0.230556
6 0.406250 0.739352 0.085417 0.354630
6 0.440625 0.780556 0.145833 0.437037
6 0.833333 0.533796 0.012500 0.021296
0 0.822396 0.737500 0.353125 0.395370