4 0.503906 0.523611 0.024479 0.045370
5 0.519792 0.539352 0.007292 0.010185
6 0.519792 0.533796 0.006250 0.015741
5 0.541927 0.541667 0.003646 0.007407
6 0.542969 0.535648 0.005729 0.015741
0 0.552344 0.533796 0.018229 0.030556
0 0.595052 0.531944 0.010937 0.013889
0 0.604167 0.534259 0.010417 0.014815
0 0.614583 0.530093 0.014583 0.019444
0 0.765365 0.539815 0.030729 0.031481
0 0.849219 0.537037 0.032813 0.038889
3 0.928646 0.541204 0.086458 0.100926
4 0.984375 0.522222 0.029167 0.146296
5 0.985417 0.596296 0.028125 0.068519
6 0.989583 0.578704 0.020833 0.083333
7 0.104688 0.537037 0.016667 0.046296
7 0.117188 0.538426 0.014583 0.049074
7 0.145313 0.533796 0.017708 0.041667
7 0.169010 0.539352 0.015104 0.049074
5 0.352865 0.555556 0.047396 0.062963
7 0.488021 0.534722 0.007292 0.039815
7 0.483854 0.538426 0.008333 0.039815
5 0.525781 0.539352 0.009896 0.026852
6 0.526042 0.531944 0.010417 0.023148
5 0.508333 0.549537 0.013542 0.041667
6 0.509896 0.541204 0.015625 0.045370
5 0.573958 0.582407 0.030208 0.072222
6 0.572135 0.562037 0.026562 0.075926
4 0.685417 0.539815 0.132292 0.122222
5 0.984896 0.597222 0.028125 0.066667
6 0.988802 0.583796 0.020313 0.087963
5 0.875521 0.580093 0.030208 0.054630
5 0.832552 0.581944 0.023438 0.052778
6 0.831250 0.552778 0.021875 0.046296
5 0.808333 0.586574 0.044792 0.062037
6 0.811979 0.543519 0.011458 0.037037
5 0.755729 0.585185 0.031250 0.055556
6 0.759635 0.571759 0.022396 0.087963
6 0.875521 0.562037 0.022917 0.062963
5 0.624740 0.635185 0.052604 0.133333
6 0.625521 0.600926 0.050000 0.146296
7 0.352344 0.675926 0.059896 0.262963
7 0.219271 0.536111 0.013542 0.062963
4 0.507292 0.515741 0.016667 0.037037
3 0.279167 0.533796 0.100000 0.110185