10 0.562500 0.500000 0.008333 0.018519
10 0.616667 0.520833 0.008333 0.015741
10 0.573698 0.497222 0.013021 0.018519
7 0.630208 0.536574 0.007292 0.026852
0 0.659115 0.543981 0.036979 0.043519
2 0.503646 0.531481 0.009375 0.016667
0 0.520833 0.531944 0.011458 0.017593
0 0.535156 0.540278 0.017188 0.032407
0 0.568229 0.551852 0.041667 0.062963
5 0.545312 0.574074 0.022917 0.053704
6 0.544010 0.554167 0.020313 0.067593
5 0.490104 0.553241 0.015625 0.045370
6 0.489844 0.541667 0.018229 0.050000
4 0.094271 0.490741 0.068750 0.062963
4 0.163542 0.507407 0.100000 0.070370
7 0.225000 0.526852 0.010417 0.035185
5 0.508594 0.539352 0.006771 0.017593
6 0.508333 0.532407 0.008333 0.018519
3 0.379948 0.524537 0.070312 0.050926
3 0.951042 0.493981 0.097917 0.354630