2 0.261198 0.650463 0.158854 0.271296
5 0.386458 0.775926 0.090625 0.255556
6 0.390625 0.681019 0.084375 0.284259
6 0.400000 0.570370 0.022917 0.061111
5 0.421354 0.630093 0.031250 0.091667
6 0.417969 0.601852 0.035937 0.116667
6 0.427344 0.556019 0.006771 0.021296
6 0.435937 0.543981 0.005208 0.008333
0 0.470833 0.561111 0.019792 0.040741
0 0.451562 0.580093 0.048958 0.075000
1 0.455729 0.533796 0.027083 0.032407
3 0.476302 0.538426 0.010937 0.008333
2 0.479687 0.558333 0.008333 0.035185
2 0.494792 0.559259 0.026042 0.074074
6 0.492448 0.518056 0.006771 0.015741
0 0.526302 0.569444 0.044271 0.074074
5 0.497135 0.616204 0.033854 0.089815
6 0.498958 0.576389 0.034375 0.097222
6 0.495833 0.592130 0.034375 0.099074
0 0.526302 0.568981 0.043229 0.073148
1 0.544531 0.532870 0.022396 0.017593
3 0.551302 0.538426 0.011979 0.006481
0 0.564323 0.539352 0.016146 0.047222
0 0.548698 0.550000 0.019271 0.025926
1 0.574479 0.509722 0.014583 0.017593
4 0.599219 0.532870 0.057813 0.086111
1 0.681771 0.513889 0.107292 0.107407
6 0.788281 0.534259 0.014063 0.038889
0 0.672135 0.556481 0.007812 0.025926
0 0.714583 0.568519 0.091667 0.111111
1 0.892188 0.504630 0.187500 0.285185
0 0.870573 0.606481 0.202604 0.198148
7 0.978125 0.633796 0.043750 0.634259
6 0.646354 0.552778 0.013542 0.070370
5 0.655208 0.568056 0.028125 0.075000
6 0.655990 0.554167 0.021354 0.078704