3 0.257552 0.539815 0.021354 0.044444
6 0.241667 0.547685 0.020833 0.041667
0 0.405208 0.594907 0.138542 0.150926
7 0.501042 0.535648 0.010417 0.032407
7 0.511979 0.532407 0.010417 0.033333
9 0.575000 0.564352 0.013542 0.019444
5 0.636979 0.546759 0.013542 0.039815
7 0.598177 0.527315 0.006771 0.017593
5 0.519531 0.560185 0.016146 0.033333
5 0.506771 0.613889 0.044792 0.083333
6 0.500521 0.586574 0.031250 0.102778
2 0.180729 0.540278 0.058333 0.075000
5 0.232552 0.560185 0.052604 0.033333
5 0.242188 0.587500 0.064583 0.075000
5 0.233333 0.602778 0.057292 0.077778
5 0.196875 0.566667 0.020833 0.029630
5 0.198177 0.602778 0.070312 0.088889
7 0.151042 0.581944 0.030208 0.141667
7 0.089323 0.531944 0.008854 0.025000
5 0.073698 0.594444 0.065104 0.116667
5 0.071094 0.636111 0.077604 0.138889
7 0.017708 0.525463 0.015625 0.093519
0 0.026823 0.707407 0.052604 0.290741