3 0.556250 0.535185 0.012500 0.018519
5 0.596094 0.542130 0.006771 0.017593
2 0.625260 0.546759 0.020313 0.043519
0 0.574479 0.538426 0.023958 0.036111
0 0.490885 0.537963 0.006771 0.014815
1 0.514062 0.522222 0.046875 0.081481
0 0.476302 0.547685 0.027604 0.041667
0 0.445312 0.544907 0.020833 0.036111
0 0.510938 0.574074 0.046875 0.092593
5 0.460677 0.568056 0.010937 0.028704
6 0.458854 0.546759 0.014583 0.039815
6 0.459375 0.549074 0.016667 0.044444
5 0.435156 0.572685 0.016146 0.043519
6 0.436458 0.555093 0.018750 0.056481
5 0.392448 0.630556 0.036979 0.096296
6 0.392969 0.582407 0.031771 0.062963
6 0.388281 0.594444 0.042188 0.124074
5 0.270833 0.666667 0.065625 0.159259
6 0.273958 0.621296 0.051042 0.166667
2 0.828125 0.582870 0.062500 0.102778
5 0.823698 0.621296 0.035937 0.074074
6 0.823698 0.593056 0.026562 0.097222
5 0.078906 0.667130 0.072396 0.162037
4 0.414583 0.553704 0.027083 0.035185