4 0.129167 0.570833 0.097917 0.125000
5 0.140625 0.641667 0.050000 0.096296
6 0.134375 0.608796 0.027083 0.106481
5 0.072917 0.649537 0.031250 0.128704
6 0.070312 0.587500 0.028125 0.075000
7 0.054167 0.712500 0.107292 0.575000
7 0.190365 0.738426 0.085938 0.523148
7 0.434375 0.580093 0.013542 0.043519
5 0.437240 0.624537 0.071354 0.078704
6 0.458854 0.597222 0.019792 0.094444
6 0.438802 0.603704 0.025521 0.098148
0 0.550000 0.548148 0.017708 0.014815
7 0.701302 0.538889 0.009896 0.020370
7 0.714583 0.540278 0.007292 0.015741
7 0.709375 0.537037 0.005208 0.018519
0 0.734635 0.590741 0.050521 0.111111
0 0.801562 0.600926 0.111458 0.155556
7 0.676302 0.542130 0.014063 0.017593
7 0.691406 0.574074 0.020313 0.081481
7 0.658594 0.576852 0.014063 0.062963
7 0.627865 0.566204 0.008854 0.043519
7 0.620833 0.565278 0.008333 0.049074
7 0.612500 0.573611 0.012500 0.065741
7 0.602604 0.569907 0.012500 0.073148
7 0.597396 0.574074 0.015625 0.075926
7 0.586719 0.591204 0.010937 0.043519
7 0.569792 0.545833 0.009375 0.019444
7 0.562240 0.581481 0.014063 0.072222
7 0.574740 0.579167 0.015104 0.073148
7 0.621615 0.586111 0.008854 0.037037
5 0.639844 0.601852 0.022396 0.062963
6 0.633854 0.575926 0.014583 0.074074
6 0.641667 0.583333 0.029167 0.085185
7 0.585417 0.578241 0.008333 0.049074
7 0.580208 0.576389 0.007292 0.052778
0 0.498958 0.561574 0.044792 0.043519
0 0.468490 0.559259 0.017188 0.051852