5 0.038542 0.677315 0.072917 0.178704
5 0.126042 0.604167 0.075000 0.160185
5 0.154427 0.603704 0.070312 0.105556
0 0.331771 0.573148 0.070833 0.074074
6 0.387240 0.563889 0.015104 0.040741
6 0.374219 0.559259 0.022396 0.033333
6 0.396615 0.542130 0.011979 0.026852
1 0.480208 0.519444 0.035417 0.044444
6 0.498437 0.513426 0.009375 0.025000
6 0.493229 0.520370 0.010417 0.029630
6 0.507031 0.503241 0.011979 0.056481
6 0.511198 0.508333 0.013021 0.064815
3 0.510677 0.549074 0.035937 0.059259
0 0.528385 0.544907 0.018229 0.034259
1 0.533854 0.520370 0.041667 0.062963
1 0.559115 0.530093 0.017188 0.028704
0 0.544271 0.554167 0.021875 0.030556
0 0.559115 0.557870 0.031771 0.043519
0 0.587500 0.586111 0.051042 0.096296
3 0.604427 0.546759 0.030729 0.043519
0 0.620313 0.551389 0.010417 0.026852
2 0.634375 0.543981 0.026042 0.034259
0 0.668750 0.560185 0.040625 0.040741
5 0.698177 0.567593 0.016146 0.020370
5 0.714583 0.569444 0.021875 0.031481
0 0.644271 0.635648 0.110417 0.167593
7 0.865885 0.547685 0.031771 0.076852
0 0.510938 0.595370 0.030208 0.107407
5 0.530729 0.616204 0.030208 0.089815
6 0.533854 0.592593 0.023958 0.105556
5 0.553125 0.636574 0.041667 0.128704
6 0.551562 0.605556 0.043750 0.131481
0 0.454948 0.636574 0.124479 0.223148
1 0.876042 0.506019 0.247917 0.334259
0 0.826042 0.757407 0.347917 0.400000
0 0.285156 0.783333 0.374479 0.431481
9 0.573438 0.307407 0.004167 0.005556
9 0.582812 0.320833 0.004167 0.008333
9 0.568490 0.325926 0.002604 0.003704
9 0.563802 0.324074 0.003646 0.005556
9 0.564063 0.328241 0.003125 0.004630
9 0.552604 0.350463 0.003125 0.004630
9 0.551823 0.356944 0.002604 0.004630
9 0.549219 0.369444 0.002604 0.003704
9 0.548698 0.373148 0.002604 0.003704
9 0.547656 0.380093 0.002604 0.004630
9 0.546615 0.385185 0.002604 0.005556
9 0.545573 0.387500 0.003646 0.002778
9 0.544792 0.392593 0.003125 0.005556
9 0.543490 0.397222 0.002604 0.005556
9 0.541146 0.404167 0.003125 0.006481
9 0.537500 0.412500 0.003125 0.004630
9 0.535677 0.414815 0.002604 0.003704
9 0.527083 0.414352 0.002083 0.004630
9 0.550781 0.214815 0.008854 0.014815