0 0.541406 0.536111 0.024479 0.033333
4 0.635938 0.515741 0.033333 0.057407
0 0.668229 0.535185 0.023958 0.031481
0 0.705469 0.537500 0.031771 0.039815
1 0.582812 0.518981 0.037500 0.073148
5 0.554167 0.562500 0.016667 0.047222
6 0.555469 0.549537 0.015104 0.050926
5 0.452865 0.573148 0.018229 0.033333
7 0.441146 0.556944 0.010417 0.058333
6 0.453125 0.561111 0.018750 0.051852
5 0.505729 0.572222 0.017708 0.038889
6 0.506510 0.559259 0.022396 0.064815
6 0.506250 0.555093 0.021875 0.062037
0 0.602865 0.564352 0.053646 0.084259
5 0.524219 0.691204 0.057813 0.150926
6 0.524219 0.626852 0.053646 0.196296
5 0.114062 0.842130 0.170833 0.312037
6 0.122656 0.730556 0.114062 0.333333
10 0.503906 0.515278 0.005729 0.012037