0 0.370312 0.531944 0.025000 0.030556
0 0.391667 0.544907 0.027083 0.036111
5 0.416667 0.556481 0.012500 0.033333
6 0.417187 0.547222 0.012500 0.038889
6 0.451302 0.548148 0.014063 0.040741
5 0.452604 0.560185 0.010417 0.037037
5 0.441667 0.571296 0.015625 0.044444
6 0.441146 0.558796 0.017708 0.054630
5 0.338802 0.534722 0.007812 0.021296
6 0.339323 0.529167 0.008854 0.026852
6 0.286979 0.518981 0.005208 0.015741
0 0.293750 0.533333 0.021875 0.027778
4 0.268750 0.519444 0.014583 0.024074
0 0.249219 0.522222 0.016146 0.025926
2 0.227865 0.512037 0.017188 0.025926
6 0.271354 0.540278 0.019792 0.026852
5 0.271615 0.550463 0.013021 0.013889
4 0.659635 0.525926 0.081771 0.057407
4 0.665885 0.526852 0.069271 0.048148
4 0.699479 0.525463 0.085417 0.043519
4 0.839583 0.533333 0.077083 0.062963
7 0.936719 0.547685 0.009896 0.041667
0 0.786719 0.558796 0.091146 0.076852
2 0.603125 0.544907 0.032292 0.047222
5 0.571354 0.551389 0.010417 0.023148
6 0.572396 0.544444 0.011458 0.033333
6 0.486198 0.535185 0.004687 0.024074
5 0.486458 0.539815 0.008333 0.014815
5 0.277083 0.827315 0.154167 0.343519
6 0.290104 0.751389 0.113542 0.413889
6 0.263802 0.757870 0.150521 0.417593