0 0.432812 0.521296 0.011458 0.012963
7 0.438542 0.522222 0.006250 0.011111
7 0.434115 0.522685 0.005729 0.012037
7 0.429948 0.523148 0.004687 0.009259
3 0.421875 0.520833 0.006250 0.008333
4 0.386198 0.549074 0.049479 0.059259
7 0.292448 0.556944 0.011979 0.030556
7 0.219010 0.527778 0.011979 0.014815
7 0.198437 0.540278 0.018750 0.025000
7 0.386458 0.553241 0.008333 0.013889
6 0.375781 0.556481 0.017188 0.037037
6 0.378646 0.576389 0.027083 0.076852
7 0.285938 0.565278 0.019792 0.065741
7 0.298958 0.563426 0.041667 0.119444
7 0.189062 0.629630 0.053125 0.168519
7 0.397396 0.684722 0.047917 0.302778
7 0.340365 0.747222 0.080729 0.468519
2 0.434375 0.559259 0.042708 0.070370
7 0.445052 0.569907 0.021354 0.056481
7 0.565104 0.575926 0.021875 0.070370
7 0.414844 0.724074 0.081771 0.392593
7 0.569271 0.534722 0.008333 0.013889
0 0.666406 0.563426 0.082812 0.060185
7 0.745573 0.697685 0.032813 0.306481
7 0.697656 0.575926 0.011979 0.035185
7 0.692969 0.691667 0.064062 0.320370
7 0.603906 0.519907 0.055729 0.106481
7 0.652604 0.628704 0.069792 0.266667
7 0.831250 0.583796 0.016667 0.026852
7 0.762240 0.735185 0.070312 0.409259
7 0.844531 0.564815 0.026562 0.051852
7 0.796615 0.762963 0.063021 0.440741
7 0.926302 0.578704 0.022396 0.079630
7 0.979167 0.714815 0.039583 0.338889
7 0.955469 0.716667 0.054688 0.357407
7 0.818750 0.719444 0.342708 0.559259
7 0.620833 0.761574 0.126042 0.475000
7 0.470052 0.779630 0.092188 0.437037
7 0.522135 0.732407 0.158854 0.533333
7 0.110417 0.569907 0.010417 0.028704
7 0.102344 0.574537 0.023438 0.069444
7 0.059115 0.570833 0.022396 0.076852
7 0.083073 0.609259 0.047396 0.177778
7 0.100781 0.570833 0.029687 0.076852
7 0.274479 0.650926 0.158333 0.696296
7 0.256510 0.765741 0.171354 0.466667
7 0.046354 0.750000 0.090625 0.496296
7 0.190625 0.787500 0.204167 0.421296