0 0.522135 0.553241 0.008854 0.021296
5 0.511198 0.555556 0.004687 0.009259
6 0.510156 0.549537 0.004687 0.013889
5 0.514844 0.555093 0.005729 0.010185
6 0.515625 0.550463 0.007292 0.015741
1 0.539062 0.532870 0.034375 0.069444
5 0.500781 0.558333 0.005729 0.012963
0 0.546094 0.560648 0.023438 0.052778
6 0.501563 0.550926 0.007292 0.016667
5 0.493490 0.559259 0.008854 0.020370
5 0.505729 0.558796 0.007292 0.017593
6 0.505990 0.548611 0.007812 0.026852
6 0.493490 0.549537 0.009896 0.028704
5 0.472656 0.560648 0.008854 0.021296
6 0.473438 0.543519 0.010417 0.014815
6 0.471094 0.549074 0.013021 0.037037
0 0.425000 0.559722 0.060417 0.060185
1 0.747396 0.483333 0.394792 0.555556