2 0.471354 0.531481 0.009375 0.022222
7 0.479948 0.531019 0.006771 0.028704
0 0.486979 0.556019 0.015625 0.065741
2 0.504687 0.557407 0.043750 0.100000
2 0.528125 0.530556 0.013542 0.037037
7 0.534635 0.565278 0.020313 0.117593
7 0.550781 0.572685 0.018229 0.102778
7 0.565365 0.566667 0.021354 0.101852
7 0.582552 0.567593 0.022396 0.094444
7 0.603385 0.565741 0.020313 0.092593
7 0.603906 0.565741 0.024479 0.107407
7 0.637760 0.523611 0.008854 0.034259
7 0.630990 0.535648 0.011979 0.060185
7 0.630990 0.563889 0.021354 0.129630
7 0.650260 0.550926 0.018229 0.068519
7 0.639323 0.609259 0.030729 0.150000
7 0.664323 0.603704 0.032813 0.159259
7 0.714323 0.579167 0.018229 0.065741
7 0.747135 0.537500 0.017188 0.063889
7 0.751042 0.593519 0.023958 0.146296
7 0.779167 0.576852 0.012500 0.062963
7 0.788021 0.563426 0.017708 0.037963
7 0.770052 0.583796 0.016146 0.104630
7 0.790625 0.537963 0.012500 0.037037
7 0.783333 0.546759 0.016667 0.076852
7 0.819271 0.542593 0.019792 0.094444
0 0.849740 0.569907 0.063021 0.097222
5 0.866667 0.574074 0.023958 0.053704
5 0.846875 0.628704 0.053125 0.138889
7 0.880208 0.531944 0.010417 0.043519
7 0.845313 0.565278 0.017708 0.097222
7 0.952083 0.515278 0.041667 0.125000
7 0.959896 0.583796 0.043750 0.158333
7 0.887760 0.619907 0.063021 0.204630
7 0.807031 0.722685 0.096354 0.421296
7 0.882031 0.765741 0.084896 0.468519
7 0.930729 0.764352 0.126042 0.471296
7 0.960417 0.591204 0.043750 0.175000
5 0.974219 0.827315 0.051562 0.258333
7 0.736458 0.634722 0.041667 0.221296
7 0.702604 0.656481 0.031250 0.190741
7 0.454688 0.526852 0.009375 0.029630
6 0.469531 0.530556 0.007812 0.022222
5 0.462500 0.562037 0.016667 0.048148
7 0.430990 0.517130 0.006771 0.008333
7 0.438281 0.515741 0.004687 0.007407
7 0.446615 0.523148 0.016146 0.053704
7 0.414323 0.522685 0.006771 0.021296
7 0.407552 0.526852 0.014063 0.040741
7 0.406250 0.546759 0.015625 0.078704
7 0.424479 0.551852 0.011458 0.068519
7 0.428906 0.534259 0.010937 0.025926
7 0.433594 0.564815 0.016146 0.088889
7 0.418490 0.567130 0.020313 0.086111
7 0.374219 0.521759 0.011979 0.039815
7 0.344531 0.527315 0.015104 0.067593
0 0.344531 0.526852 0.021354 0.048148
5 0.384896 0.548148 0.035417 0.051852
5 0.379948 0.555093 0.040104 0.056481
5 0.379948 0.565741 0.033854 0.077778
7 0.301563 0.549074 0.016667 0.087037
5 0.444010 0.588426 0.030729 0.089815
6 0.444792 0.564815 0.027083 0.105556
3 0.015104 0.963426 0.029167 0.073148
6 0.463802 0.537500 0.018229 0.050926