7 0.415885 0.545370 0.017188 0.103704
7 0.639583 0.559259 0.015625 0.100000
7 0.723958 0.517130 0.013542 0.049074
7 0.741667 0.521296 0.011458 0.037037
7 0.788542 0.550463 0.015625 0.071296
7 0.772135 0.552778 0.015104 0.081481
7 0.753646 0.523148 0.009375 0.035185
7 0.763281 0.523611 0.008854 0.034259
7 0.747135 0.517593 0.010937 0.046296
7 0.754948 0.508333 0.007812 0.022222
7 0.775781 0.502778 0.009896 0.020370
7 0.790885 0.510185 0.005729 0.031481
7 0.796875 0.527778 0.012500 0.057407
7 0.782292 0.511574 0.009375 0.030556
7 0.807292 0.542130 0.010417 0.063889
7 0.815625 0.509259 0.010417 0.012963
7 0.894531 0.548611 0.009896 0.062037
7 0.905729 0.537037 0.014583 0.087037
7 0.923438 0.547685 0.011458 0.069444
7 0.975781 0.474537 0.013021 0.054630
7 0.949479 0.543519 0.010417 0.072222
7 0.961198 0.550463 0.011979 0.062037
7 0.974219 0.546296 0.014063 0.070370
7 0.876302 0.509722 0.005729 0.010185
7 0.869271 0.541204 0.011458 0.060185