5 0.045573 0.836574 0.089063 0.321296
5 0.484115 0.641204 0.056771 0.073148
5 0.489323 0.668519 0.041146 0.112963
6 0.485417 0.629167 0.030208 0.119444
6 0.490625 0.627315 0.041667 0.130556
7 0.511198 0.578704 0.020313 0.055556
5 0.540885 0.595370 0.058854 0.081481
7 0.623177 0.587500 0.017188 0.082407
7 0.665625 0.587500 0.016667 0.082407
7 0.700260 0.576389 0.011979 0.045370
7 0.712500 0.575926 0.016667 0.072222
7 0.725781 0.577778 0.016146 0.075926
7 0.735156 0.566667 0.009896 0.053704
7 0.740885 0.591667 0.023438 0.107407
7 0.830990 0.538889 0.018229 0.075926
5 0.731250 0.600463 0.022917 0.078704
7 0.713802 0.593519 0.015104 0.105556
5 0.701042 0.606481 0.022917 0.066667
7 0.682031 0.775463 0.100521 0.432407
7 0.835677 0.611574 0.039062 0.149074
7 0.925000 0.589352 0.045833 0.110185
5 0.862500 0.685648 0.138542 0.219444
5 0.945573 0.730556 0.107813 0.212963
5 0.947656 0.873611 0.102604 0.252778