7 0.357292 0.585185 0.030208 0.216667
5 0.433073 0.679167 0.185938 0.215741
5 0.423438 0.600926 0.080208 0.144444
5 0.735156 0.583796 0.032813 0.056481
5 0.698438 0.580093 0.032292 0.049074
5 0.699219 0.631944 0.036979 0.108333
6 0.699740 0.596759 0.042188 0.125000
6 0.698177 0.560648 0.027604 0.045370
7 0.783073 0.586574 0.019271 0.121296
5 0.806250 0.583333 0.040625 0.061111
5 0.828125 0.575463 0.019792 0.039815
7 0.847135 0.697685 0.054688 0.336111
7 0.876042 0.572685 0.015625 0.049074
7 0.912500 0.605556 0.026042 0.146296
7 0.946094 0.615741 0.035937 0.159259
7 0.941667 0.643056 0.019792 0.119444
7 0.886458 0.717593 0.107292 0.381481
5 0.983073 0.811111 0.033854 0.220370
5 0.965625 0.727778 0.061458 0.181481
7 0.962240 0.624074 0.022396 0.142593
7 0.971094 0.685185 0.035937 0.303704
6 0.991927 0.848148 0.016146 0.125926
7 0.992969 0.607407 0.011979 0.066667