7 0.606510 0.576389 0.015104 0.075000
7 0.613281 0.549074 0.010937 0.024074
7 0.601042 0.569907 0.015625 0.087963
7 0.602344 0.585185 0.011979 0.035185
7 0.605729 0.634259 0.011458 0.074074
7 0.627865 0.640278 0.056771 0.306481
7 0.692187 0.587500 0.026042 0.102778
7 0.670312 0.630093 0.048958 0.193519
5 0.691146 0.558796 0.012500 0.015741
6 0.692448 0.549537 0.011979 0.023148
6 0.707552 0.544444 0.009896 0.024074
6 0.699740 0.562037 0.015104 0.040741
7 0.722917 0.543981 0.009375 0.012037
7 0.727865 0.536111 0.010937 0.022222
7 0.737500 0.538426 0.009375 0.017593
7 0.746094 0.536574 0.007812 0.010185
7 0.754687 0.536111 0.008333 0.012963
6 0.778906 0.535185 0.010937 0.014815
6 0.800521 0.538889 0.011458 0.018519
6 0.810417 0.542593 0.011458 0.022222
6 0.812500 0.551852 0.011458 0.012963
6 0.821615 0.551852 0.017188 0.044444
6 0.828906 0.567593 0.015104 0.033333
0 0.909115 0.571296 0.107813 0.155556
5 0.868490 0.648148 0.060937 0.162963
6 0.838802 0.562500 0.020313 0.065741
6 0.849479 0.560185 0.020833 0.051852
6 0.869792 0.625463 0.073958 0.195370
0 0.785156 0.665278 0.179688 0.250926
5 0.719531 0.810185 0.102604 0.322222
6 0.704948 0.621759 0.064062 0.145370
6 0.695573 0.676852 0.092188 0.242593
6 0.727083 0.720833 0.113542 0.352778
5 0.245833 0.667130 0.067708 0.143519
4 0.419792 0.492593 0.372917 0.866667
4 0.954427 0.617130 0.091146 0.317593
8 0.047656 0.765278 0.058854 0.221296
7 0.117969 0.836111 0.111979 0.327778