13 0.384115 0.397222 0.014063 0.090741
5 0.560677 0.561111 0.019271 0.053704
6 0.559635 0.554630 0.017188 0.061111
6 0.633333 0.539815 0.016667 0.051852
5 0.632812 0.579630 0.037500 0.074074
6 0.642448 0.569907 0.025521 0.084259
2 0.687760 0.565741 0.088021 0.116667
5 0.691146 0.591667 0.033333 0.085185
5 0.707031 0.598611 0.052604 0.097222
6 0.714844 0.559722 0.024479 0.062037
0 0.743750 0.514815 0.027083 0.048148
4 0.915625 0.480093 0.032292 0.049074
4 0.891406 0.493056 0.029687 0.041667
0 0.938021 0.487500 0.014583 0.028704
2 0.932813 0.493981 0.013542 0.028704
0 0.872917 0.529167 0.030208 0.049074
5 0.842969 0.544444 0.017188 0.042593
6 0.844010 0.531019 0.021354 0.052778
0 0.964844 0.522222 0.025521 0.050000
6 0.945052 0.526389 0.015104 0.039815
5 0.947656 0.537500 0.015104 0.039815
5 0.962240 0.537500 0.024479 0.039815
6 0.963802 0.521296 0.017188 0.042593
6 0.977604 0.517130 0.011458 0.039815
7 0.933073 0.540278 0.018229 0.071296
0 0.985677 0.556019 0.027604 0.099074
5 0.960677 0.658796 0.078646 0.158333
6 0.967448 0.625926 0.058854 0.211111
2 0.765885 0.547222 0.059896 0.077778
2 0.804167 0.568056 0.078125 0.119444
0 0.480208 0.582407 0.130208 0.100000
5 0.016146 0.634722 0.031250 0.067593
5 0.054427 0.862500 0.107813 0.275000
6 0.035417 0.882870 0.070833 0.215741
5 0.221875 0.857407 0.194792 0.283333
6 0.225781 0.786574 0.167187 0.426852
6 0.638542 0.524537 0.008333 0.023148
6 0.704688 0.549537 0.011458 0.026852
6 0.954167 0.514815 0.006250 0.025926
3 0.952604 0.484722 0.012500 0.025000