0 0.280469 0.544444 0.056771 0.072222
0 0.451042 0.582870 0.035417 0.099074
7 0.482031 0.547222 0.010937 0.061111
5 0.502344 0.566204 0.030729 0.034259
5 0.535677 0.563889 0.035937 0.040741
7 0.493490 0.714352 0.075521 0.421296
7 0.562760 0.712500 0.074479 0.421296
6 0.767969 0.556944 0.018229 0.026852
6 0.779687 0.553704 0.015625 0.027778
6 0.804167 0.551852 0.009375 0.024074
2 0.837240 0.555093 0.042188 0.036111
0 0.865104 0.559722 0.026042 0.034259
5 0.865365 0.565741 0.015104 0.024074
6 0.865625 0.559722 0.016667 0.028704
6 0.870313 0.560185 0.009375 0.025926
6 0.886979 0.555093 0.007292 0.021296
5 0.883594 0.562963 0.011979 0.014815
6 0.882812 0.555556 0.011458 0.024074
5 0.882292 0.570833 0.013542 0.017593
6 0.879167 0.562963 0.009375 0.024074
7 0.897135 0.563889 0.016146 0.044444
7 0.916927 0.565278 0.017188 0.043519
5 0.933073 0.601852 0.050521 0.061111
6 0.928125 0.581481 0.026042 0.070370
6 0.947396 0.573611 0.023958 0.076852
0 0.848177 0.780556 0.302604 0.437037