2 0.463281 0.535185 0.008854 0.016667
2 0.469531 0.534722 0.007812 0.015741
0 0.485156 0.538426 0.011979 0.015741
0 0.454167 0.535648 0.007292 0.012037
5 0.461719 0.542130 0.004687 0.012037
6 0.462760 0.537963 0.005729 0.016667
5 0.475000 0.539352 0.003125 0.008333
6 0.475260 0.535648 0.003646 0.012037
6 0.449219 0.543981 0.007812 0.023148
5 0.454948 0.577315 0.020313 0.056481
5 0.441146 0.565741 0.010417 0.038889
6 0.454688 0.566204 0.018750 0.056481
6 0.430990 0.544907 0.006771 0.019444
5 0.426823 0.577315 0.016146 0.047222
6 0.441146 0.556019 0.009375 0.043519
6 0.427604 0.567130 0.015625 0.052778
7 0.404167 0.550926 0.007292 0.038889
2 0.388802 0.547222 0.024479 0.053704
7 0.398958 0.558333 0.010417 0.046296
7 0.329167 0.580556 0.015625 0.070370
5 0.264323 0.653241 0.052604 0.132407
6 0.265365 0.616204 0.041146 0.139815
3 0.211979 0.569444 0.031250 0.096296
0 0.590885 0.556019 0.030729 0.047222
7 0.664844 0.557870 0.006771 0.036111
7 0.659896 0.556944 0.008333 0.036111
5 0.657031 0.562963 0.008854 0.027778
6 0.673958 0.552778 0.011458 0.033333
0 0.738281 0.546296 0.026562 0.020370
0 0.753906 0.560185 0.033854 0.042593
0 0.912240 0.570833 0.072396 0.073148
0 0.848698 0.580093 0.058854 0.069444
5 0.819792 0.598148 0.030208 0.057407
6 0.813281 0.575463 0.016146 0.069444
6 0.820312 0.578704 0.022917 0.074074
5 0.955729 0.630093 0.057292 0.099074
6 0.952344 0.598611 0.027604 0.123148
5 0.979688 0.686111 0.040625 0.131481
6 0.986458 0.614352 0.026042 0.173148
0 0.714583 0.593519 0.095833 0.111111
2 0.420573 0.543519 0.010937 0.025926
4 0.439063 0.541204 0.012500 0.025000
7 0.544010 0.539352 0.003646 0.013889