7 0.279167 0.618056 0.042708 0.136111
7 0.260677 0.629630 0.054688 0.138889
7 0.227083 0.633333 0.039583 0.146296
7 0.210938 0.642593 0.025000 0.137037
7 0.195573 0.665741 0.035937 0.270370
7 0.091667 0.705556 0.034375 0.222222
7 0.116927 0.689815 0.057813 0.292593
7 0.140885 0.690278 0.083854 0.354630
7 0.171094 0.696296 0.086979 0.370370
7 0.056771 0.675463 0.067708 0.358333
5 0.027344 0.729630 0.029687 0.138889
7 0.325000 0.668519 0.054167 0.255556
7 0.361979 0.650000 0.063542 0.307407
7 0.360156 0.673611 0.063021 0.230556
7 0.452604 0.655093 0.041667 0.232407
7 0.493229 0.643056 0.047917 0.237963
5 0.622917 0.617593 0.046875 0.140741
6 0.631510 0.553241 0.014063 0.078704
6 0.622917 0.584259 0.046875 0.135185
7 0.667708 0.588889 0.033333 0.164815
7 0.813021 0.502315 0.013542 0.041667
7 0.843750 0.508796 0.010417 0.034259
7 0.830990 0.508333 0.018229 0.038889
4 0.829688 0.487037 0.080208 0.074074
1 0.762240 0.481481 0.098437 0.090741
2 0.686458 0.503241 0.027083 0.054630
5 0.657031 0.511574 0.011979 0.036111
0 0.884375 0.490741 0.035417 0.057407
7 0.809635 0.635185 0.046354 0.238889
7 0.869271 0.707407 0.084375 0.325926
7 0.928906 0.689352 0.063021 0.317593
7 0.974479 0.675463 0.051042 0.302778
7 0.501823 0.531944 0.015104 0.060185
7 0.451302 0.543519 0.024479 0.077778
7 0.429427 0.520833 0.010937 0.025000
7 0.415104 0.517593 0.013542 0.035185
7 0.423438 0.528704 0.008333 0.011111
7 0.393750 0.519444 0.010417 0.029630
0 0.484635 0.521296 0.043229 0.044444
0 0.460677 0.522222 0.020313 0.038889
0 0.409635 0.519907 0.031771 0.026852
0 0.366146 0.521759 0.051042 0.025000
0 0.357812 0.518981 0.041667 0.034259
6 0.425000 0.512963 0.006250 0.016667
6 0.436979 0.518519 0.010417 0.027778
6 0.472396 0.523148 0.013542 0.038889
6 0.476042 0.531944 0.019792 0.056481
4 0.389844 0.494444 0.031771 0.042593
5 0.416667 0.539815 0.019792 0.033333
5 0.472656 0.540741 0.016146 0.031481