9 0.631250 0.010648 0.006250 0.017593
9 0.691146 0.021759 0.006250 0.010185
9 0.703646 0.019907 0.006250 0.010185
9 0.714063 0.015278 0.004167 0.008333
9 0.750781 0.004630 0.007812 0.007407
9 0.683594 0.039815 0.005729 0.014815
9 0.676302 0.076389 0.007812 0.008333
9 0.670052 0.096296 0.004687 0.007407
9 0.666667 0.117593 0.004167 0.012963
9 0.654687 0.162037 0.006250 0.012963
9 0.653385 0.168056 0.006771 0.010185
9 0.645052 0.200463 0.007812 0.008333
9 0.642188 0.212500 0.007292 0.006481
9 0.639323 0.218056 0.005729 0.006481
9 0.637500 0.224537 0.005208 0.006481
9 0.635417 0.234259 0.005208 0.007407
9 0.633333 0.241204 0.004167 0.006481
9 0.627604 0.256481 0.004167 0.009259
9 0.622917 0.269444 0.004167 0.007407
9 0.616667 0.286111 0.005208 0.011111
9 0.619271 0.279167 0.006250 0.008333
9 0.609896 0.300926 0.004167 0.007407
9 0.605469 0.308333 0.003646 0.007407
9 0.602083 0.315278 0.005208 0.008333
1 0.651823 0.513889 0.075521 0.068519
1 0.604948 0.526389 0.020313 0.019444
5 0.723958 0.569907 0.016667 0.039815
6 0.725781 0.559259 0.014063 0.046296
2 0.740365 0.541204 0.030729 0.032407
0 0.758333 0.570833 0.060417 0.067593
7 0.802604 0.551389 0.012500 0.028704
5 0.815625 0.553704 0.008333 0.016667
6 0.830729 0.548148 0.016667 0.025926
6 0.848958 0.546759 0.026042 0.047222
6 0.904948 0.562963 0.015104 0.042593
5 0.904167 0.568519 0.010417 0.016667
5 0.958594 0.604630 0.043229 0.057407
7 0.948698 0.591667 0.021354 0.092593
5 0.987760 0.595833 0.024479 0.054630
0 0.584375 0.555556 0.026042 0.050000
6 0.573698 0.532407 0.006771 0.012963
0 0.608073 0.574537 0.054688 0.091667
0 0.665104 0.608333 0.105208 0.142593
0 0.824740 0.700926 0.242188 0.285185
1 0.570573 0.520370 0.049479 0.087037
6 0.571094 0.594444 0.027604 0.129630
5 0.573698 0.620833 0.023438 0.108333
1 0.509375 0.508333 0.036458 0.029630
6 0.535677 0.494907 0.013021 0.056481
6 0.538542 0.496296 0.016667 0.053704
3 0.547917 0.527778 0.023958 0.027778
7 0.438542 0.540741 0.007292 0.025926
7 0.444271 0.532870 0.005208 0.008333
6 0.449740 0.532870 0.005729 0.012037
6 0.441406 0.550463 0.016146 0.026852
0 0.503646 0.579630 0.129167 0.127778
5 0.179688 0.700000 0.081250 0.198148
6 0.184635 0.643981 0.055729 0.200926
7 0.209896 0.539352 0.023958 0.160185
5 0.354948 0.588426 0.031771 0.073148
5 0.371094 0.570833 0.018229 0.049074
0 0.452083 0.779630 0.320833 0.440741
0 0.975260 0.898148 0.049479 0.203704