7 0.445573 0.493981 0.005729 0.023148
7 0.488021 0.500926 0.005208 0.011111
0 0.506510 0.502778 0.017188 0.020370
7 0.520312 0.505556 0.005208 0.022222
7 0.525260 0.512500 0.006771 0.023148
6 0.525521 0.500000 0.005208 0.014815
7 0.535937 0.495833 0.006250 0.012037
7 0.531510 0.507870 0.008854 0.030556
7 0.536458 0.508333 0.006250 0.027778
7 0.538542 0.511574 0.007292 0.023148
7 0.550000 0.509722 0.014583 0.026852
4 0.663021 0.552778 0.093750 0.162963
7 0.721354 0.514815 0.018750 0.103704
7 0.730208 0.514352 0.015625 0.100926
7 0.749740 0.511111 0.021354 0.107407
7 0.854948 0.494444 0.013021 0.025926
0 0.942187 0.506944 0.022917 0.030556
0 0.919792 0.521759 0.023958 0.043519
7 0.978385 0.504167 0.006771 0.034259
7 0.942448 0.510648 0.010937 0.037963
7 0.934115 0.517130 0.007812 0.041667
5 0.984896 0.513426 0.009375 0.023148
6 0.985417 0.507870 0.008333 0.032407
6 0.924740 0.529167 0.010937 0.030556
7 0.868229 0.482407 0.026042 0.044444
7 0.888021 0.506019 0.022917 0.123148
7 0.735417 0.640741 0.040625 0.187037
5 0.924479 0.543981 0.012500 0.021296
5 0.925260 0.601852 0.097396 0.129630
6 0.946615 0.616204 0.099479 0.145370
5 0.962500 0.647222 0.067708 0.122222
5 0.975000 0.661574 0.050000 0.121296
7 0.993490 0.626389 0.011979 0.084259
8 0.690885 0.671759 0.024479 0.150926
6 0.685677 0.591667 0.035937 0.133333
2 0.505469 0.518519 0.038021 0.014815
4 0.466146 0.501389 0.040625 0.086111
7 0.483073 0.515741 0.008854 0.029630
7 0.455729 0.526389 0.010417 0.017593
7 0.445052 0.513889 0.006771 0.029630
7 0.325260 0.555556 0.017188 0.079630
7 0.317448 0.562963 0.010937 0.075926
3 0.350781 0.563889 0.050521 0.109259
7 0.379688 0.613426 0.025000 0.117593
7 0.431771 0.592130 0.022917 0.119444
7 0.455208 0.593981 0.036458 0.126852
7 0.289062 0.627315 0.022917 0.171296
7 0.250260 0.713426 0.051562 0.371296
7 0.298438 0.857870 0.063542 0.282407
7 0.332031 0.701852 0.054688 0.325926
7 0.337760 0.708333 0.058854 0.292593
2 0.571875 0.683333 0.258333 0.337037
7 0.411979 0.722222 0.138542 0.553704
7 0.332813 0.920370 0.023958 0.157407
5 0.154167 0.718519 0.104167 0.218519
5 0.063802 0.719444 0.085938 0.207407
5 0.049740 0.830556 0.094271 0.307407
5 0.041146 0.906944 0.081250 0.184259
7 0.215625 0.756944 0.076042 0.389815
7 0.162240 0.834259 0.054688 0.329630
7 0.121354 0.836574 0.087500 0.323148
0 0.495312 0.504630 0.011458 0.016667