7 0.203125 0.598611 0.023958 0.136111
7 0.208594 0.578241 0.016146 0.078704
7 0.221094 0.642130 0.020313 0.113889
7 0.247396 0.608796 0.038542 0.187963
4 0.483333 0.515741 0.032292 0.031481
1 0.545833 0.508333 0.057292 0.079630
4 0.747917 0.526852 0.038542 0.042593
1 0.763542 0.518981 0.070833 0.052778
0 0.801302 0.551852 0.060937 0.035185
0 0.834375 0.549537 0.020833 0.015741
7 0.840104 0.543519 0.005208 0.007407
0 0.902083 0.542593 0.046875 0.012963
2 0.926562 0.534259 0.010417 0.011111
2 0.965885 0.533796 0.068229 0.026852
1 0.884115 0.508796 0.114062 0.063889
0 0.743750 0.539815 0.025000 0.009259
1 0.969531 0.503704 0.060937 0.074074
3 0.533854 0.534722 0.067708 0.043519
0 0.737500 0.640741 0.141667 0.198148
2 0.472396 0.536574 0.041667 0.041667
2 0.494792 0.538426 0.014583 0.034259
7 0.515365 0.503241 0.008854 0.028704
7 0.513281 0.512037 0.013021 0.029630
7 0.522135 0.491204 0.017188 0.065741
7 0.526302 0.494444 0.026562 0.070370
0 0.541406 0.557407 0.066146 0.035185
0 0.441667 0.563426 0.064583 0.086111
5 0.400781 0.711111 0.042188 0.125926
6 0.411198 0.608796 0.045312 0.132407
2 0.330990 0.607870 0.169271 0.276852
5 0.313281 0.729630 0.107813 0.227778
6 0.324219 0.683333 0.083854 0.288889
0 0.509375 0.735648 0.228125 0.362037
0 0.862500 0.770370 0.275000 0.459259
2 0.114844 0.718056 0.228646 0.563889
1 0.650260 0.530556 0.153646 0.251852