5 0.260417 0.512500 0.080208 0.199074
5 0.305208 0.511574 0.060417 0.149074
5 0.412500 0.424074 0.019792 0.044444
6 0.381250 0.420833 0.011458 0.041667
6 0.467708 0.395370 0.009375 0.020370
2 0.497917 0.400926 0.020833 0.035185
7 0.561458 0.416204 0.011458 0.062037
0 0.516146 0.423148 0.053125 0.083333
7 0.569792 0.413889 0.013542 0.070370
5 0.516146 0.461574 0.034375 0.086111
5 0.578646 0.422222 0.013542 0.040741
6 0.515625 0.433333 0.033333 0.094444
5 0.458594 0.444907 0.033854 0.086111
6 0.452865 0.405556 0.017188 0.050000
5 0.632292 0.493981 0.054167 0.169444
6 0.460417 0.427778 0.027083 0.090741
5 0.390365 0.596759 0.096354 0.245370
6 0.399479 0.518056 0.072917 0.275000