7 0.490625 0.362963 0.010417 0.029630
5 0.532292 0.364815 0.012500 0.025926
6 0.530729 0.351852 0.009375 0.027778
2 0.511458 0.391667 0.021875 0.059259
5 0.538281 0.399074 0.011979 0.035185
6 0.539323 0.383796 0.006771 0.032407
5 0.499740 0.414815 0.019271 0.040741
6 0.498958 0.399074 0.014583 0.042593
5 0.563802 0.416204 0.014063 0.037963
6 0.562500 0.396296 0.013542 0.040741
5 0.573438 0.435648 0.017708 0.065741
6 0.573698 0.418056 0.015104 0.060185
5 0.537240 0.556481 0.051562 0.179630
6 0.541406 0.497685 0.054688 0.169444
5 0.751563 0.449074 0.031250 0.090741
5 0.845573 0.372685 0.016146 0.045370