1 0.028125 0.365278 0.004167 0.008333
7 0.047917 0.371296 0.004167 0.012963
1 0.085677 0.363426 0.053646 0.097222
1 0.021875 0.368056 0.005208 0.012037
1 0.013542 0.374074 0.006250 0.012963
5 0.005990 0.400926 0.009896 0.029630
6 0.003906 0.392593 0.006771 0.035185
5 0.024740 0.377315 0.002604 0.004630
6 0.025000 0.375000 0.002083 0.005556
5 0.032813 0.379167 0.004167 0.008333
6 0.032292 0.375000 0.003125 0.009259
7 0.036719 0.373611 0.003646 0.008333
5 0.281250 0.443519 0.044792 0.090741
6 0.305208 0.433796 0.031250 0.136111
0 0.207292 0.592130 0.390625 0.362037
0 0.119792 0.737963 0.237500 0.516667
5 0.925521 0.568981 0.148958 0.199074
6 0.941146 0.526852 0.090625 0.246296