1 0.479167 0.377315 0.066667 0.043519
0 0.527604 0.378241 0.015625 0.013889
0 0.538021 0.390278 0.023958 0.030556
2 0.557292 0.402315 0.023958 0.054630
6 0.454427 0.388426 0.004687 0.010185
6 0.450521 0.394444 0.007292 0.020370
5 0.456510 0.396296 0.006771 0.016667
5 0.452865 0.401389 0.011979 0.017593
0 0.473177 0.395833 0.029687 0.032407
0 0.509896 0.393981 0.027083 0.030556
5 0.538802 0.402315 0.014063 0.032407
6 0.539583 0.393519 0.011458 0.029630
5 0.528906 0.417593 0.015104 0.048148
6 0.528125 0.406019 0.016667 0.050926
8 0.446875 0.422222 0.009375 0.031481
6 0.445833 0.412500 0.010417 0.043519
1 0.603646 0.360648 0.022917 0.080556
1 0.642969 0.347222 0.059896 0.107407
1 0.770052 0.397685 0.195312 0.334259
1 0.928125 0.416204 0.142708 0.669444
0 0.642448 0.558796 0.207813 0.328704