4 0.377083 0.353241 0.028125 0.037963
1 0.397135 0.363426 0.028646 0.078704
1 0.431771 0.357870 0.067708 0.084259
0 0.301563 0.433796 0.043750 0.049074
0 0.196094 0.559722 0.191146 0.282407
7 0.503385 0.375463 0.015104 0.026852
6 0.542969 0.362963 0.017188 0.050000
6 0.522656 0.371296 0.016146 0.024074
5 0.040104 0.858333 0.079167 0.283333
6 0.014844 0.792593 0.028646 0.414815
8 0.979427 0.574537 0.040104 0.221296
5 0.828125 0.700926 0.221875 0.485185
6 0.828125 0.536111 0.166667 0.512963
0 0.442448 0.684259 0.585938 0.631481