1 0.485156 0.386574 0.024479 0.030556
6 0.494531 0.395833 0.008854 0.017593
0 0.476823 0.429167 0.039062 0.063889
5 0.440885 0.433796 0.022396 0.050926
6 0.444010 0.424074 0.013021 0.061111
6 0.439323 0.426852 0.019271 0.062963
0 0.397396 0.455556 0.083333 0.112963
5 0.227604 0.519907 0.054167 0.115741
6 0.229167 0.498148 0.038542 0.109259
5 0.090365 0.620833 0.102604 0.200926
6 0.086719 0.568056 0.075521 0.197222
4 0.623177 0.443056 0.330729 0.562037
0 0.944531 0.522685 0.110937 0.273148
10 0.294531 0.533796 0.048438 0.202778