3 0.110937 0.512037 0.220833 0.520370
2 0.390365 0.408796 0.042188 0.084259
0 0.417187 0.414352 0.018750 0.067593
5 0.490365 0.406944 0.020313 0.045370
5 0.564844 0.478704 0.044271 0.125926
5 0.605469 0.437037 0.027604 0.088889
5 0.629167 0.418056 0.028125 0.082407
0 0.592708 0.381019 0.011458 0.013889
1 0.540365 0.370833 0.027604 0.045370
5 0.439583 0.604167 0.095833 0.276852
6 0.441146 0.524074 0.083333 0.272222
5 0.482292 0.389815 0.017708 0.025926
6 0.491667 0.390741 0.020833 0.040741
6 0.601042 0.422685 0.032292 0.097222
0 0.521875 0.396759 0.051042 0.089815
6 0.559635 0.372222 0.009896 0.024074
5 0.550781 0.396759 0.011979 0.032407
6 0.549740 0.387963 0.009896 0.042593
6 0.548958 0.371296 0.012500 0.024074
3 0.570833 0.375000 0.012500 0.031481