10 0.475260 0.336574 0.010937 0.026852
10 0.500521 0.331944 0.010417 0.028704
10 0.529167 0.335185 0.014583 0.035185
7 0.606771 0.300463 0.014583 0.026852
7 0.543229 0.345833 0.014583 0.037963
10 0.432552 0.331944 0.008854 0.012037
3 0.079427 0.175463 0.090104 0.330556
1 0.169531 0.272685 0.070312 0.123148
1 0.314323 0.345370 0.230729 0.492593
1 0.018490 0.268519 0.035937 0.253704
0 0.084635 0.444907 0.169271 0.295370
0 0.216406 0.640278 0.431771 0.713889
10 0.711458 0.608333 0.044792 0.203704
10 0.438281 0.362500 0.016146 0.043519