4 0.924219 0.229167 0.152604 0.223148
10 0.830729 0.248148 0.012500 0.048148
0 0.841667 0.308333 0.029167 0.040741
6 0.835156 0.299537 0.017188 0.032407
6 0.793490 0.286111 0.020313 0.077778
6 0.803125 0.282870 0.044792 0.080556
5 0.773438 0.309259 0.013542 0.014815
0 0.762760 0.307407 0.022396 0.022222
6 0.777083 0.308796 0.008333 0.017593
6 0.758333 0.306019 0.020833 0.028704
0 0.714063 0.309722 0.093750 0.034259
0 0.661719 0.315278 0.023438 0.026852
5 0.699740 0.311574 0.022396 0.026852
6 0.721875 0.278704 0.052083 0.081481
0 0.566667 0.456481 0.184375 0.368519
10 0.583854 0.266204 0.020833 0.034259
2 0.226302 0.503241 0.222396 0.423148
2 0.803385 0.656481 0.394271 0.683333