2 0.445052 0.417130 0.041146 0.060185
7 0.392448 0.430093 0.017188 0.073148
5 0.366667 0.438426 0.017708 0.049074
6 0.361198 0.412963 0.016146 0.027778
2 0.270052 0.576852 0.205729 0.366667
5 0.586458 0.454630 0.036458 0.053704
6 0.591406 0.435185 0.021354 0.075926
3 0.667448 0.437963 0.065104 0.066667
6 0.738542 0.414352 0.016667 0.039815
5 0.744531 0.444907 0.040104 0.063889
7 0.605469 0.452315 0.014063 0.097222
7 0.624479 0.458333 0.012500 0.103704
7 0.611979 0.471296 0.039583 0.159259
5 0.663281 0.508796 0.046354 0.121296
7 0.673438 0.466667 0.018750 0.062963