0 0.073698 0.421759 0.045312 0.058333
2 0.044271 0.444907 0.038542 0.091667
5 0.022656 0.483796 0.043229 0.080556
5 0.022917 0.522222 0.043750 0.077778
6 0.121875 0.404630 0.008333 0.018519
2 0.141927 0.514352 0.116146 0.223148
2 0.141146 0.398611 0.037500 0.017593
4 0.288542 0.401852 0.144792 0.209259
5 0.276562 0.543056 0.063542 0.163889
6 0.271615 0.489352 0.058854 0.163889
2 0.400781 0.432407 0.118229 0.177778
0 0.657292 0.456944 0.133333 0.202778
5 0.746094 0.501852 0.114062 0.151852
7 0.393750 0.472222 0.035417 0.161111