4 0.514583 0.424537 0.026042 0.078704
4 0.648438 0.400926 0.008333 0.020370
0 0.657813 0.415278 0.011458 0.028704
0 0.663021 0.420833 0.012500 0.037963
7 0.668229 0.409722 0.010417 0.045370
2 0.622917 0.406944 0.011458 0.026852
6 0.631510 0.412037 0.010937 0.040741
5 0.632292 0.419907 0.011458 0.026852
5 0.641146 0.424074 0.012500 0.035185
6 0.642188 0.416204 0.014583 0.039815
6 0.616406 0.410185 0.014063 0.029630
5 0.617448 0.423611 0.014063 0.030556
4 0.463542 0.413426 0.089583 0.150926
1 0.400781 0.442130 0.123438 0.189815
0 0.559115 0.450926 0.078646 0.157407
6 0.603646 0.503241 0.066667 0.223148
5 0.602344 0.566204 0.078646 0.210185
5 0.442188 0.774074 0.177083 0.448148
6 0.451302 0.684722 0.156771 0.519444