7 0.429688 0.458796 0.009375 0.036111
2 0.452344 0.467593 0.036979 0.068519
5 0.478906 0.469444 0.019271 0.042593
5 0.440104 0.488426 0.025000 0.049074
6 0.436198 0.475000 0.014063 0.055556
5 0.603385 0.481019 0.035937 0.069444
7 0.658854 0.468056 0.014583 0.108333
7 0.627604 0.477778 0.022917 0.114815
5 0.733594 0.569444 0.073438 0.198148
5 0.858073 0.562963 0.117188 0.187037
5 0.970833 0.595370 0.055208 0.148148
5 0.296615 0.537963 0.008854 0.038889
4 0.367188 0.470370 0.129167 0.262963
0 0.536198 0.524537 0.131771 0.228704