7 0.238021 0.394907 0.021875 0.080556
10 0.591146 0.340741 0.010417 0.014815
0 0.513542 0.368056 0.022917 0.021296
1 0.537500 0.362500 0.023958 0.032407
2 0.553125 0.365741 0.012500 0.018519
5 0.576042 0.365741 0.010417 0.007407
6 0.573698 0.361111 0.005729 0.014815
6 0.577344 0.360185 0.005729 0.016667
5 0.516927 0.373148 0.007812 0.014815
5 0.523958 0.375926 0.008333 0.018519
6 0.515365 0.366667 0.006771 0.012963
6 0.524740 0.366204 0.006771 0.015741
0 0.547917 0.370370 0.017708 0.014815
0 0.544531 0.384722 0.042188 0.025000
6 0.543750 0.369907 0.007292 0.006481
6 0.566667 0.384259 0.019792 0.024074
5 0.473438 0.428241 0.019792 0.049074
6 0.471615 0.408796 0.022396 0.060185
5 0.720573 0.582870 0.095312 0.252778
6 0.720833 0.514352 0.075000 0.236111
5 0.942969 0.674074 0.111979 0.346296
6 0.947917 0.569907 0.104167 0.345370
2 0.377865 0.433796 0.056771 0.108333
0 0.546094 0.587963 0.228646 0.387037
0 0.303906 0.577778 0.221354 0.290741
10 0.811979 0.229167 0.062500 0.100926