2 0.384635 0.416667 0.009896 0.012963
4 0.394531 0.404630 0.013021 0.044444
4 0.419010 0.382407 0.040104 0.044444
0 0.411458 0.410185 0.040625 0.035185
1 0.441146 0.406481 0.023958 0.105556
0 0.398958 0.426389 0.045833 0.012037
0 0.301302 0.455093 0.043229 0.049074
0 0.361979 0.426389 0.032292 0.015741
0 0.315104 0.497685 0.093750 0.136111
0 0.365104 0.564352 0.169792 0.284259
1 0.168750 0.460648 0.127083 0.126852
0 0.147396 0.521759 0.159375 0.121296
0 0.133333 0.742593 0.265625 0.511111
1 0.680990 0.388426 0.489063 0.775000