2 0.575000 0.459722 0.021875 0.065741
2 0.653646 0.493519 0.067708 0.151852
7 0.485938 0.442130 0.009375 0.019444
6 0.483333 0.467593 0.013542 0.044444
5 0.494531 0.490278 0.026562 0.065741
6 0.489063 0.474074 0.025000 0.068519
0 0.539323 0.482407 0.081771 0.140741
5 0.449740 0.482407 0.015104 0.050000
5 0.455208 0.491204 0.021875 0.054630
5 0.426302 0.529630 0.036979 0.100000
6 0.427344 0.492130 0.035937 0.095370
7 0.246875 0.538889 0.043750 0.192593
5 0.312240 0.520370 0.030729 0.051852
7 0.153646 0.538426 0.048958 0.234259
5 0.053125 0.692130 0.105208 0.273148
8 0.074219 0.856944 0.147396 0.280556
6 0.042448 0.785648 0.083854 0.428704
5 0.291667 0.678241 0.091667 0.245370
6 0.289844 0.583796 0.089063 0.254630
5 0.617448 0.824537 0.151562 0.345370
6 0.616667 0.564815 0.146875 0.279630
5 0.596094 0.495833 0.009896 0.025000
5 0.826302 0.626852 0.116146 0.298148
5 0.961458 0.809722 0.077083 0.380556