5 0.331771 0.412037 0.010417 0.027778
6 0.331510 0.399074 0.009896 0.031481
5 0.264844 0.436111 0.016146 0.042593
6 0.263802 0.417593 0.011979 0.051852
5 0.489844 0.480093 0.101562 0.145370
7 0.464062 0.398611 0.017708 0.071296
6 0.486719 0.459722 0.041146 0.186111
7 0.399219 0.433796 0.018229 0.084259
10 0.376042 0.347685 0.023958 0.050926
7 0.216406 0.665278 0.068229 0.223148
7 0.179427 0.642130 0.109896 0.387963
7 0.085677 0.635185 0.099479 0.375926
7 0.525781 0.511111 0.044271 0.205556
7 0.472656 0.497685 0.046354 0.228704
0 0.740625 0.466667 0.286458 0.209259