0 0.775781 0.501852 0.048438 0.100000
0 0.726302 0.564352 0.105729 0.199074
2 0.583073 0.484722 0.081771 0.036111
5 0.470833 0.530556 0.011458 0.020370
6 0.451823 0.511574 0.028646 0.067593
7 0.266667 0.547222 0.039583 0.094444
5 0.146094 0.630556 0.042188 0.118519
6 0.146094 0.591204 0.043229 0.134259
4 0.059115 0.541667 0.117188 0.262963
0 0.361979 0.652315 0.268750 0.297222
0 0.626823 0.738426 0.340104 0.523148
5 0.103385 0.800000 0.203646 0.340741
6 0.054427 0.809722 0.106771 0.328704
6 0.091927 0.761111 0.181771 0.409259