4 0.416146 0.506481 0.026042 0.042593
0 0.417708 0.539815 0.011458 0.040741
6 0.433333 0.509722 0.009375 0.023148
5 0.435417 0.525926 0.009375 0.022222
2 0.453125 0.521296 0.014583 0.038889
2 0.466406 0.518056 0.022396 0.037963
2 0.533073 0.529630 0.045312 0.094444
5 0.429948 0.558796 0.020313 0.056481
6 0.429167 0.536574 0.023958 0.065741
2 0.391927 0.557870 0.056771 0.126852
5 0.392448 0.587037 0.035937 0.120370
6 0.389844 0.548148 0.041146 0.116667
6 0.328646 0.521759 0.005208 0.010185
0 0.324740 0.576852 0.074479 0.107407
7 0.234635 0.619444 0.048438 0.153704