3 0.346615 0.453704 0.053646 0.050000
3 0.308333 0.470833 0.057292 0.113889
4 0.200000 0.549537 0.184375 0.282407
4 0.290625 0.478241 0.042708 0.128704
0 0.129427 0.745370 0.257812 0.425926
2 0.370573 0.565741 0.110937 0.203704
2 0.432292 0.736574 0.236458 0.526852
7 0.396615 0.457407 0.008854 0.024074
0 0.413281 0.458333 0.018229 0.027778
7 0.461458 0.457407 0.011458 0.040741
5 0.510938 0.461574 0.025000 0.052778
7 0.526823 0.453704 0.010937 0.059259
7 0.868229 0.408796 0.021875 0.037963
3 0.803385 0.388889 0.117188 0.077778
7 0.859635 0.471759 0.021354 0.123148