5 0.466667 0.436574 0.020833 0.039815
6 0.469531 0.398148 0.018229 0.055556
0 0.670573 0.433796 0.041146 0.091667
7 0.695312 0.402315 0.013542 0.054630
5 0.645573 0.476852 0.056771 0.148148
6 0.629948 0.421759 0.024479 0.149074
6 0.643750 0.442593 0.047917 0.151852
5 0.571094 0.434259 0.011979 0.048148
6 0.569010 0.400000 0.016146 0.050000
5 0.554427 0.468056 0.038021 0.106481
6 0.555729 0.407870 0.040625 0.106481
5 0.746875 0.646296 0.106250 0.322222
6 0.699479 0.520833 0.045833 0.304630
6 0.741667 0.546759 0.096875 0.347222
5 0.486979 0.603704 0.101042 0.290741
6 0.488021 0.512037 0.086458 0.279630
2 0.223438 0.666667 0.336458 0.577778