6 0.587760 0.395370 0.011979 0.029630
5 0.587500 0.401389 0.014583 0.021296
5 0.616927 0.425926 0.019271 0.046296
6 0.617448 0.418519 0.016146 0.064815
7 0.642969 0.436574 0.013021 0.069444
5 0.659635 0.458333 0.034896 0.072222
6 0.652083 0.438889 0.021875 0.083333
6 0.531771 0.396759 0.012500 0.021296
6 0.508333 0.397222 0.011458 0.024074
5 0.501563 0.405093 0.014583 0.028704
0 0.442188 0.458333 0.076042 0.112963
0 0.543490 0.548148 0.178646 0.288889
5 0.390885 0.500000 0.049479 0.129630
5 0.326302 0.508796 0.050521 0.119444
6 0.397135 0.463426 0.029687 0.147222
6 0.333594 0.477315 0.033854 0.136111
6 0.324479 0.478704 0.044792 0.142593
5 0.850781 0.770370 0.198437 0.459259
6 0.845052 0.654167 0.156771 0.484259