1 0.481771 0.432407 0.021875 0.042593
0 0.475000 0.474074 0.029167 0.066667
5 0.446615 0.476852 0.020313 0.055556
6 0.438542 0.460185 0.015625 0.042593
6 0.447135 0.460648 0.010937 0.043519
0 0.398438 0.504167 0.079167 0.110185
10 0.452865 0.529630 0.007812 0.012963
10 0.322917 0.644444 0.015625 0.029630
10 0.282292 0.580093 0.042708 0.219444
5 0.231510 0.569444 0.046354 0.116667
6 0.229687 0.546759 0.037500 0.121296
1 0.740104 0.414815 0.043750 0.159259
4 0.615104 0.490741 0.333333 0.583333
0 0.943229 0.578704 0.113542 0.312963