0 0.365365 0.411111 0.031771 0.050000
5 0.324219 0.415741 0.017188 0.037037
0 0.412240 0.378241 0.013021 0.015741
0 0.421094 0.382870 0.007812 0.012037
5 0.398698 0.379630 0.008854 0.014815
5 0.317188 0.487500 0.028125 0.093519
0 0.244010 0.490741 0.123438 0.125926
0 0.174479 0.605093 0.195833 0.250926
0 0.072396 0.563889 0.143750 0.264815
0 0.428125 0.392130 0.018750 0.026852
5 0.436458 0.421296 0.018750 0.025926
6 0.434635 0.406019 0.009896 0.025000
5 0.459115 0.446759 0.017188 0.045370
6 0.459896 0.431019 0.014583 0.052778
0 0.490104 0.416204 0.047917 0.052778
5 0.533594 0.460648 0.031771 0.039815
5 0.523698 0.452778 0.017188 0.022222
5 0.571094 0.487500 0.023438 0.067593
5 0.607812 0.469444 0.033333 0.062963
0 0.961719 0.607407 0.076563 0.394444