3 0.077344 0.170370 0.092188 0.335185
10 0.474479 0.336574 0.012500 0.030556
10 0.501302 0.332870 0.008854 0.034259
10 0.530469 0.335648 0.010937 0.039815
10 0.432552 0.338426 0.009896 0.028704
10 0.545052 0.343519 0.013021 0.027778
10 0.437240 0.359722 0.011979 0.043519
7 0.605469 0.297222 0.020313 0.025926
1 0.163281 0.274074 0.056771 0.090741
1 0.019010 0.266204 0.034896 0.247222
1 0.312760 0.327778 0.252604 0.481481
0 0.061719 0.444907 0.122396 0.265741
0 0.216406 0.639815 0.431771 0.718519
10 0.705208 0.607870 0.046875 0.189815