5 0.122917 0.546296 0.102083 0.153704
6 0.228646 0.481944 0.034375 0.128704
5 0.218750 0.541667 0.047917 0.094444
6 0.313021 0.465741 0.033333 0.111111
5 0.311719 0.493519 0.041146 0.094444
4 0.341927 0.415741 0.025521 0.079630
7 0.342187 0.451389 0.016667 0.076852
1 0.397917 0.415278 0.101042 0.182407
5 0.262500 0.627778 0.089583 0.281481
6 0.272135 0.551852 0.102604 0.255556
6 0.241667 0.565741 0.103125 0.257407
7 0.918750 0.590741 0.139583 0.457407
7 0.783854 0.452778 0.032292 0.148148
5 0.810937 0.610185 0.202083 0.333333
0 0.528385 0.656944 0.529687 0.684259
5 0.966406 0.848611 0.067187 0.302778