4 0.406771 0.415278 0.020833 0.036111
0 0.436458 0.429167 0.011458 0.023148
2 0.426302 0.431019 0.016146 0.036111
6 0.416146 0.423611 0.006250 0.012037
6 0.425260 0.430093 0.008854 0.026852
5 0.425781 0.441204 0.008854 0.025000
6 0.419271 0.439815 0.010417 0.035185
0 0.419531 0.467130 0.010937 0.034259
0 0.408073 0.464815 0.015104 0.051852
6 0.408333 0.454167 0.016667 0.065741
0 0.550000 0.449074 0.044792 0.081481
7 0.599219 0.489352 0.025521 0.187963
5 0.636198 0.542130 0.082812 0.180556
0 0.484115 0.497222 0.132812 0.225926
0 0.157292 0.551389 0.164583 0.239815
4 0.310677 0.470833 0.210938 0.469444