1 0.531250 0.367593 0.040625 0.050000
1 0.515104 0.381944 0.037500 0.041667
0 0.555208 0.382407 0.032292 0.020370
0 0.691146 0.428704 0.105208 0.101852
7 0.468750 0.408796 0.006250 0.032407
0 0.493490 0.425926 0.056771 0.075926
6 0.503646 0.411111 0.028125 0.055556
5 0.501823 0.455556 0.031771 0.087037
0 0.541146 0.461111 0.077083 0.144444
5 0.585938 0.557407 0.083333 0.244444
6 0.587240 0.496759 0.066146 0.225000
0 0.450000 0.458796 0.044792 0.123148
6 0.327344 0.437037 0.023438 0.068519
5 0.318750 0.489815 0.025000 0.070370
0 0.385937 0.533796 0.164583 0.275000