0 0.477083 0.384259 0.017708 0.020370
0 0.526563 0.399074 0.072917 0.061111
7 0.556250 0.403241 0.012500 0.054630
5 0.561979 0.411574 0.016667 0.041667
6 0.561198 0.398148 0.015104 0.057407
5 0.574479 0.414815 0.027083 0.044444
6 0.575781 0.406019 0.024479 0.062037
0 0.490625 0.414815 0.117708 0.057407
6 0.473177 0.387963 0.009896 0.018519
6 0.466146 0.388426 0.011458 0.021296
6 0.468490 0.375926 0.004687 0.009259
0 0.446875 0.393519 0.037500 0.027778
4 0.401042 0.418981 0.090625 0.095370
6 0.414583 0.410648 0.022917 0.054630
6 0.392969 0.399537 0.007812 0.028704
6 0.402083 0.416204 0.033333 0.062037
5 0.424740 0.414815 0.007812 0.014815
2 0.253125 0.510185 0.137500 0.248148
5 0.297396 0.554167 0.097917 0.195370
6 0.297396 0.507407 0.087500 0.238889
5 0.127083 0.556019 0.045833 0.184259
6 0.103385 0.504630 0.061979 0.179630
5 0.086719 0.672222 0.128646 0.264815
6 0.090625 0.559722 0.093750 0.282407
6 0.064323 0.567130 0.124479 0.304630
0 0.465625 0.670370 0.564583 0.655556