3 0.579167 0.421759 0.013542 0.019444
0 0.563281 0.426389 0.043229 0.019444
5 0.536458 0.436111 0.006250 0.009259
6 0.536979 0.427778 0.007292 0.012963
6 0.527604 0.431944 0.008333 0.019444
6 0.521875 0.434722 0.011458 0.019444
6 0.509635 0.439352 0.013021 0.026852
6 0.496875 0.446759 0.017708 0.041667
0 0.494010 0.463426 0.015104 0.023148
0 0.567448 0.439352 0.058854 0.010185
0 0.550000 0.447222 0.100000 0.051852
5 0.667188 0.488889 0.046875 0.050000
6 0.665885 0.463426 0.042188 0.084259
0 0.566667 0.710185 0.498958 0.579630
5 0.221094 0.764815 0.164062 0.375926
6 0.216406 0.640278 0.125521 0.382407
5 0.079948 0.754167 0.158854 0.352778
6 0.069271 0.644907 0.114583 0.362037