4 0.297135 0.446759 0.152604 0.208333
2 0.402604 0.477315 0.118750 0.178704
7 0.391146 0.511574 0.034375 0.165741
0 0.664844 0.495370 0.160938 0.190741
5 0.741667 0.556019 0.116667 0.141667
5 0.274740 0.582407 0.052604 0.170370
6 0.269792 0.535185 0.058333 0.153704
2 0.146615 0.448148 0.036979 0.016667
6 0.126823 0.448148 0.008854 0.012963
0 0.075260 0.468056 0.043229 0.062037
2 0.036719 0.445370 0.010937 0.007407
2 0.047396 0.489352 0.039583 0.084259
5 0.065365 0.496759 0.009896 0.034259
6 0.064583 0.468056 0.011458 0.039815
2 0.139063 0.558333 0.117708 0.225926
5 0.025260 0.526852 0.046354 0.062963
5 0.022656 0.570833 0.045312 0.073148