0 0.432552 0.456019 0.044271 0.049074
1 0.634115 0.409259 0.018229 0.029630
6 0.635156 0.429630 0.011979 0.033333
5 0.635417 0.443056 0.012500 0.028704
6 0.622656 0.426852 0.008854 0.031481
6 0.605208 0.427778 0.009375 0.022222
6 0.622396 0.426852 0.007292 0.022222
6 0.617448 0.436574 0.013021 0.041667
5 0.617969 0.455556 0.014063 0.048148
0 0.514323 0.461111 0.052604 0.075926
0 0.567187 0.470833 0.078125 0.150926
5 0.608594 0.648148 0.093229 0.275926
6 0.607812 0.572685 0.075000 0.275000
6 0.435417 0.511111 0.070833 0.146296
5 0.432812 0.556481 0.077083 0.044444
4 0.815625 0.439815 0.342708 0.566667
5 0.422396 0.833333 0.239583 0.329630
6 0.430729 0.731019 0.203125 0.532407