3 0.208073 0.407870 0.091146 0.091667
0 0.156771 0.437500 0.068750 0.058333
0 0.326042 0.420833 0.068750 0.047222
0 0.433594 0.390741 0.042188 0.020370
0 0.399479 0.408333 0.056250 0.057407
0 0.496875 0.393056 0.064583 0.019444
13 0.596094 0.242593 0.016146 0.027778
7 0.638542 0.387963 0.019792 0.092593
7 0.675521 0.437500 0.032292 0.178704
5 0.560937 0.487963 0.048958 0.162963
6 0.557813 0.449537 0.047917 0.156481
0 0.217708 0.452315 0.032292 0.089815
0 0.435417 0.628704 0.286458 0.472222
0 0.271615 0.495370 0.125521 0.185185
3 0.109635 0.400000 0.035937 0.107407