5 0.410677 0.365741 0.016146 0.027778
5 0.470052 0.354630 0.003646 0.009259
6 0.468750 0.345833 0.005208 0.008333
2 0.340885 0.355093 0.031771 0.028704
0 0.326302 0.379167 0.063021 0.082407
5 0.361979 0.410185 0.027083 0.066667
6 0.360417 0.385648 0.020833 0.062037
6 0.354948 0.391667 0.024479 0.072222
2 0.495052 0.367130 0.024479 0.063889
5 0.541927 0.380093 0.048438 0.069444
6 0.535677 0.365278 0.020313 0.058333
0 0.592969 0.392593 0.047396 0.055556
6 0.584896 0.375463 0.013542 0.060185
6 0.595313 0.375926 0.017708 0.064815
0 0.454427 0.400463 0.078646 0.112037
0 0.519792 0.442593 0.047917 0.125926
6 0.517708 0.409722 0.039583 0.130556