2 0.497917 0.401389 0.021875 0.037963
6 0.480990 0.402315 0.005729 0.017593
6 0.493490 0.399537 0.009896 0.021296
6 0.486719 0.415278 0.019271 0.047222
5 0.480729 0.436111 0.009375 0.050000
5 0.487760 0.441204 0.013021 0.043519
0 0.538021 0.461111 0.123958 0.212963
0 0.426563 0.464352 0.107292 0.141667
7 0.588281 0.424537 0.016146 0.091667
7 0.658854 0.446296 0.023958 0.135185
6 0.623177 0.479167 0.048438 0.210185
8 0.621615 0.537963 0.040104 0.168519
4 0.836458 0.411574 0.201042 0.247222
5 0.463542 0.422222 0.013542 0.024074
6 0.463281 0.413889 0.011979 0.037037
6 0.470833 0.416667 0.012500 0.044444