0 0.630469 0.402778 0.010937 0.020370
0 0.652344 0.403704 0.021354 0.037037
5 0.623177 0.424537 0.018229 0.039815
6 0.623437 0.409722 0.014583 0.050926
5 0.638542 0.455556 0.026042 0.070370
6 0.639583 0.431944 0.026042 0.084259
5 0.569792 0.426852 0.013542 0.040741
6 0.570052 0.408333 0.010937 0.044444
5 0.594531 0.443981 0.024479 0.076852
6 0.593229 0.408796 0.016667 0.045370
6 0.593229 0.430093 0.022917 0.073148
2 0.535677 0.427315 0.038021 0.089815
5 0.504427 0.514352 0.051562 0.152778
6 0.505469 0.473611 0.047396 0.165741