4 0.038021 0.492593 0.075000 0.216667
7 0.175000 0.477778 0.033333 0.159259
5 0.284375 0.489352 0.062500 0.097222
6 0.285938 0.472222 0.023958 0.137037
0 0.408333 0.598611 0.259375 0.502778
2 0.503125 0.468056 0.056250 0.180556
5 0.577344 0.493056 0.050521 0.145370
3 0.635938 0.506944 0.071875 0.119444
8 0.714323 0.786111 0.139063 0.416667
6 0.708854 0.639815 0.121875 0.551852
5 0.340885 0.853241 0.246354 0.289815
6 0.341406 0.660185 0.222396 0.438889
5 0.055990 0.773611 0.086979 0.176852
6 0.007552 0.611574 0.014063 0.130556
5 0.091927 0.887963 0.135937 0.224074
6 0.029687 0.818981 0.058333 0.350926