0 0.639844 0.451852 0.023438 0.051852
4 0.609375 0.445370 0.042708 0.098148
2 0.590625 0.479167 0.059375 0.143519
2 0.472396 0.697222 0.260417 0.605556
4 0.232813 0.424537 0.464583 0.713889
5 0.114844 0.787963 0.228646 0.424074
6 0.097917 0.706481 0.191667 0.587037
5 0.689583 0.514352 0.056250 0.143519
6 0.681771 0.485648 0.054167 0.173148
0 0.942448 0.484259 0.115104 0.151852
0 0.822135 0.484259 0.084896 0.087037
5 0.858594 0.810648 0.280729 0.378704
6 0.801562 0.686111 0.134375 0.627778
6 0.893750 0.698148 0.212500 0.603704