0 0.489063 0.403704 0.019792 0.038889
0 0.526563 0.393519 0.063542 0.029630
0 0.535156 0.408333 0.097396 0.055556
0 0.535937 0.681944 0.458333 0.632407
5 0.482292 0.414815 0.010417 0.029630
6 0.483333 0.400926 0.010417 0.038889
5 0.474740 0.416204 0.014063 0.032407
6 0.475521 0.402778 0.010417 0.040741
6 0.433594 0.406019 0.010937 0.043519
5 0.443750 0.433796 0.021875 0.041667
6 0.441667 0.415741 0.023958 0.062963
5 0.412500 0.457407 0.029167 0.087037
5 0.389844 0.456481 0.021354 0.070370
6 0.390885 0.426852 0.026562 0.081481
6 0.415365 0.431481 0.030729 0.075926