7 0.090625 0.474074 0.056250 0.092593
7 0.160156 0.517593 0.047396 0.220370
5 0.113542 0.597222 0.084375 0.238889
5 0.351042 0.605093 0.090625 0.241667
6 0.360938 0.531481 0.059375 0.229630
6 0.346875 0.546759 0.085417 0.234259
2 0.519792 0.450463 0.059375 0.125000
0 0.603385 0.477315 0.135937 0.243519
5 0.667188 0.468056 0.027083 0.097222
6 0.667969 0.425926 0.028646 0.077778
5 0.714063 0.554630 0.060417 0.162963
6 0.709896 0.492130 0.056250 0.193519
2 0.077083 0.718519 0.153125 0.561111
7 0.676562 0.402315 0.010417 0.036111
7 0.690365 0.408796 0.010937 0.049074
5 0.930729 0.836574 0.131250 0.326852
6 0.940625 0.668519 0.118750 0.655556