0 0.549479 0.379630 0.060417 0.040741
0 0.547656 0.407870 0.099479 0.043519
0 0.554948 0.378241 0.059896 0.021296
5 0.488542 0.406481 0.018750 0.040741
6 0.491146 0.395370 0.019792 0.053704
5 0.466146 0.429167 0.034375 0.039815
6 0.467969 0.406019 0.036979 0.062037
5 0.426823 0.453704 0.034896 0.094444
6 0.430208 0.426852 0.034375 0.101852
5 0.378385 0.536111 0.068229 0.200000
6 0.407031 0.477778 0.036979 0.177778
6 0.382031 0.476852 0.073438 0.211111
5 0.341146 0.511574 0.059375 0.162037
6 0.343229 0.474074 0.053125 0.177778
5 0.046354 0.768981 0.088542 0.389815
6 0.020833 0.720370 0.037500 0.407407
0 0.576302 0.672222 0.488021 0.648148