5 0.535417 0.464352 0.007292 0.041667
7 0.527604 0.475000 0.015625 0.081481
7 0.547917 0.447685 0.011458 0.025000
5 0.550260 0.496759 0.016146 0.078704
5 0.590104 0.540741 0.050000 0.150000
3 0.645312 0.557407 0.069792 0.125926
2 0.505729 0.508333 0.043750 0.168519
5 0.236198 0.516204 0.026562 0.041667
6 0.233854 0.525000 0.050000 0.135185
7 0.171875 0.524074 0.034375 0.159259
4 0.029948 0.536574 0.059896 0.213889
5 0.082552 0.731481 0.164062 0.324074
6 0.140885 0.594444 0.066146 0.244444
6 0.076302 0.643519 0.107813 0.327778
7 0.955208 0.692130 0.088542 0.556481
8 0.758073 0.822222 0.168229 0.348148
6 0.758073 0.637037 0.139063 0.512963
0 0.407552 0.620370 0.246354 0.461111
5 0.020573 0.950926 0.040104 0.094444
5 0.221354 0.885648 0.328125 0.223148
6 0.198698 0.762963 0.259896 0.474074