1 0.353125 0.290278 0.083333 0.137963
7 0.917188 0.503704 0.066667 0.288889
7 0.975260 0.535185 0.048438 0.298148
0 0.275521 0.320833 0.051042 0.025000
1 0.112500 0.230093 0.223958 0.456481
6 0.267969 0.325000 0.010937 0.018519
6 0.234375 0.314352 0.014583 0.025000
0 0.354687 0.355093 0.059375 0.069444
0 0.344531 0.409259 0.071354 0.142593
0 0.217188 0.532870 0.262500 0.456481
1 0.509896 0.289352 0.294792 0.345370
0 0.094271 0.665741 0.187500 0.662963
0 0.539844 0.668981 0.608854 0.656481
3 0.335156 0.173611 0.026562 0.141667