0 0.037760 0.634259 0.075521 0.329630
2 0.014844 0.731019 0.027604 0.519444
5 0.128385 0.579630 0.128646 0.181481
6 0.123698 0.540741 0.072396 0.222222
0 0.153385 0.550463 0.229687 0.206481
5 0.284375 0.635648 0.144792 0.293519
6 0.267969 0.562500 0.060937 0.310185
0 0.383594 0.552315 0.210938 0.286111
6 0.406510 0.399537 0.024479 0.034259
6 0.526823 0.417593 0.039062 0.055556
6 0.555469 0.406944 0.030729 0.052778
7 0.612760 0.402778 0.027604 0.077778
6 0.649479 0.400926 0.039583 0.077778
6 0.687500 0.425000 0.041667 0.070370
6 0.785156 0.498148 0.055729 0.231481
5 0.783594 0.526389 0.024479 0.110185
5 0.873698 0.765278 0.176563 0.356481
6 0.866146 0.601389 0.161458 0.434259
5 0.945052 0.715741 0.104688 0.333333
6 0.963281 0.608796 0.070312 0.456481
0 0.680729 0.673148 0.592708 0.650000