0 0.173958 0.416204 0.056250 0.065741
0 0.170573 0.459259 0.067187 0.098148
5 0.110417 0.488889 0.038542 0.096296
6 0.107552 0.473148 0.036979 0.100000
0 0.253646 0.394444 0.012500 0.031481
6 0.253385 0.385185 0.013021 0.044444
5 0.230990 0.418519 0.022396 0.035185
6 0.231771 0.406481 0.019792 0.051852
5 0.258854 0.425463 0.019792 0.015741
6 0.253906 0.412500 0.008854 0.021296
6 0.250260 0.415741 0.019271 0.024074
5 0.461458 0.578704 0.070833 0.150000
6 0.464583 0.536111 0.048958 0.164815
0 0.265365 0.534722 0.134896 0.210185
3 0.059115 0.349074 0.017188 0.027778
3 0.241927 0.344444 0.016146 0.016667
3 0.258073 0.348611 0.035937 0.034259