4 0.456771 0.418981 0.162500 0.263889
7 0.542969 0.435648 0.007812 0.041667
7 0.527344 0.468981 0.021354 0.110185
0 0.369531 0.531019 0.179688 0.186111
2 0.682552 0.426852 0.016146 0.040741
7 0.709115 0.436574 0.011979 0.028704
5 0.719531 0.450926 0.008854 0.029630
5 0.700521 0.509259 0.032292 0.083333
6 0.700260 0.477315 0.029687 0.117593
5 0.762500 0.451389 0.015625 0.056481
8 0.813802 0.558796 0.032813 0.189815
7 0.776823 0.587963 0.078646 0.298148
7 0.841667 0.473611 0.038542 0.113889
7 0.876042 0.621759 0.135417 0.462037
7 0.969792 0.804167 0.059375 0.391667
0 0.605729 0.560648 0.212500 0.369444