5 0.231510 0.617593 0.120313 0.272222
6 0.229167 0.541667 0.085417 0.272222
5 0.342969 0.636111 0.106771 0.261111
6 0.341927 0.537037 0.100521 0.281481
5 0.418229 0.471759 0.039583 0.117593
6 0.420312 0.434722 0.037500 0.108333
5 0.489323 0.410648 0.017188 0.049074
6 0.483073 0.390278 0.008854 0.025000
6 0.488542 0.400463 0.018750 0.049074
0 0.585156 0.381019 0.011979 0.023148
6 0.584635 0.368056 0.002604 0.006481
0 0.590885 0.381019 0.005729 0.021296
0 0.562240 0.380556 0.050521 0.027778
0 0.552083 0.408333 0.091667 0.050000
0 0.577865 0.678241 0.356771 0.643519