4 0.469010 0.419444 0.071354 0.129630
5 0.404948 0.463889 0.030729 0.044444
3 0.421615 0.501389 0.055729 0.062037
3 0.369010 0.539815 0.094271 0.094444
7 0.627865 0.388889 0.008854 0.018519
7 0.652083 0.440278 0.011458 0.050926
7 0.639062 0.419444 0.018750 0.053704
2 0.683333 0.463426 0.058333 0.139815
5 0.741146 0.520370 0.072917 0.138889
5 0.752083 0.548148 0.047917 0.159259
5 0.790885 0.610648 0.071354 0.221296
6 0.794010 0.555093 0.078646 0.282407
5 0.915625 0.734259 0.165625 0.318519
9 0.216927 0.707407 0.038021 0.133333
0 0.548698 0.646296 0.302604 0.570370