6 0.496615 0.381019 0.004687 0.015741
0 0.491146 0.388426 0.014583 0.026852
0 0.463542 0.386111 0.012500 0.020370
0 0.477344 0.395833 0.028646 0.041667
4 0.577604 0.368981 0.020833 0.028704
1 0.612760 0.373611 0.051562 0.073148
0 0.651042 0.396296 0.020833 0.051852
0 0.454688 0.390278 0.007292 0.023148
2 0.447135 0.391667 0.016146 0.033333
0 0.428125 0.397222 0.030208 0.031481
6 0.531510 0.372222 0.005729 0.007407
1 0.670312 0.379630 0.020833 0.094444
1 0.776302 0.346296 0.210938 0.266667
1 0.300000 0.409722 0.121875 0.173148
0 0.554167 0.470833 0.122917 0.199074