10 0.576042 0.349074 0.008333 0.014815
4 0.554167 0.373148 0.011458 0.024074
1 0.537240 0.377778 0.010937 0.018519
2 0.542708 0.387500 0.009375 0.021296
6 0.554427 0.383333 0.006771 0.016667
5 0.554688 0.393056 0.005208 0.017593
0 0.584375 0.400000 0.066667 0.057407
4 0.586458 0.400926 0.052083 0.092593
0 0.532813 0.391667 0.015625 0.020370
0 0.515104 0.391204 0.028125 0.012037
6 0.536458 0.392130 0.011458 0.021296
0 0.460156 0.421759 0.032813 0.056481
5 0.406510 0.469444 0.030729 0.088889
6 0.405729 0.450000 0.028125 0.111111
0 0.498958 0.520833 0.155208 0.258333
5 0.682031 0.630556 0.114062 0.327778
6 0.678125 0.546759 0.091667 0.299074