5 0.155990 0.524537 0.072396 0.117593
5 0.383073 0.565741 0.152604 0.198148
6 0.377865 0.518981 0.060937 0.228704
7 0.503906 0.506944 0.047396 0.241667
7 0.671615 0.464815 0.025521 0.098148
5 0.678385 0.475926 0.038021 0.088889
8 0.646094 0.490741 0.025521 0.081481
3 0.079948 0.531944 0.089063 0.089815
0 0.006510 0.580093 0.011979 0.106481
2 0.846875 0.380093 0.045833 0.082407
2 0.911979 0.377778 0.034375 0.068519
2 0.930990 0.368056 0.016146 0.054630
7 0.953385 0.361111 0.013021 0.055556
2 0.985677 0.367130 0.028646 0.056481
5 0.970052 0.363889 0.017188 0.024074
7 0.937760 0.364352 0.006771 0.045370