3 0.583073 0.416204 0.022396 0.058333
0 0.554688 0.423148 0.022917 0.027778
0 0.559896 0.421759 0.020833 0.017593
0 0.466146 0.558333 0.201042 0.372222
6 0.559375 0.418056 0.008333 0.012037
0 0.566667 0.456019 0.041667 0.069444
5 0.560937 0.514352 0.034375 0.121296
6 0.558333 0.487037 0.032292 0.124074
5 0.598698 0.464815 0.016146 0.048148
6 0.597656 0.443056 0.018229 0.056481
5 0.619010 0.537037 0.052604 0.153704
6 0.621354 0.499074 0.042708 0.164815
5 0.202083 0.604630 0.080208 0.144444
6 0.202083 0.568519 0.062500 0.196296
5 0.118750 0.740278 0.176042 0.389815
6 0.129167 0.635648 0.133333 0.337963
6 0.084375 0.638426 0.145833 0.339815