7 0.046875 0.451852 0.019792 0.085185
5 0.075000 0.456944 0.032292 0.062037
3 0.172917 0.416204 0.129167 0.149074
0 0.326042 0.442593 0.133333 0.083333
0 0.515104 0.404630 0.089583 0.040741
2 0.750000 0.393056 0.132292 0.162037
7 0.864844 0.431481 0.025521 0.159259
0 0.141927 0.456019 0.113021 0.093519
5 0.232813 0.494907 0.059375 0.121296
6 0.227083 0.472685 0.041667 0.121296
5 0.321615 0.523611 0.058854 0.163889
6 0.316406 0.487037 0.048438 0.164815
5 0.018229 0.522685 0.033333 0.128704
6 0.016146 0.504630 0.023958 0.140741
13 0.882292 0.086111 0.042708 0.051852
0 0.522135 0.675000 0.329688 0.533333