4 0.817448 0.405556 0.343229 0.572222
1 0.629687 0.366667 0.020833 0.033333
5 0.631510 0.399537 0.013021 0.026852
6 0.630469 0.385185 0.013021 0.031481
5 0.616927 0.406481 0.014063 0.027778
6 0.614062 0.388426 0.012500 0.032407
5 0.620313 0.402778 0.012500 0.037037
6 0.620313 0.392130 0.009375 0.045370
0 0.426302 0.414352 0.040104 0.060185
0 0.513802 0.417593 0.051562 0.079630
0 0.568229 0.427778 0.083333 0.155556
5 0.619010 0.604167 0.098437 0.269444
6 0.614844 0.527315 0.088021 0.269444
5 0.442188 0.567593 0.079167 0.151852
6 0.442188 0.466667 0.071875 0.148148
5 0.451823 0.812037 0.244271 0.366667
6 0.465365 0.715278 0.169271 0.565741