5 0.032031 0.761574 0.064062 0.215741
5 0.494792 0.490278 0.043750 0.067593
0 0.812240 0.420833 0.011979 0.017593
5 0.811719 0.425463 0.003646 0.013889
6 0.811979 0.419444 0.004167 0.014815
0 0.823698 0.418519 0.010937 0.016667
0 0.794792 0.423148 0.011458 0.020370
2 0.783854 0.425926 0.010417 0.024074
5 0.784115 0.441667 0.007812 0.018519
6 0.784115 0.430556 0.007812 0.025926
5 0.768490 0.437037 0.006771 0.018519
5 0.774740 0.444444 0.009896 0.025926
6 0.774479 0.434259 0.009375 0.025926
6 0.768229 0.425926 0.005208 0.020370
1 0.760156 0.418981 0.022396 0.036111
0 0.736198 0.451852 0.035937 0.046296
0 0.836719 0.429630 0.016146 0.027778
0 0.853385 0.429630 0.009896 0.027778
0 0.840885 0.415741 0.005729 0.007407
4 0.863802 0.431019 0.028646 0.119444
4 0.935677 0.446296 0.126562 0.229630
0 0.972656 0.585185 0.055729 0.272222