2 0.207813 0.555556 0.110417 0.131481
0 0.484635 0.503241 0.017188 0.034259
0 0.471875 0.506944 0.023958 0.039815
2 0.506250 0.505556 0.030208 0.055556
2 0.546094 0.487963 0.030729 0.014815
0 0.568750 0.487037 0.010417 0.007407
0 0.592448 0.499537 0.027604 0.034259
6 0.506250 0.497222 0.009375 0.025926
5 0.504687 0.514815 0.008333 0.031481
6 0.512240 0.518981 0.014063 0.063889
2 0.554167 0.600926 0.083333 0.220370
5 0.612500 0.574074 0.041667 0.118519
6 0.615104 0.552778 0.035417 0.129630
2 0.715104 0.560648 0.082292 0.176852
5 0.688281 0.706944 0.101562 0.252778
6 0.661979 0.631481 0.047917 0.287037
6 0.689063 0.637963 0.077083 0.253704
7 0.980208 0.692130 0.037500 0.125000
7 0.422135 0.533333 0.014063 0.068519
0 0.170052 0.627778 0.039062 0.150000
4 0.083073 0.535648 0.166146 0.560185
7 0.074219 0.735185 0.074479 0.344444
5 0.430469 0.783796 0.110937 0.325000
6 0.434635 0.692593 0.101562 0.335185