0 0.496094 0.433333 0.013021 0.018519
0 0.486458 0.440278 0.010417 0.019444
10 0.495573 0.462037 0.004687 0.007407
10 0.479427 0.477778 0.004687 0.009259
1 0.619010 0.409722 0.027604 0.089815
8 0.633333 0.436111 0.008333 0.025926
6 0.633854 0.425926 0.006250 0.037037
0 0.672396 0.471296 0.063542 0.111111
2 0.759896 0.511111 0.120833 0.246296
4 0.560937 0.443056 0.125000 0.280556
5 0.479427 0.452315 0.010937 0.032407
6 0.480208 0.441667 0.011458 0.040741
5 0.472135 0.458333 0.013021 0.038889
6 0.472135 0.445370 0.013021 0.042593
7 0.434635 0.443519 0.004687 0.029630
1 0.452604 0.431481 0.032292 0.048148
5 0.447656 0.462500 0.010937 0.034259
6 0.447917 0.449537 0.013542 0.037963
10 0.447917 0.506019 0.007292 0.012037
10 0.368490 0.574074 0.011979 0.022222
5 0.403646 0.505556 0.030208 0.098148
6 0.402604 0.490278 0.030208 0.097222
5 0.356771 0.493981 0.025000 0.067593
6 0.358333 0.482870 0.015625 0.067593
6 0.352604 0.483333 0.014583 0.070370
5 0.264062 0.541667 0.028125 0.085185
6 0.265365 0.507407 0.024479 0.081481
2 0.311458 0.523148 0.076042 0.148148