0 0.550260 0.390741 0.014063 0.044444
0 0.563802 0.393056 0.031771 0.062037
0 0.641667 0.401852 0.051042 0.066667
5 0.757031 0.543519 0.073438 0.216667
5 0.699479 0.465741 0.029167 0.092593
0 0.457552 0.398611 0.031771 0.054630
0 0.419010 0.425926 0.073438 0.083333
5 0.362500 0.437037 0.063542 0.096296
5 0.354427 0.451852 0.055729 0.096296
5 0.330990 0.461574 0.066146 0.093519
5 0.289323 0.469907 0.046354 0.102778
0 0.531250 0.380093 0.017708 0.034259
0 0.526563 0.386574 0.025000 0.032407
4 0.151302 0.503241 0.301563 0.993519