0 0.575521 0.366667 0.009375 0.007407
0 0.557031 0.385648 0.060937 0.039815
6 0.527344 0.383333 0.010937 0.029630
6 0.522135 0.391667 0.011979 0.025926
5 0.503125 0.418519 0.012500 0.042593
6 0.507812 0.393056 0.017708 0.034259
5 0.468490 0.430093 0.031771 0.034259
6 0.472917 0.409259 0.031250 0.062963
5 0.409375 0.487500 0.041667 0.115741
6 0.412500 0.436574 0.041667 0.093519
5 0.439323 0.493981 0.054688 0.110185
6 0.441146 0.441667 0.045833 0.118519
0 0.562500 0.382870 0.061458 0.025000
0 0.555990 0.417593 0.115104 0.048148
0 0.604688 0.675000 0.606250 0.650000
5 0.342969 0.570370 0.074479 0.181481
6 0.350000 0.499074 0.066667 0.214815