0 0.303906 0.435185 0.070312 0.109259
0 0.242448 0.425000 0.079687 0.094444
0 0.263281 0.470370 0.079687 0.129630
5 0.257292 0.543981 0.070833 0.160185
5 0.534635 0.475926 0.010937 0.016667
6 0.534115 0.465278 0.009896 0.021296
3 0.492448 0.401852 0.043229 0.046296
0 0.486719 0.459722 0.065104 0.115741
5 0.420052 0.495370 0.045312 0.116667
6 0.417448 0.464352 0.036979 0.102778
0 0.596615 0.443519 0.066146 0.079630
5 0.609896 0.612037 0.084375 0.233333
6 0.608854 0.549074 0.071875 0.229630
5 0.736458 0.590741 0.077083 0.214815
6 0.723177 0.559259 0.072396 0.253704
4 0.907552 0.511111 0.184896 0.824074