0 0.049479 0.606944 0.098958 0.275000
0 0.186979 0.548611 0.218750 0.199074
0 0.388281 0.563426 0.265104 0.315741
0 0.676562 0.673148 0.598958 0.653704
6 0.540625 0.414815 0.029167 0.053704
7 0.465104 0.414815 0.043750 0.087037
5 0.828125 0.642130 0.145833 0.306481
6 0.828906 0.557870 0.108854 0.347222
5 0.322396 0.688426 0.131250 0.387963
6 0.289583 0.581481 0.048958 0.387037
6 0.330729 0.585185 0.127083 0.427778
5 0.173177 0.804167 0.107813 0.293519
6 0.135417 0.646759 0.100000 0.434259
5 0.120313 0.901389 0.238542 0.193519
6 0.097396 0.727315 0.184375 0.541667