7 0.524219 0.361574 0.006771 0.017593
8 0.524219 0.395370 0.020313 0.038889
3 0.757812 0.383796 0.083333 0.104630
4 0.788802 0.320370 0.064062 0.040741
7 0.748177 0.408796 0.024479 0.065741
7 0.767448 0.373148 0.023438 0.101852
0 0.976042 0.327778 0.045833 0.057407
0 0.928646 0.328704 0.055208 0.037037
0 0.860417 0.328241 0.050000 0.032407
5 0.451823 0.378241 0.010937 0.019444
6 0.451302 0.371759 0.007812 0.026852
7 0.479427 0.392130 0.015104 0.075000
7 0.466406 0.396759 0.017188 0.073148
5 0.422396 0.384722 0.026042 0.041667
2 0.403906 0.402778 0.023438 0.083333
0 0.386719 0.413426 0.056771 0.106481
0 0.154427 0.498148 0.198437 0.212963
0 0.308594 0.419907 0.115104 0.154630