1 0.475000 0.382870 0.017708 0.025000
6 0.443229 0.394907 0.006250 0.021296
1 0.499740 0.377315 0.019271 0.039815
3 0.486458 0.385185 0.003125 0.014815
3 0.514062 0.370370 0.014583 0.059259
0 0.739323 0.406944 0.080729 0.045370
3 0.514844 0.406944 0.015104 0.069444
1 0.525781 0.391667 0.021354 0.144444
4 0.622396 0.403241 0.190625 0.302778
5 0.786979 0.417130 0.032292 0.017593
6 0.780990 0.400000 0.027604 0.050000
2 0.907292 0.498611 0.184375 0.306481
0 0.772396 0.711111 0.455208 0.577778
5 0.096615 0.540278 0.053646 0.086111
6 0.088542 0.508333 0.058333 0.133333