5 0.256510 0.481944 0.017188 0.045370
6 0.265104 0.432407 0.016667 0.051852
6 0.255729 0.435185 0.021875 0.064815
1 0.546354 0.336574 0.037500 0.043519
1 0.526302 0.353241 0.042188 0.052778
0 0.566927 0.356944 0.038021 0.017593
0 0.598437 0.362963 0.013542 0.014815
0 0.497917 0.411111 0.054167 0.092593
6 0.525781 0.387963 0.022396 0.062963
5 0.517188 0.410185 0.012500 0.027778
0 0.570312 0.461574 0.134375 0.199074
0 0.444010 0.454630 0.095312 0.168519
0 0.332552 0.554630 0.222396 0.337037
5 0.567969 0.635185 0.120313 0.322222
6 0.563021 0.544907 0.089583 0.321296
0 0.913542 0.581019 0.171875 0.408333