0 0.054948 0.580556 0.101562 0.237037
0 0.169792 0.565278 0.186458 0.225000
6 0.139583 0.523611 0.038542 0.187963
6 0.164062 0.509722 0.048958 0.215741
5 0.159115 0.573148 0.073438 0.146296
0 0.365365 0.537963 0.219271 0.253704
6 0.516667 0.416667 0.034375 0.064815
6 0.706250 0.441204 0.040625 0.099074
6 0.753646 0.462037 0.094792 0.177778
5 0.783594 0.548148 0.043229 0.157407
0 0.676823 0.669444 0.589063 0.657407
5 0.128385 0.904167 0.252604 0.187963
5 0.192969 0.764352 0.172396 0.430556
6 0.202083 0.680093 0.137500 0.545370