1 0.439844 0.445833 0.108854 0.167593
0 0.562500 0.611574 0.252083 0.499074
10 0.452344 0.531019 0.008854 0.015741
10 0.393750 0.597685 0.015625 0.021296
5 0.376302 0.481019 0.027604 0.025000
5 0.369271 0.490278 0.021875 0.030556
5 0.337240 0.536574 0.038021 0.080556
6 0.333073 0.511111 0.032813 0.088889
5 0.292708 0.519444 0.017708 0.051852
5 0.208594 0.574074 0.049479 0.087037
8 0.152083 0.599537 0.065625 0.113889
6 0.148698 0.558333 0.034896 0.146296
7 0.784375 0.443519 0.023958 0.101852
0 0.090885 0.798611 0.180729 0.402778
5 0.673177 0.504167 0.021354 0.100926
6 0.668750 0.462500 0.021875 0.056481