4 0.359375 0.456944 0.032292 0.047222
5 0.369010 0.473611 0.018229 0.026852
6 0.371354 0.465278 0.008333 0.032407
6 0.363021 0.463889 0.008333 0.025926
5 0.375781 0.472222 0.013021 0.027778
2 0.392969 0.469444 0.027604 0.066667
3 0.520573 0.538426 0.058854 0.104630
7 0.556250 0.506944 0.025000 0.147222
7 0.576562 0.518056 0.042708 0.175000
5 0.614323 0.609722 0.078646 0.234259
2 0.450000 0.566204 0.108333 0.263889
0 0.320312 0.550463 0.131250 0.184259
0 0.265625 0.508796 0.107292 0.137963
5 0.235417 0.540278 0.038542 0.121296
5 0.303906 0.661111 0.086979 0.275926
6 0.301302 0.583796 0.083854 0.260185
5 0.101823 0.616667 0.077604 0.190741
3 0.052083 0.701852 0.100000 0.324074
5 0.030469 0.881481 0.060937 0.233333