4 0.784115 0.417593 0.051562 0.157407
6 0.758594 0.426389 0.004687 0.023148
5 0.749479 0.430556 0.004167 0.011111
6 0.748698 0.424537 0.005729 0.021296
5 0.733333 0.434722 0.006250 0.015741
6 0.733854 0.425463 0.005208 0.021296
0 0.725260 0.427778 0.010937 0.020370
10 0.728646 0.439352 0.006250 0.037963
1 0.699479 0.423148 0.023958 0.035185
6 0.705729 0.461111 0.033333 0.092593
6 0.707031 0.493519 0.040104 0.133333
0 0.706510 0.534722 0.043229 0.100926
4 0.842187 0.449074 0.160417 0.329630
2 0.947656 0.448148 0.105729 0.100000
0 0.879948 0.729167 0.241146 0.537963