0 0.556250 0.380093 0.069792 0.067593
4 0.292448 0.353704 0.161979 0.081481
0 0.098958 0.669907 0.196875 0.560185
2 0.341146 0.665741 0.445833 0.666667
5 0.529687 0.408333 0.026042 0.068519
6 0.530729 0.394444 0.029167 0.094444
6 0.522917 0.395370 0.021875 0.085185
5 0.598958 0.526389 0.087500 0.208333
6 0.595833 0.476852 0.066667 0.227778
5 0.673698 0.680093 0.116146 0.384259
6 0.671615 0.544907 0.084896 0.412037
5 0.846875 0.818519 0.306250 0.362963
6 0.755990 0.653704 0.150521 0.692593
6 0.872917 0.668519 0.254167 0.662963