0 0.047917 0.417593 0.079167 0.053704
5 0.200260 0.428704 0.016146 0.022222
0 0.263542 0.425926 0.028125 0.066667
6 0.201042 0.417130 0.014583 0.030556
0 0.289323 0.428704 0.066146 0.070370
0 0.379427 0.431019 0.042188 0.050926
4 0.428385 0.423148 0.032813 0.046296
5 0.400260 0.430556 0.011979 0.025926
6 0.402604 0.422222 0.009375 0.024074
0 0.549740 0.449074 0.013021 0.035185
5 0.577865 0.518519 0.039062 0.109259
6 0.573698 0.487037 0.030729 0.114815
2 0.558594 0.447222 0.026562 0.055556
6 0.578906 0.491667 0.032813 0.107407
7 0.138542 0.427315 0.008333 0.015741
3 0.564583 0.411111 0.008333 0.016667
3 0.570052 0.413889 0.007812 0.014815