5 0.762500 0.408796 0.006250 0.017593
6 0.761719 0.395833 0.006771 0.012037
0 0.776302 0.405093 0.022396 0.028704
0 0.747135 0.406481 0.023438 0.027778
5 0.730208 0.431481 0.014583 0.038889
6 0.731250 0.404167 0.010417 0.026852
6 0.730729 0.419907 0.013542 0.047222
5 0.695052 0.477315 0.032813 0.095370
6 0.701823 0.448611 0.023438 0.099074
6 0.696094 0.455093 0.028646 0.104630
2 0.618750 0.449074 0.052083 0.096296
5 0.612240 0.497222 0.040104 0.120370
6 0.622396 0.458796 0.020833 0.123148
6 0.612240 0.475926 0.032813 0.122222
5 0.258073 0.744907 0.174479 0.393519
6 0.271875 0.634259 0.096875 0.375926