5 0.435937 0.500000 0.047917 0.142593
6 0.435417 0.463889 0.042708 0.164815
5 0.734896 0.396759 0.009375 0.030556
2 0.740104 0.387963 0.005208 0.051852
5 0.694792 0.401389 0.016667 0.034259
6 0.699479 0.389352 0.009375 0.047222
5 0.666667 0.415741 0.016667 0.042593
6 0.669010 0.398148 0.015104 0.057407
5 0.802344 0.486111 0.051562 0.116667
6 0.801302 0.456019 0.042188 0.165741
1 0.910417 0.410185 0.179167 0.498148
0 0.569531 0.512037 0.151562 0.246296
0 0.215365 0.464815 0.090104 0.112963
0 0.063802 0.499537 0.110937 0.119444
5 0.142448 0.518056 0.061979 0.134259
6 0.146354 0.483333 0.042708 0.129630
6 0.136198 0.480556 0.057813 0.127778
0 0.065104 0.624074 0.129167 0.264815