0 0.159115 0.481481 0.071354 0.053704
3 0.210156 0.446759 0.089063 0.106481
0 0.327083 0.462037 0.067708 0.053704
0 0.436198 0.432870 0.041146 0.026852
0 0.401042 0.449537 0.054167 0.045370
0 0.506250 0.451852 0.068750 0.053704
7 0.642188 0.431944 0.026042 0.099074
7 0.675521 0.474537 0.036458 0.193519
5 0.559896 0.531019 0.051042 0.158333
6 0.556771 0.453704 0.047917 0.090741
0 0.215104 0.498611 0.022917 0.078704
6 0.404948 0.441667 0.022396 0.018519
0 0.422396 0.669907 0.296875 0.471296
0 0.272135 0.541204 0.129688 0.186111