7 0.642188 0.467593 0.019792 0.094444
0 0.602604 0.492130 0.076042 0.112037
5 0.519792 0.498611 0.013542 0.062037
6 0.514583 0.476389 0.007292 0.062037
6 0.520052 0.479630 0.011979 0.081481
5 0.502083 0.493981 0.010417 0.052778
6 0.501823 0.461111 0.010937 0.037037
5 0.490104 0.496759 0.027083 0.071296
6 0.489323 0.462037 0.022396 0.066667
5 0.463021 0.513426 0.046875 0.125000
6 0.463021 0.479167 0.040625 0.136111
5 0.555208 0.548611 0.063542 0.184259
6 0.531510 0.492593 0.022396 0.185185
6 0.553125 0.499537 0.055208 0.199074
2 0.377865 0.537037 0.130729 0.279630
5 0.114062 0.619444 0.109375 0.246296
6 0.119792 0.554167 0.075000 0.217593