1 0.510156 0.373148 0.005729 0.009259
1 0.519792 0.372685 0.014583 0.015741
1 0.522656 0.376389 0.008854 0.010185
10 0.541667 0.368519 0.004167 0.007407
4 0.544531 0.385185 0.015104 0.029630
6 0.555208 0.390278 0.010417 0.021296
5 0.555208 0.401852 0.012500 0.027778
0 0.570573 0.409259 0.033854 0.053704
6 0.606771 0.387500 0.008333 0.008333
0 0.616667 0.487500 0.121875 0.195370
2 0.502604 0.386111 0.008333 0.020370
0 0.511198 0.388889 0.011979 0.022222
0 0.529687 0.387037 0.010417 0.018519
0 0.521354 0.397685 0.022917 0.032407
5 0.732031 0.636574 0.117188 0.308333
6 0.728906 0.550463 0.090104 0.286111