6 0.245573 0.428241 0.006771 0.013889
6 0.394010 0.408333 0.003646 0.011111
0 0.431510 0.404167 0.004687 0.008333
1 0.534375 0.391204 0.008333 0.008333
0 0.527604 0.401389 0.004167 0.008333
4 0.514062 0.393056 0.015625 0.034259
0 0.505990 0.411574 0.017188 0.028704
0 0.485938 0.425000 0.036458 0.051852
6 0.547917 0.395833 0.003125 0.006481
0 0.537760 0.411111 0.019271 0.035185
0 0.550260 0.425926 0.040104 0.057407
5 0.587760 0.415278 0.005729 0.028704
6 0.586458 0.400463 0.007292 0.015741
5 0.582031 0.425000 0.014063 0.040741
6 0.582292 0.415741 0.011458 0.044444
5 0.644271 0.439352 0.022917 0.058333
6 0.643229 0.424074 0.019792 0.068519
0 0.258854 0.593981 0.281250 0.375000