0 0.437760 0.422222 0.009896 0.005556
0 0.409896 0.424074 0.014583 0.011111
0 0.369531 0.427315 0.019271 0.012037
0 0.345313 0.427315 0.029167 0.015741
4 0.556510 0.398611 0.019271 0.032407
4 0.539062 0.412963 0.014583 0.033333
3 0.578385 0.415278 0.005729 0.021296
0 0.563021 0.427778 0.036458 0.057407
5 0.596354 0.420833 0.008333 0.019444
6 0.596615 0.414815 0.008854 0.027778
4 0.635417 0.402315 0.034375 0.062037
6 0.673177 0.394907 0.006771 0.008333
0 0.669531 0.462037 0.094271 0.125926
5 0.759635 0.439815 0.022396 0.053704
6 0.756250 0.431481 0.015625 0.072222