4 0.471354 0.422222 0.030208 0.040741
1 0.498437 0.433796 0.028125 0.054630
5 0.605208 0.483796 0.035417 0.041667
7 0.625260 0.443981 0.014063 0.052778
6 0.610156 0.461574 0.016146 0.071296
5 0.604948 0.500463 0.033854 0.078704
5 0.603125 0.498148 0.026042 0.081481
5 0.631250 0.500926 0.019792 0.088889
5 0.793490 0.537963 0.080729 0.112963
5 0.784115 0.625926 0.075521 0.261111
6 0.495052 0.442593 0.006771 0.022222
6 0.493229 0.447685 0.010417 0.028704
5 0.494792 0.466667 0.007292 0.022222
0 0.486198 0.474074 0.018229 0.075926
7 0.430990 0.464815 0.013021 0.072222
2 0.459635 0.485648 0.051562 0.108333
0 0.539323 0.509722 0.107813 0.197222
5 0.415104 0.522685 0.028125 0.084259
6 0.416667 0.496759 0.028125 0.097222
5 0.396615 0.558333 0.049479 0.120370
6 0.398958 0.525463 0.042708 0.137963
4 0.227083 0.504630 0.234375 0.424074
0 0.972656 0.829167 0.052604 0.334259