3 0.399740 0.420370 0.051562 0.055556
0 0.409115 0.464815 0.035937 0.057407
0 0.369010 0.476852 0.051562 0.087037
0 0.314323 0.515741 0.082812 0.146296
1 0.139583 0.525463 0.275000 0.645370
10 0.008594 0.849537 0.013021 0.043519
10 0.074219 0.774537 0.018229 0.030556
10 0.099219 0.770833 0.021354 0.037963
10 0.214323 0.761574 0.023438 0.034259
10 0.134635 0.711111 0.016146 0.024074
10 0.213021 0.656944 0.012500 0.034259
10 0.291406 0.684722 0.014063 0.025000
10 0.334635 0.635185 0.013021 0.016667
4 0.523698 0.435648 0.056771 0.125000
6 0.548438 0.441667 0.005208 0.040741
0 0.568490 0.430093 0.016146 0.025000
5 0.569271 0.495833 0.031250 0.091667
6 0.570052 0.463889 0.028646 0.070370
5 0.583073 0.459722 0.013021 0.043519
6 0.583333 0.442593 0.015625 0.048148
5 0.604167 0.451852 0.008333 0.040741
6 0.602344 0.435648 0.009896 0.032407
6 0.590625 0.432407 0.005208 0.014815
5 0.595052 0.462963 0.016146 0.057407
6 0.597396 0.447222 0.018750 0.050000
5 0.674219 0.484259 0.023438 0.077778
6 0.673958 0.466204 0.020833 0.097222
5 0.694010 0.537963 0.058854 0.162963
6 0.695833 0.495833 0.051042 0.156481
0 0.903646 0.728241 0.192708 0.539815