5 0.233594 0.507407 0.039062 0.162963
7 0.192188 0.477315 0.036458 0.178704
6 0.152604 0.732407 0.304167 0.535185
5 0.328385 0.890278 0.128646 0.219444
2 0.570833 0.414352 0.019792 0.071296
7 0.605990 0.415741 0.018229 0.066667
5 0.603125 0.423148 0.020833 0.029630
7 0.620833 0.398148 0.008333 0.014815
5 0.624479 0.551852 0.059375 0.185185
6 0.621875 0.493056 0.047917 0.180556
5 0.696354 0.535185 0.069792 0.205556
3 0.788281 0.556019 0.131771 0.206481
6 0.967708 0.725000 0.061458 0.550000
8 0.947917 0.891204 0.091667 0.217593
0 0.499219 0.538426 0.195312 0.369444