5 0.621354 0.459259 0.004167 0.012963
6 0.621094 0.453241 0.004687 0.015741
5 0.639062 0.456481 0.005208 0.025926
6 0.639323 0.445833 0.003646 0.025000
5 0.646615 0.467593 0.016146 0.044444
6 0.646875 0.455556 0.017708 0.050000
0 0.654948 0.452315 0.009896 0.015741
0 0.669792 0.456481 0.022917 0.022222
1 0.687240 0.450000 0.029687 0.053704
0 0.761198 0.467593 0.083854 0.072222
2 0.878906 0.450000 0.075521 0.098148
5 0.857292 0.475000 0.042708 0.053704
7 0.891927 0.562963 0.052604 0.203704
5 0.665625 0.542593 0.052083 0.142593
6 0.663542 0.503704 0.037500 0.140741
0 0.590104 0.469907 0.057292 0.091667
0 0.541406 0.460185 0.047396 0.037037
5 0.551042 0.465278 0.011458 0.025000
6 0.550260 0.456944 0.008854 0.039815
7 0.529948 0.461111 0.011979 0.051852
7 0.511198 0.462500 0.009896 0.050926
7 0.521875 0.469907 0.009375 0.032407