1 0.433073 0.434259 0.077604 0.116667
1 0.471615 0.428241 0.007812 0.028704
5 0.482292 0.433333 0.006250 0.011111
6 0.482031 0.429630 0.006771 0.014815
10 0.486719 0.437500 0.004687 0.026852
4 0.545052 0.407870 0.101562 0.160185
1 0.612760 0.416667 0.055729 0.124074
0 0.607552 0.458796 0.017188 0.078704
2 0.676302 0.536574 0.129688 0.280556
0 0.811979 0.495370 0.157292 0.225926
2 0.929948 0.599537 0.138021 0.432407
0 0.526302 0.625000 0.223438 0.379630
10 0.215625 0.465741 0.015625 0.022222
0 0.300521 0.480093 0.027083 0.041667
5 0.015104 0.628704 0.030208 0.094444