7 0.956510 0.498148 0.067187 0.320370
1 0.354167 0.289815 0.093750 0.112963
0 0.282292 0.323611 0.048958 0.030556
6 0.230208 0.314815 0.013542 0.024074
6 0.264844 0.316667 0.017188 0.027778
0 0.366667 0.325926 0.036458 0.031481
0 0.361719 0.364815 0.065104 0.083333
0 0.352604 0.412037 0.066667 0.150000
1 0.110937 0.218981 0.216667 0.436111
1 0.501823 0.269444 0.218229 0.268519
0 0.219531 0.516204 0.261979 0.443519
0 0.099740 0.670833 0.194271 0.658333
0 0.532552 0.661574 0.529687 0.675000
3 0.330990 0.170833 0.024479 0.145370