8 0.308854 0.473148 0.027083 0.074074
6 0.299740 0.418981 0.016146 0.047222
7 0.293490 0.499074 0.038021 0.187037
5 0.339323 0.458796 0.019271 0.065741
4 0.411979 0.410648 0.016667 0.052778
0 0.422917 0.425926 0.022917 0.040741
4 0.443750 0.412500 0.032292 0.063889
2 0.455729 0.425926 0.012500 0.061111
0 0.505469 0.488889 0.141146 0.257407
5 0.621354 0.461111 0.039583 0.120370
2 0.446354 0.428241 0.009375 0.050926
8 0.376302 0.444444 0.009896 0.044444
4 0.128125 0.436574 0.255208 0.617593
5 0.422656 0.442593 0.014063 0.037037
6 0.423438 0.428704 0.015625 0.038889