5 0.438281 0.493519 0.031771 0.072222
5 0.425260 0.490278 0.031771 0.089815
7 0.468750 0.468981 0.019792 0.052778
7 0.474479 0.468981 0.018750 0.037963
5 0.503646 0.485185 0.010417 0.035185
7 0.505208 0.437963 0.008333 0.022222
6 0.518750 0.438889 0.008333 0.029630
6 0.515104 0.443056 0.011458 0.030556
5 0.522656 0.503241 0.026562 0.084259
6 0.523698 0.481019 0.026562 0.095370
0 0.549740 0.462500 0.042188 0.069444
7 0.593229 0.449074 0.011458 0.059259
5 0.607292 0.476389 0.021875 0.087963
0 0.646354 0.589352 0.071875 0.180556
2 0.754948 0.546759 0.210938 0.376852
7 0.830469 0.520833 0.052604 0.243519
7 0.833073 0.679630 0.072396 0.162963