5 0.677083 0.450463 0.015625 0.037963
0 0.635156 0.409722 0.021354 0.030556
0 0.638021 0.437963 0.044792 0.070370
0 0.557292 0.421759 0.019792 0.036111
0 0.589323 0.413426 0.015104 0.028704
5 0.558333 0.449537 0.027083 0.037963
6 0.559375 0.429167 0.016667 0.043519
0 0.601042 0.412037 0.016667 0.027778
7 0.591927 0.424074 0.007812 0.038889
5 0.602344 0.418056 0.009896 0.025000
5 0.620313 0.418981 0.008333 0.034259
2 0.569271 0.417593 0.016667 0.018519
5 0.548698 0.428704 0.013021 0.029630
0 0.472917 0.464352 0.085417 0.128704
5 0.531771 0.606019 0.101042 0.284259
6 0.529167 0.549537 0.087500 0.284259
2 0.898958 0.575000 0.202083 0.850000