0 0.134115 0.551389 0.266146 0.291667
0 0.100000 0.734722 0.189583 0.530556
0 0.180469 0.487963 0.069271 0.070370
2 0.267969 0.479167 0.088021 0.106481
6 0.245573 0.473148 0.028646 0.075926
6 0.221875 0.473611 0.023958 0.062037
0 0.303646 0.531944 0.117708 0.212037
0 0.429427 0.616667 0.263021 0.388889
1 0.948698 0.345833 0.023438 0.013889
1 0.979688 0.363426 0.022917 0.060185
7 0.936458 0.376852 0.010417 0.035185
6 0.951042 0.415741 0.025000 0.077778
6 0.965104 0.423611 0.067708 0.136111
5 0.926562 0.484259 0.030208 0.100000
6 0.889323 0.408796 0.024479 0.073148
4 0.887760 0.408796 0.085938 0.106481
0 0.945052 0.721759 0.108854 0.549074
2 0.709375 0.676389 0.521875 0.643519