0 0.757552 0.490278 0.044271 0.067593
5 0.692708 0.496296 0.016667 0.044444
6 0.695052 0.488426 0.021354 0.060185
7 0.670052 0.487963 0.015104 0.057407
0 0.645312 0.486111 0.037500 0.050000
7 0.619792 0.510648 0.015625 0.097222
7 0.591406 0.514815 0.018229 0.111111
5 0.538281 0.535648 0.061979 0.112037
5 0.064844 0.714815 0.128646 0.179630
0 0.797917 0.491204 0.054167 0.097222
0 0.878906 0.564352 0.199479 0.199074
5 0.870052 0.621296 0.102604 0.200000
0 0.929688 0.757870 0.140625 0.484259
7 0.737760 0.484722 0.010937 0.050926