0 0.459115 0.468519 0.038021 0.064815
2 0.489323 0.468056 0.028646 0.056481
3 0.536458 0.556481 0.068750 0.116667
7 0.592187 0.513889 0.028125 0.164815
7 0.569271 0.518981 0.028125 0.171296
7 0.492708 0.537500 0.036458 0.154630
5 0.642708 0.669444 0.088542 0.274074
2 0.443229 0.506481 0.055208 0.125926
0 0.410938 0.480556 0.027083 0.055556
2 0.379167 0.497685 0.047917 0.104630
5 0.353646 0.495370 0.012500 0.048148
5 0.338542 0.496296 0.019792 0.064815
7 0.324479 0.472685 0.009375 0.065741
0 0.266406 0.521296 0.117188 0.144444
5 0.326302 0.512037 0.006771 0.035185
5 0.220573 0.559259 0.045312 0.129630
5 0.046615 0.627778 0.093229 0.140741
0 0.149740 0.818056 0.295312 0.356481