7 0.324740 0.478241 0.036979 0.163889
7 0.367969 0.478241 0.033854 0.156481
7 0.382552 0.415741 0.014063 0.053704
6 0.395052 0.446296 0.041146 0.090741
5 0.387760 0.518981 0.041146 0.125000
6 0.425521 0.404630 0.015625 0.040741
6 0.435156 0.393981 0.009896 0.021296
4 0.588802 0.391204 0.043229 0.119444
5 0.632812 0.429630 0.034375 0.083333
0 0.506250 0.575926 0.256250 0.490741
7 0.971094 0.462037 0.053646 0.233333
3 0.871615 0.724074 0.256771 0.418519
7 0.147396 0.637963 0.096875 0.442593
3 0.075000 0.438426 0.060417 0.032407
7 0.049219 0.691667 0.095312 0.401852