2 0.034375 0.690741 0.067708 0.440741
1 0.470573 0.373148 0.054688 0.029630
1 0.453906 0.381944 0.034896 0.030556
6 0.501302 0.379167 0.007812 0.015741
0 0.512240 0.393519 0.020313 0.037037
2 0.538281 0.390278 0.023438 0.032407
1 0.553646 0.372685 0.011458 0.062037
1 0.565885 0.368981 0.019271 0.069444
1 0.583073 0.366667 0.020313 0.074074
1 0.630990 0.384259 0.082812 0.138889
1 0.750521 0.409259 0.165625 0.231481
0 0.487240 0.399074 0.030729 0.050000
5 0.503646 0.409722 0.013542 0.028704
6 0.504687 0.396296 0.013542 0.035185
6 0.525260 0.397685 0.020313 0.037963
5 0.525781 0.410185 0.023438 0.018519
6 0.423177 0.412963 0.008854 0.040741
0 0.440885 0.423611 0.041146 0.056481
6 0.451823 0.388889 0.005729 0.014815
0 0.588021 0.601852 0.241667 0.398148