5 0.155990 0.515741 0.031771 0.079630
6 0.158073 0.489815 0.034896 0.087037
5 0.220833 0.453241 0.011458 0.019444
6 0.221094 0.439352 0.009896 0.026852
5 0.245052 0.448148 0.015104 0.020370
6 0.244792 0.438889 0.009375 0.027778
0 0.304948 0.457870 0.054688 0.067593
0 0.383333 0.467130 0.085417 0.113889
0 0.514844 0.624074 0.271354 0.409259
0 0.080469 0.490741 0.081771 0.072222
0 0.023958 0.501389 0.043750 0.076852
5 0.031510 0.521296 0.055729 0.068519
6 0.020313 0.483333 0.012500 0.038889
6 0.037500 0.504630 0.022917 0.092593
0 0.095833 0.781019 0.190625 0.437963