0 0.469531 0.296296 0.010937 0.020370
0 0.469531 0.316667 0.018229 0.022222
0 0.491667 0.296759 0.012500 0.021296
0 0.489063 0.343056 0.021875 0.037963
5 0.531510 0.350463 0.007812 0.025000
6 0.529948 0.341204 0.007812 0.036111
5 0.499740 0.325926 0.006771 0.012963
6 0.500000 0.318981 0.006250 0.015741
5 0.542188 0.368519 0.013542 0.035185
6 0.541146 0.353704 0.014583 0.038889
5 0.570312 0.353704 0.023958 0.029630
5 0.567448 0.450000 0.032813 0.081481
6 0.567448 0.423148 0.030729 0.090741
5 0.597917 0.565741 0.072917 0.270370
6 0.592969 0.506481 0.058854 0.259259
0 0.649479 0.443056 0.072917 0.106481
5 0.267708 0.743519 0.159375 0.418519
6 0.264583 0.628241 0.127083 0.387963
5 0.459375 0.366667 0.020833 0.040741
6 0.456250 0.359722 0.014583 0.043519