5 0.544792 0.449537 0.010417 0.034259
5 0.558854 0.462037 0.011458 0.055556
7 0.580469 0.454167 0.011979 0.073148
6 0.572396 0.468981 0.020833 0.121296
8 0.572656 0.500000 0.026562 0.085185
7 0.537240 0.452315 0.013021 0.058333
2 0.522135 0.457407 0.026562 0.079630
0 0.482552 0.490741 0.107813 0.177778
5 0.376302 0.514352 0.027604 0.086111
6 0.370052 0.491667 0.030729 0.100000
5 0.356771 0.543981 0.048958 0.125000
6 0.350000 0.511111 0.034375 0.125926
7 0.308854 0.493981 0.013542 0.045370
5 0.266146 0.605556 0.071875 0.188889
6 0.272135 0.557407 0.053646 0.177778
5 0.055469 0.758333 0.109896 0.333333
6 0.045573 0.660648 0.091146 0.317593
4 0.657813 0.456944 0.118750 0.313889
5 0.935417 0.781944 0.128125 0.287963