3 0.034375 0.463426 0.023958 0.025000
5 0.077344 0.467593 0.010937 0.027778
6 0.074479 0.455556 0.010417 0.025926
5 0.084375 0.461574 0.010417 0.021296
6 0.084635 0.451852 0.007812 0.018519
3 0.052083 0.461111 0.014583 0.024074
5 0.027865 0.500926 0.014063 0.053704
6 0.028385 0.472685 0.017188 0.039815
7 0.069271 0.522222 0.034375 0.159259
7 0.043490 0.524074 0.030729 0.150000
0 0.013802 0.468519 0.026562 0.038889
5 0.004427 0.482870 0.008854 0.037963
6 0.004167 0.477315 0.008333 0.049074
0 0.095312 0.471296 0.021875 0.055556
3 0.122135 0.452778 0.014063 0.042593