1 0.507552 0.380556 0.008854 0.020370
1 0.518490 0.377315 0.008854 0.012037
0 0.527604 0.380093 0.013542 0.004630
0 0.530208 0.386111 0.046875 0.011111
4 0.609115 0.400000 0.100521 0.224074
6 0.515365 0.384722 0.011979 0.010185
5 0.458854 0.443056 0.030208 0.080556
6 0.458333 0.409259 0.022917 0.061111
5 0.432031 0.453241 0.026562 0.067593
6 0.429167 0.432407 0.028125 0.077778
6 0.427865 0.426852 0.028646 0.085185
5 0.357552 0.510648 0.050521 0.143519
6 0.366927 0.475000 0.026562 0.138889
6 0.354948 0.473611 0.047396 0.149074
0 0.526042 0.532407 0.172917 0.281481
5 0.904948 0.791204 0.190104 0.417593
6 0.919792 0.692130 0.159375 0.563889