5 0.499740 0.480556 0.027604 0.042593
7 0.517708 0.464815 0.014583 0.046296
5 0.561198 0.487037 0.019271 0.061111
6 0.562760 0.468519 0.022396 0.042593
4 0.613281 0.464815 0.070312 0.100000
7 0.640365 0.443519 0.010937 0.053704
3 0.628646 0.506944 0.053125 0.073148
7 0.650781 0.460185 0.021354 0.055556
5 0.691667 0.514815 0.035417 0.075926
5 0.953385 0.642130 0.092188 0.176852
5 0.734375 0.689815 0.231250 0.257407
6 0.729688 0.661111 0.106250 0.355556
0 0.439063 0.550463 0.119792 0.223148
5 0.383073 0.532870 0.020313 0.036111
7 0.398438 0.469444 0.012500 0.018519
7 0.379167 0.500000 0.019792 0.074074
0 0.391667 0.493981 0.018750 0.045370
7 0.310156 0.503704 0.031771 0.057407
6 0.327865 0.764352 0.236979 0.469444
5 0.309635 0.942593 0.277604 0.111111
2 0.155990 0.744907 0.231771 0.499074
7 0.155469 0.487500 0.022396 0.019444
5 0.022656 0.786574 0.044271 0.260185