4 0.575260 0.433333 0.031771 0.064815
2 0.601042 0.450463 0.036458 0.071296
2 0.637500 0.452315 0.032292 0.076852
2 0.568229 0.442593 0.026042 0.059259
4 0.526042 0.421296 0.031250 0.087037
0 0.492188 0.445833 0.073958 0.073148
7 0.493229 0.475463 0.015625 0.073148
7 0.542969 0.451852 0.015104 0.066667
5 0.721615 0.455093 0.006771 0.025000
5 0.727083 0.437963 0.009375 0.027778
6 0.736979 0.429167 0.016667 0.045370
7 0.750000 0.428241 0.011458 0.037963
7 0.710417 0.462037 0.023958 0.103704
6 0.691146 0.587963 0.157292 0.312963
5 0.671354 0.866667 0.328125 0.262963
6 0.685937 0.724537 0.240625 0.536111
2 0.421875 0.520833 0.095833 0.204630
5 0.213802 0.609722 0.163021 0.208333
5 0.173177 0.625000 0.154688 0.264815
4 0.924219 0.481019 0.148438 0.947222