4 0.045833 0.475926 0.090625 0.548148
5 0.322396 0.475000 0.034375 0.066667
6 0.322656 0.437963 0.022396 0.055556
0 0.190625 0.535648 0.223958 0.219444
2 0.715625 0.400926 0.030208 0.057407
5 0.738542 0.454167 0.030208 0.049074
5 0.778385 0.437963 0.020313 0.046296
6 0.780208 0.413889 0.014583 0.042593
6 0.784115 0.416667 0.013021 0.055556
6 0.739583 0.439815 0.020833 0.075926
0 0.620833 0.641204 0.348958 0.669444
5 0.919010 0.592130 0.122396 0.236111
6 0.965365 0.521759 0.046354 0.258333
6 0.918229 0.545833 0.085417 0.289815