0 0.472396 0.445833 0.017708 0.021296
0 0.068229 0.708796 0.135417 0.349074
5 0.568490 0.518519 0.033854 0.074074
6 0.565885 0.500000 0.027604 0.081481
6 0.485677 0.456944 0.006771 0.012037
5 0.522135 0.466204 0.007812 0.013889
5 0.517188 0.476852 0.008333 0.014815
6 0.520312 0.453704 0.006250 0.014815
6 0.515885 0.464352 0.006771 0.010185
5 0.548438 0.461574 0.017708 0.021296
5 0.529948 0.501389 0.015104 0.039815
6 0.529948 0.482870 0.010937 0.028704
0 0.582812 0.500926 0.027083 0.055556
5 0.488281 0.478704 0.006771 0.012963
6 0.486979 0.467130 0.006250 0.012037
5 0.863802 0.796759 0.218229 0.406481
6 0.856250 0.715741 0.171875 0.568519