0 0.363281 0.399537 0.007812 0.021296
6 0.400000 0.387963 0.007292 0.014815
5 0.404687 0.400463 0.012500 0.025000
1 0.472135 0.366667 0.097396 0.061111
0 0.541406 0.382407 0.027604 0.033333
6 0.552083 0.387963 0.013542 0.040741
2 0.569792 0.397222 0.034375 0.062963
0 0.384375 0.409259 0.045833 0.042593
0 0.443750 0.397685 0.042708 0.039815
0 0.481510 0.396296 0.043229 0.044444
5 0.386979 0.423148 0.021875 0.029630
6 0.387760 0.412963 0.013021 0.042593
5 0.419271 0.418981 0.018750 0.036111
6 0.416406 0.406019 0.010937 0.041667
5 0.512760 0.403241 0.017188 0.039815
6 0.511979 0.393519 0.013542 0.042593
5 0.526563 0.403704 0.016667 0.042593
6 0.527604 0.393981 0.016667 0.049074
0 0.633333 0.531019 0.186458 0.295370
10 0.809115 0.253241 0.045312 0.065741
1 0.955469 0.355556 0.088021 0.637037