0 0.303906 0.493519 0.035937 0.064815
5 0.094010 0.491667 0.076563 0.129630
0 0.340885 0.500000 0.040104 0.062963
0 0.386719 0.498148 0.058854 0.081481
0 0.388281 0.450463 0.030729 0.021296
5 0.419271 0.481481 0.020833 0.024074
5 0.298958 0.515278 0.039583 0.049074
5 0.442969 0.486111 0.017188 0.025926
5 0.491406 0.512500 0.041146 0.095370
6 0.488281 0.457870 0.024479 0.050926
0 0.534635 0.474074 0.046354 0.087037
6 0.491146 0.494907 0.030208 0.086111
0 0.603906 0.495833 0.129688 0.147222
0 0.039844 0.844444 0.078646 0.311111