5 0.489323 0.434259 0.003646 0.009259
6 0.489323 0.428241 0.003646 0.010185
3 0.497917 0.427315 0.004167 0.010185
5 0.511719 0.427778 0.002604 0.005556
6 0.511979 0.425000 0.003125 0.007407
4 0.470833 0.428241 0.013542 0.037963
0 0.464323 0.438889 0.017188 0.025926
0 0.501042 0.456481 0.032292 0.059259
0 0.534896 0.438889 0.041667 0.024074
5 0.446875 0.459722 0.011458 0.034259
6 0.447396 0.447222 0.011458 0.037037
0 0.434375 0.471759 0.033333 0.067593
0 0.399219 0.493056 0.078646 0.110185
0 0.551042 0.563426 0.159375 0.243519