4 0.028906 0.501389 0.056771 0.236111
7 0.175000 0.479630 0.033333 0.168519
6 0.225521 0.481944 0.035417 0.145370
5 0.226562 0.505093 0.039583 0.104630
2 0.503646 0.443519 0.051042 0.135185
5 0.546875 0.448148 0.019792 0.077778
5 0.592187 0.499074 0.051042 0.157407
3 0.646354 0.516204 0.073958 0.132407
6 0.778906 0.649537 0.140104 0.612037
0 0.417187 0.601852 0.251042 0.525926
8 0.786719 0.803704 0.166146 0.388889
7 0.962500 0.655556 0.075000 0.550000
5 0.033594 0.933333 0.066146 0.133333
5 0.089844 0.694444 0.169271 0.335185
6 0.151302 0.565741 0.059896 0.279630
6 0.083854 0.599537 0.107292 0.336111
5 0.246875 0.861111 0.321875 0.266667
6 0.240885 0.735648 0.285938 0.517593