4 0.351042 0.438889 0.031250 0.077778
4 0.386979 0.457407 0.053125 0.074074
7 0.407813 0.499074 0.019792 0.114815
0 0.478385 0.462500 0.027604 0.065741
2 0.514323 0.476852 0.057813 0.109259
2 0.574479 0.462500 0.061458 0.095370
5 0.588281 0.486574 0.022396 0.100926
5 0.605729 0.493981 0.034375 0.080556
5 0.618750 0.506019 0.036458 0.113889
8 0.709115 0.502778 0.064062 0.064815
7 0.717708 0.412037 0.019792 0.098148
2 0.343490 0.469444 0.016146 0.051852
7 0.365625 0.475463 0.016667 0.056481
5 0.381771 0.497685 0.030208 0.049074
7 0.384635 0.498611 0.022396 0.115741
5 0.357031 0.515741 0.031771 0.092593
5 0.333073 0.512500 0.032813 0.075000
5 0.281250 0.483796 0.023958 0.028704
7 0.262500 0.455556 0.015625 0.068519
5 0.236458 0.485185 0.010417 0.018519
0 0.199219 0.729167 0.398438 0.491667