4 0.583854 0.378704 0.102083 0.174074
7 0.623437 0.401852 0.015625 0.100000
2 0.658854 0.429630 0.058333 0.129630
5 0.887240 0.569907 0.149479 0.350926
5 0.585677 0.536111 0.060937 0.181481
6 0.583073 0.482407 0.052604 0.168519
5 0.529687 0.408333 0.018750 0.046296
6 0.533073 0.393981 0.015104 0.036111
0 0.497396 0.418056 0.062500 0.123148
5 0.485938 0.491204 0.055208 0.091667
5 0.458854 0.651389 0.119792 0.323148
6 0.463802 0.554167 0.086979 0.310185
6 0.483333 0.433333 0.042708 0.083333
0 0.467448 0.394907 0.015104 0.037963
0 0.429427 0.397222 0.015104 0.033333