0 0.733333 0.423611 0.013542 0.032407
0 0.749219 0.442130 0.045312 0.080556
6 0.774479 0.427778 0.008333 0.029630
5 0.777344 0.446296 0.009896 0.037037
6 0.777344 0.433333 0.010937 0.035185
2 0.806771 0.470833 0.054167 0.126852
5 0.842187 0.467130 0.017708 0.082407
5 0.857292 0.489815 0.021875 0.109259
5 0.947917 0.749537 0.100000 0.291667
6 0.963802 0.688889 0.072396 0.507407
5 0.790885 0.525000 0.050521 0.131481
5 0.814323 0.482870 0.031771 0.095370
5 0.728906 0.438889 0.009896 0.040741
0 0.711198 0.440741 0.030729 0.059259
7 0.748698 0.487963 0.017188 0.100000
7 0.761198 0.524537 0.038021 0.232407
2 0.656510 0.541204 0.108854 0.265741
2 0.576562 0.484722 0.069792 0.126852
4 0.386719 0.514352 0.148438 0.280556
5 0.309896 0.529630 0.022917 0.107407