5 0.142969 0.543519 0.048438 0.120370
4 0.051562 0.519907 0.102083 0.223148
0 0.680208 0.427315 0.034375 0.039815
7 0.478125 0.480093 0.019792 0.106481
7 0.493750 0.470370 0.020833 0.105556
0 0.602865 0.482407 0.101562 0.116667
5 0.574740 0.523148 0.046354 0.101852
6 0.577604 0.482870 0.041667 0.126852
3 0.637500 0.443056 0.025000 0.050926
5 0.687500 0.445370 0.013542 0.027778
6 0.692448 0.431944 0.007812 0.037963
5 0.673177 0.464815 0.018229 0.048148
6 0.673698 0.442130 0.020313 0.049074
4 0.726302 0.432407 0.091146 0.209259
7 0.773438 0.418981 0.006250 0.030556
7 0.778125 0.421759 0.008333 0.032407
7 0.783594 0.417130 0.003646 0.036111
7 0.793490 0.413426 0.008854 0.019444
7 0.855208 0.424074 0.012500 0.059259
7 0.829948 0.419907 0.009896 0.039815
7 0.859375 0.513889 0.066667 0.246296
7 0.815625 0.429630 0.030208 0.074074
5 0.798438 0.823148 0.251042 0.351852
6 0.801042 0.704167 0.221875 0.578704