5 0.369010 0.473148 0.041146 0.118519
5 0.411458 0.486111 0.032292 0.111111
7 0.451302 0.403704 0.010937 0.024074
2 0.522656 0.435648 0.044271 0.095370
7 0.554167 0.409259 0.011458 0.037037
2 0.640365 0.404167 0.032813 0.063889
5 0.731250 0.484259 0.073958 0.101852
6 0.721094 0.437963 0.030729 0.100000
6 0.693750 0.595370 0.135417 0.425926
5 0.689323 0.784259 0.152604 0.427778
0 0.598698 0.461111 0.121354 0.218519
5 0.500260 0.493056 0.043229 0.117593
6 0.503385 0.456481 0.045312 0.120370
6 0.469010 0.436574 0.026562 0.075000
7 0.453906 0.481019 0.026562 0.150926
0 0.432812 0.497222 0.034375 0.138889
5 0.471354 0.486574 0.033333 0.089815
6 0.468490 0.469907 0.028646 0.130556
7 0.413802 0.447222 0.016146 0.038889