0 0.547396 0.474074 0.023958 0.033333
0 0.525781 0.529167 0.073438 0.119444
5 0.559635 0.527315 0.020313 0.054630
6 0.561198 0.510648 0.019271 0.086111
0 0.211979 0.520370 0.113542 0.159259
7 0.387760 0.609259 0.084896 0.309259
7 0.431771 0.603704 0.052083 0.312963
0 0.592448 0.425463 0.014063 0.019444
0 0.596094 0.435185 0.015104 0.020370
5 0.601302 0.445833 0.008854 0.017593
6 0.601042 0.432870 0.009375 0.021296
0 0.613542 0.434722 0.016667 0.028704
5 0.729427 0.518981 0.022396 0.049074
5 0.614844 0.501852 0.024479 0.059259
6 0.614323 0.476389 0.018229 0.045370
5 0.007812 0.930556 0.014583 0.138889