7 0.486198 0.436111 0.006771 0.031481
7 0.512500 0.441667 0.007292 0.014815
0 0.449479 0.445370 0.026042 0.031481
8 0.458073 0.456019 0.023438 0.026852
8 0.467187 0.454630 0.022917 0.025926
6 0.455208 0.448148 0.006250 0.046296
6 0.465104 0.448148 0.011458 0.046296
5 0.441927 0.477778 0.018229 0.051852
6 0.441406 0.467130 0.017188 0.058333
5 0.517448 0.643056 0.092188 0.276852
6 0.514323 0.512500 0.078646 0.128704
8 0.337240 0.498148 0.031771 0.068519
5 0.370573 0.504167 0.022396 0.060185
8 0.180469 0.676389 0.083854 0.239815
6 0.178646 0.592130 0.079167 0.312037