10 0.016406 0.518981 0.020313 0.060185
5 0.437760 0.493981 0.033854 0.056481
5 0.341146 0.707870 0.141667 0.313889
6 0.338802 0.624074 0.121354 0.300000
0 0.546094 0.524537 0.121354 0.141667
5 0.536719 0.448148 0.010937 0.012963
6 0.569010 0.668056 0.223438 0.608333
6 0.537240 0.723611 0.303646 0.530556
5 0.554167 0.952778 0.328125 0.087037
1 0.682813 0.423611 0.025000 0.037963
0 0.723177 0.425463 0.008854 0.012037
5 0.714063 0.429630 0.003125 0.009259
6 0.714063 0.424537 0.004167 0.012037
5 0.732292 0.425926 0.006250 0.009259
6 0.732031 0.423611 0.005729 0.015741
4 0.768490 0.420833 0.059896 0.186111
4 0.850781 0.454167 0.205729 0.375000
1 0.920573 0.380556 0.025521 0.083333
0 0.937760 0.445833 0.023438 0.054630
2 0.968490 0.443519 0.061979 0.090741
0 0.864583 0.728241 0.269792 0.532407