3 0.215885 0.149074 0.100521 0.292593
10 0.605729 0.318519 0.007292 0.031481
10 0.632552 0.315278 0.009896 0.028704
10 0.663021 0.318981 0.012500 0.036111
10 0.678125 0.330093 0.011458 0.028704
7 0.569271 0.328704 0.021875 0.096296
7 0.592708 0.332870 0.022917 0.134259
3 0.213021 0.147685 0.098958 0.293519
1 0.300781 0.250000 0.068229 0.120370
1 0.446875 0.304630 0.234375 0.468519
1 0.081250 0.268519 0.159375 0.392593
0 0.169010 0.416204 0.231771 0.265741
0 0.058594 0.622222 0.111979 0.529630
0 0.286458 0.623611 0.571875 0.752778
5 0.737500 0.789352 0.325000 0.415741
6 0.735677 0.651389 0.263021 0.689815
10 0.896354 0.649537 0.044792 0.236111