0 0.441146 0.512500 0.033333 0.043519
2 0.385156 0.517130 0.047396 0.087963
5 0.251302 0.622685 0.044271 0.091667
5 0.430729 0.520833 0.012500 0.050926
7 0.443490 0.507870 0.021354 0.082407
2 0.510938 0.490278 0.032292 0.089815
5 0.594531 0.554167 0.067187 0.102778
5 0.588542 0.522685 0.079167 0.132407
5 0.562760 0.518981 0.033854 0.071296
5 0.548177 0.509259 0.035937 0.059259
7 0.585938 0.472685 0.026042 0.076852
5 0.505990 0.806481 0.131771 0.387037
6 0.508854 0.664352 0.137500 0.426852
5 0.810937 0.652315 0.185417 0.262037
5 0.907031 0.681944 0.185938 0.306481
3 0.345313 0.504630 0.050000 0.103704
3 0.465104 0.517593 0.016667 0.018519
2 0.083073 0.726852 0.165104 0.503704