5 0.495052 0.451852 0.011979 0.022222
6 0.578906 0.428241 0.006771 0.013889
6 0.583854 0.428241 0.008333 0.019444
5 0.584896 0.439352 0.009375 0.013889
0 0.602344 0.457407 0.032813 0.075926
5 0.616927 0.494444 0.024479 0.094444
6 0.622396 0.470833 0.022917 0.121296
2 0.448958 0.480093 0.059375 0.115741
6 0.576562 0.467130 0.020833 0.097222
5 0.579427 0.489815 0.019271 0.092593
2 0.539844 0.506019 0.072396 0.182407
6 0.634896 0.471296 0.027083 0.103704
5 0.652344 0.558333 0.059896 0.179630
6 0.651823 0.517593 0.050521 0.185185
5 0.445052 0.505093 0.027604 0.097222
6 0.446615 0.477778 0.026562 0.109259
6 0.471094 0.518981 0.050521 0.169444
5 0.467448 0.564352 0.057813 0.162037
7 0.382812 0.488426 0.021875 0.097222
5 0.354427 0.527315 0.046354 0.110185
2 0.970052 0.642130 0.058854 0.462037
2 0.018750 0.568056 0.036458 0.180556
5 0.194792 0.848148 0.276042 0.300000
6 0.179167 0.746759 0.223958 0.500926