1 0.461458 0.370370 0.029167 0.070370
1 0.510417 0.336574 0.078125 0.123148
0 0.463802 0.389815 0.017188 0.040741
6 0.436719 0.387500 0.005729 0.028704
6 0.440104 0.381019 0.008333 0.015741
5 0.445052 0.425926 0.023438 0.040741
6 0.444792 0.403704 0.019792 0.068519
0 0.461979 0.391204 0.008333 0.015741
6 0.459896 0.387037 0.012500 0.035185
5 0.460156 0.411111 0.009896 0.038889
6 0.456771 0.400000 0.014583 0.046296
2 0.413281 0.425926 0.052604 0.107407
5 0.364063 0.479167 0.032292 0.102778
6 0.360677 0.450463 0.033854 0.108333
7 0.308333 0.441667 0.018750 0.096296
0 0.281250 0.409259 0.040625 0.053704
0 0.568229 0.527315 0.241667 0.445370
5 0.786198 0.483333 0.102604 0.174074