0 0.092969 0.414352 0.026562 0.034259
0 0.072656 0.413426 0.030729 0.041667
4 0.030469 0.398148 0.058854 0.114815
0 0.041927 0.483796 0.083854 0.121296
0 0.014583 0.591667 0.028125 0.140741
6 0.123698 0.405093 0.009896 0.025000
5 0.121354 0.422222 0.007292 0.027778
0 0.129948 0.416667 0.017188 0.042593
0 0.154948 0.420833 0.047396 0.063889
6 0.277604 0.403241 0.026042 0.047222
5 0.282292 0.440741 0.021875 0.075926
5 0.264583 0.449537 0.031250 0.084259
6 0.263021 0.433333 0.029167 0.088889
2 0.397135 0.432407 0.071354 0.122222
0 0.654167 0.596759 0.311458 0.428704