5 0.250260 0.490741 0.011979 0.024074
6 0.250521 0.480556 0.009375 0.025926
5 0.226823 0.493981 0.009896 0.026852
6 0.226823 0.483333 0.009896 0.031481
0 0.307552 0.500926 0.051562 0.070370
0 0.380990 0.512963 0.078646 0.109259
0 0.501042 0.666204 0.261458 0.415741
0 0.021354 0.547685 0.041667 0.067593
0 0.076302 0.537500 0.099479 0.091667
5 0.158073 0.561111 0.029687 0.075926
0 0.158333 0.530556 0.026042 0.081481
7 0.024219 0.542593 0.013021 0.072222
5 0.027865 0.567593 0.055729 0.062963
6 0.041146 0.547685 0.025000 0.091667
0 0.090104 0.799537 0.180208 0.354630