2 0.501823 0.507407 0.051562 0.174074
5 0.537760 0.491667 0.017188 0.070370
5 0.577083 0.538426 0.048958 0.143519
3 0.626042 0.550463 0.061458 0.113889
6 0.289062 0.476389 0.025000 0.056481
5 0.281771 0.531481 0.056250 0.092593
7 0.171875 0.521296 0.035417 0.148148
4 0.034635 0.535648 0.069271 0.217593
7 0.900521 0.663889 0.086458 0.500000
8 0.705990 0.809722 0.128646 0.380556
6 0.698698 0.632407 0.100521 0.455556
5 0.039062 0.818981 0.077083 0.189815
5 0.065104 0.909722 0.129167 0.180556
6 0.013281 0.922222 0.025521 0.150000
0 0.420573 0.618519 0.218229 0.461111
6 0.303125 0.689815 0.235417 0.388889
5 0.300000 0.877778 0.232292 0.240741