2 0.442448 0.454167 0.036979 0.093519
2 0.463281 0.412037 0.018229 0.035185
0 0.307292 0.564815 0.292708 0.450000
0 0.484375 0.401389 0.016667 0.025000
0 0.482812 0.424537 0.026042 0.032407
5 0.480990 0.558796 0.042188 0.106481
5 0.573438 0.568519 0.066667 0.105556
6 0.480990 0.502778 0.030729 0.129630
6 0.567187 0.510185 0.079167 0.138889
5 0.544271 0.820370 0.221875 0.359259
6 0.506771 0.545833 0.087500 0.204630
6 0.532813 0.724074 0.194792 0.551852
5 0.497917 0.436574 0.015625 0.019444
6 0.494271 0.431481 0.010417 0.033333
5 0.520052 0.443056 0.020313 0.032407