5 0.477344 0.457407 0.015104 0.018519
6 0.595313 0.427315 0.006250 0.019444
6 0.604167 0.424074 0.005208 0.011111
5 0.604948 0.437037 0.006771 0.020370
6 0.599479 0.437037 0.011458 0.038889
5 0.600000 0.444444 0.012500 0.035185
0 0.690104 0.505093 0.110417 0.171296
6 0.586719 0.429630 0.007812 0.022222
5 0.587760 0.442593 0.005729 0.025926
6 0.579427 0.473148 0.021354 0.124074
5 0.583854 0.493519 0.017708 0.092593
2 0.531771 0.540741 0.100000 0.266667
5 0.647396 0.685648 0.115625 0.328704
6 0.615104 0.545833 0.055208 0.286111
6 0.644531 0.598611 0.102604 0.339815
0 0.440885 0.451852 0.034896 0.059259
0 0.421875 0.455093 0.034375 0.062037
5 0.394271 0.595370 0.075000 0.211111
6 0.397917 0.536574 0.065625 0.230556
7 0.195833 0.560648 0.048958 0.206481
2 0.042969 0.656944 0.084896 0.421296
5 0.138542 0.850926 0.276042 0.298148
6 0.110677 0.730556 0.220312 0.531481