0 0.509375 0.395370 0.016667 0.009259
0 0.510156 0.421759 0.034896 0.050926
1 0.574219 0.384259 0.023438 0.025926
0 0.591146 0.395370 0.017708 0.014815
0 0.598177 0.400000 0.016146 0.011111
5 0.608854 0.418519 0.011458 0.024074
6 0.607812 0.407870 0.012500 0.036111
5 0.619271 0.425000 0.013542 0.033333
6 0.619010 0.409722 0.013021 0.047222
0 0.552083 0.420833 0.065625 0.047222
0 0.656250 0.453704 0.086458 0.112963
0 0.569010 0.503704 0.121354 0.209259
5 0.758854 0.557870 0.076042 0.202778
6 0.758333 0.502778 0.059375 0.188889
0 0.965365 0.566204 0.069271 0.245370