0 0.660937 0.423148 0.008333 0.014815
5 0.658333 0.429630 0.005208 0.014815
6 0.658073 0.423148 0.004687 0.014815
5 0.648698 0.430093 0.004687 0.012037
6 0.648438 0.422222 0.005208 0.014815
5 0.653906 0.433333 0.007812 0.020370
6 0.654167 0.424537 0.006250 0.021296
2 0.634635 0.420370 0.009896 0.014815
0 0.610677 0.425463 0.020313 0.006481
5 0.595833 0.440278 0.006250 0.013889
6 0.596615 0.429167 0.006771 0.021296
0 0.628385 0.479167 0.061979 0.110185
5 0.561719 0.442593 0.009896 0.014815
6 0.562240 0.439352 0.010937 0.023148
0 0.573698 0.572222 0.166146 0.279630