2 0.565104 0.508796 0.015625 0.028704
0 0.534896 0.513889 0.025000 0.035185
2 0.501302 0.515278 0.034896 0.067593
0 0.468229 0.514352 0.043750 0.089815
5 0.494010 0.527778 0.016146 0.033333
5 0.452604 0.551852 0.044792 0.100000
6 0.445052 0.490278 0.036979 0.065741
6 0.448958 0.519444 0.053125 0.112963
5 0.420833 0.535648 0.023958 0.089815
5 0.404948 0.539352 0.050521 0.087963
5 0.612240 0.631944 0.108854 0.295370
6 0.614062 0.560185 0.092708 0.300000
4 0.204687 0.653704 0.408333 0.692593
6 0.237240 0.458796 0.059896 0.130556
0 0.645573 0.465741 0.041146 0.081481
0 0.739844 0.521759 0.193229 0.280556