7 0.340885 0.393056 0.013021 0.069444
7 0.358594 0.382870 0.016146 0.080556
0 0.626302 0.358333 0.004687 0.009259
3 0.622917 0.354630 0.004167 0.007407
3 0.618229 0.356481 0.004167 0.009259
5 0.622396 0.369907 0.005208 0.013889
6 0.622396 0.364352 0.004167 0.013889
5 0.611719 0.379630 0.006771 0.018519
6 0.611198 0.371759 0.006771 0.017593
5 0.605469 0.406019 0.014063 0.037963
6 0.605729 0.394907 0.013542 0.041667
6 0.538281 0.386111 0.008854 0.018519
0 0.738802 0.472222 0.159896 0.224074
0 0.527865 0.484722 0.118229 0.184259