4 0.422396 0.377778 0.016667 0.033333
3 0.440104 0.381019 0.007292 0.021296
5 0.385156 0.407407 0.007812 0.014815
6 0.385417 0.396759 0.008333 0.015741
3 0.442188 0.381944 0.009375 0.017593
3 0.454948 0.383796 0.006771 0.013889
0 0.521354 0.380556 0.020833 0.022222
7 0.533073 0.378704 0.011979 0.044444
0 0.501042 0.384722 0.044792 0.036111
2 0.445833 0.393981 0.014583 0.023148
5 0.429948 0.409259 0.013021 0.037037
6 0.430208 0.394907 0.012500 0.036111
5 0.449219 0.408333 0.016146 0.038889
6 0.450260 0.399537 0.016146 0.047222
2 0.411458 0.412037 0.029167 0.070370
7 0.091406 0.469907 0.023438 0.093519
7 0.342187 0.404630 0.006250 0.016667