1 0.516667 0.379630 0.030208 0.027778
10 0.560156 0.362500 0.006771 0.010185
4 0.561979 0.381944 0.027083 0.034259
1 0.533073 0.379167 0.013021 0.012037
6 0.568750 0.391204 0.011458 0.017593
0 0.507812 0.393981 0.016667 0.013889
0 0.536979 0.388889 0.031250 0.014815
6 0.521615 0.390741 0.008854 0.012963
2 0.489323 0.397222 0.013021 0.022222
6 0.492448 0.397222 0.007812 0.018519
2 0.467708 0.422222 0.036458 0.079630
0 0.420573 0.473611 0.099479 0.145370
0 0.532552 0.528241 0.161979 0.267593
5 0.715885 0.677778 0.131771 0.362963
6 0.712500 0.571759 0.107292 0.330556