7 0.308073 0.455093 0.008854 0.043519
7 0.316927 0.438426 0.007812 0.023148
2 0.438021 0.483796 0.038542 0.136111
5 0.498177 0.521296 0.030729 0.098148
3 0.530469 0.522222 0.048438 0.094444
7 0.482292 0.502778 0.040625 0.155556
0 0.383073 0.555093 0.168229 0.321296
5 0.223698 0.539352 0.058854 0.106481
7 0.237500 0.471759 0.022917 0.071296
6 0.225000 0.512963 0.042708 0.142593
4 0.045833 0.497222 0.050000 0.146296
5 0.034115 0.913426 0.066146 0.167593
7 0.695312 0.563889 0.053125 0.301852
5 0.847656 0.748611 0.184896 0.497222
8 0.937240 0.908796 0.123438 0.176852
6 0.964583 0.756944 0.069792 0.478704
5 0.291146 0.880556 0.248958 0.235185
6 0.300521 0.746759 0.229167 0.499074
5 0.291927 0.472685 0.010937 0.037963