0 0.130469 0.582407 0.259896 0.285185
0 0.434115 0.468056 0.014063 0.030556
6 0.437240 0.450926 0.003646 0.012963
2 0.439063 0.469444 0.011458 0.038889
5 0.445312 0.476389 0.020833 0.056481
6 0.446094 0.455093 0.025521 0.065741
5 0.459115 0.473148 0.015104 0.033333
6 0.457292 0.459259 0.013542 0.044444
2 0.476042 0.455093 0.008333 0.023148
2 0.486719 0.457870 0.023438 0.032407
4 0.464583 0.451852 0.025000 0.057407
7 0.536198 0.500926 0.043229 0.200000
0 0.421875 0.471296 0.026042 0.059259
5 0.407031 0.498148 0.034896 0.092593
6 0.415625 0.471296 0.016667 0.096296
6 0.404167 0.468981 0.036458 0.110185
7 0.370573 0.481481 0.022396 0.092593
2 0.829688 0.476852 0.172917 0.207407