4 0.027344 0.513426 0.053646 0.249074
7 0.174219 0.448611 0.039062 0.119444
5 0.223958 0.464815 0.026042 0.087037
6 0.212500 0.446759 0.038542 0.084259
0 0.428906 0.602778 0.269271 0.540741
2 0.526302 0.425000 0.026562 0.100000
5 0.545573 0.420833 0.022396 0.032407
7 0.556771 0.433333 0.015625 0.077778
5 0.578646 0.452778 0.020833 0.101852
5 0.624479 0.507870 0.056250 0.173148
7 0.639583 0.443981 0.029167 0.141667
3 0.694792 0.522222 0.094792 0.144444
8 0.889844 0.861111 0.219271 0.277778
6 0.891406 0.660648 0.195312 0.678704
6 0.123177 0.584259 0.138021 0.309259
5 0.138281 0.794907 0.188021 0.387963
5 0.262240 0.894907 0.403646 0.210185
6 0.208073 0.738889 0.294271 0.514815