5 0.526042 0.462037 0.020833 0.050000
7 0.541667 0.453704 0.011458 0.027778
7 0.569792 0.437500 0.010417 0.030556
0 0.589323 0.458796 0.034896 0.065741
5 0.575781 0.482870 0.027604 0.073148
6 0.576042 0.465741 0.023958 0.077778
5 0.618490 0.450926 0.005729 0.014815
5 0.613021 0.445370 0.007292 0.020370
6 0.618750 0.443519 0.005208 0.029630
7 0.625000 0.444444 0.007292 0.038889
5 0.633073 0.461574 0.010937 0.049074
7 0.640885 0.488426 0.017188 0.075000
2 0.672917 0.466204 0.065625 0.134259
7 0.701562 0.472685 0.017708 0.058333
7 0.706771 0.459722 0.022917 0.095370
7 0.698698 0.512037 0.028646 0.050000
2 0.754687 0.507870 0.083333 0.184259
2 0.817708 0.533796 0.100000 0.228704
2 0.915885 0.591667 0.166146 0.348148