0 0.369531 0.398611 0.018229 0.008333
6 0.349479 0.399537 0.005208 0.008333
0 0.308333 0.405093 0.028125 0.012037
0 0.252865 0.412037 0.041146 0.022222
0 0.546615 0.399537 0.003646 0.010185
0 0.558594 0.400463 0.022396 0.036111
4 0.535937 0.383796 0.018750 0.039815
0 0.529427 0.397685 0.016146 0.026852
0 0.499740 0.423611 0.047396 0.069444
0 0.579948 0.424074 0.055729 0.075926
5 0.628906 0.423611 0.020313 0.058333
6 0.628125 0.410185 0.017708 0.057407
5 0.701042 0.437963 0.026042 0.072222
6 0.700260 0.412500 0.023438 0.052778