0 0.047135 0.606944 0.093229 0.286111
0 0.155990 0.551389 0.224479 0.197222
6 0.223438 0.456944 0.033333 0.076852
5 0.239323 0.624537 0.077604 0.197222
6 0.253906 0.539352 0.049479 0.271296
5 0.309115 0.746296 0.146354 0.464815
6 0.315625 0.612037 0.153125 0.501852
0 0.394531 0.545370 0.156771 0.266667
6 0.489583 0.417130 0.048958 0.076852
7 0.633073 0.404167 0.042188 0.078704
6 0.630990 0.410185 0.034896 0.055556
5 0.814844 0.608333 0.099479 0.268519
6 0.801042 0.520833 0.084375 0.275000
5 0.937500 0.698611 0.122917 0.299074
6 0.971615 0.617130 0.054688 0.475000
0 0.677604 0.681019 0.590625 0.634259