6 0.604167 0.465741 0.009375 0.020370
5 0.602604 0.474537 0.010417 0.019444
5 0.595313 0.473148 0.018750 0.031481
5 0.590625 0.480556 0.011458 0.046296
5 0.582552 0.490278 0.010937 0.047222
5 0.547656 0.491667 0.013021 0.042593
6 0.545573 0.463889 0.009896 0.029630
7 0.557813 0.490278 0.020833 0.099074
7 0.573438 0.489352 0.019792 0.099074
2 0.532552 0.478704 0.022396 0.083333
2 0.444271 0.472685 0.055208 0.132407
0 0.493750 0.510648 0.106250 0.182407
5 0.382292 0.527778 0.026042 0.079630
6 0.382812 0.503241 0.023958 0.086111
2 0.316927 0.564352 0.122396 0.236111
8 0.142708 0.618519 0.090625 0.150000
6 0.128646 0.538889 0.054167 0.161111
5 0.936458 0.781019 0.126042 0.319444