5 0.593490 0.457870 0.017188 0.023148
7 0.623437 0.441204 0.009375 0.015741
5 0.597917 0.463426 0.013542 0.025000
7 0.609375 0.455093 0.016667 0.058333
5 0.632552 0.463426 0.015104 0.052778
2 0.568490 0.465741 0.025521 0.088889
5 0.618490 0.593981 0.055729 0.171296
6 0.619271 0.535185 0.052083 0.175926
3 0.782552 0.601389 0.127604 0.184259
5 0.691146 0.577778 0.073958 0.207407
0 0.496354 0.571759 0.203125 0.358333
7 0.210938 0.503241 0.028125 0.156481
7 0.192708 0.525463 0.038542 0.169444
5 0.231510 0.552315 0.038021 0.154630
8 0.944531 0.918519 0.108854 0.153704
6 0.956250 0.673611 0.086458 0.649074
5 0.295312 0.911574 0.128125 0.173148
6 0.133594 0.756944 0.266146 0.486111