2 0.266667 0.504630 0.065625 0.105556
0 0.397135 0.474537 0.059896 0.060185
4 0.525000 0.421759 0.023958 0.037963
2 0.524740 0.431481 0.011979 0.018519
6 0.528906 0.430093 0.005729 0.012037
5 0.528906 0.437963 0.005729 0.014815
0 0.521615 0.439815 0.017188 0.025926
6 0.516927 0.436574 0.007812 0.021296
5 0.517708 0.445833 0.006250 0.023148
4 0.489323 0.432870 0.052604 0.112037
4 0.561458 0.425000 0.019792 0.037037
2 0.544271 0.431019 0.011458 0.025000
6 0.555990 0.426852 0.006771 0.014815
5 0.560937 0.443981 0.014583 0.034259
6 0.561719 0.436574 0.010937 0.036111
6 0.585677 0.435185 0.013021 0.037037
5 0.586979 0.442593 0.009375 0.027778
5 0.611198 0.440741 0.015104 0.031481
6 0.611719 0.434722 0.014063 0.036111
5 0.626302 0.462037 0.023438 0.059259
6 0.625781 0.449074 0.020313 0.066667
5 0.547917 0.466204 0.020833 0.056481
6 0.547917 0.452315 0.018750 0.065741
5 0.577865 0.473611 0.023438 0.063889
6 0.578385 0.456481 0.021354 0.072222