1 0.494792 0.403704 0.014583 0.046296
1 0.472396 0.396759 0.030208 0.050926
4 0.526563 0.399537 0.031250 0.073148
2 0.576302 0.417593 0.021354 0.050000
10 0.684115 0.367593 0.070312 0.070370
5 0.654687 0.447222 0.028125 0.062963
6 0.654167 0.426389 0.022917 0.075000
8 0.591406 0.422222 0.005729 0.025926
6 0.591146 0.410648 0.007292 0.034259
0 0.547135 0.410648 0.014063 0.026852
0 0.444531 0.426852 0.022396 0.031481
5 0.432031 0.435648 0.007812 0.026852
6 0.430208 0.421296 0.012500 0.031481
0 0.484375 0.422685 0.017708 0.036111
0 0.467969 0.432407 0.031771 0.053704
1 0.370573 0.422222 0.054688 0.079630
0 0.308594 0.444444 0.011979 0.055556
0 0.299479 0.446759 0.012500 0.054630
10 0.285156 0.355556 0.015104 0.031481
6 0.394271 0.418056 0.005208 0.015741
0 0.403906 0.472222 0.078646 0.100000
5 0.022917 0.744907 0.045833 0.182407