5 0.426823 0.429167 0.010937 0.023148
6 0.422656 0.423611 0.006771 0.025000
5 0.419010 0.452315 0.015104 0.039815
6 0.418750 0.435648 0.014583 0.039815
6 0.417708 0.437037 0.017708 0.046296
0 0.453906 0.422222 0.030729 0.035185
7 0.434115 0.432870 0.005729 0.017593
0 0.477604 0.428704 0.031250 0.050000
5 0.534115 0.464815 0.011979 0.044444
6 0.552865 0.405093 0.014063 0.034259
6 0.537240 0.419907 0.015104 0.062037
5 0.362500 0.506019 0.054167 0.141667
6 0.374479 0.473611 0.036458 0.137963
6 0.360156 0.477315 0.053646 0.147222
5 0.205208 0.547685 0.043750 0.102778
5 0.586979 0.695833 0.131250 0.425000
6 0.585938 0.556944 0.106250 0.462037