5 0.337760 0.429630 0.023438 0.022222
5 0.373958 0.428704 0.017708 0.020370
2 0.405208 0.510648 0.062500 0.152778
5 0.412240 0.546296 0.045312 0.135185
6 0.411719 0.518981 0.040104 0.139815
5 0.678125 0.522685 0.037500 0.108333
6 0.680208 0.488889 0.022917 0.107407
0 0.515885 0.491667 0.072396 0.118519
0 0.578646 0.514815 0.113542 0.181481
5 0.346354 0.578241 0.052083 0.152778
6 0.354687 0.539352 0.037500 0.162037
6 0.342708 0.541204 0.046875 0.163889
7 0.754427 0.443981 0.016146 0.060185
0 0.701823 0.411111 0.059896 0.050000