0 0.508594 0.393981 0.007812 0.012037
1 0.519271 0.386111 0.009375 0.014815
0 0.519792 0.393519 0.009375 0.012963
0 0.525521 0.391204 0.005208 0.012037
4 0.530990 0.387037 0.008854 0.011111
0 0.532813 0.394907 0.012500 0.017593
0 0.548698 0.413426 0.032813 0.045370
4 0.594271 0.414815 0.060417 0.161111
5 0.543229 0.423611 0.013542 0.039815
6 0.542969 0.415278 0.015104 0.047222
5 0.633333 0.604167 0.096875 0.262037
6 0.632812 0.521296 0.076042 0.220370
6 0.447396 0.424074 0.016667 0.050000
5 0.446094 0.457870 0.010937 0.030556
0 0.489583 0.493981 0.109375 0.184259