7 0.161719 0.492130 0.034896 0.239815
7 0.247396 0.500000 0.039583 0.201852
5 0.447396 0.430093 0.014583 0.039815
5 0.452604 0.440278 0.018750 0.073148
5 0.490885 0.452315 0.022396 0.062037
7 0.484375 0.405093 0.012500 0.026852
6 0.488542 0.422222 0.023958 0.061111
6 0.488802 0.426852 0.032813 0.062963
2 0.571615 0.416204 0.022396 0.071296
5 0.607031 0.434722 0.035937 0.062037
6 0.607552 0.409722 0.013021 0.056481
2 0.653385 0.442130 0.066146 0.132407
0 0.537500 0.433796 0.080208 0.149074
5 0.830990 0.582407 0.107813 0.296296
5 0.967187 0.749074 0.065625 0.309259
5 0.638281 0.802315 0.153646 0.391667
6 0.635156 0.628704 0.147396 0.494444
5 0.428906 0.489352 0.041146 0.086111
6 0.428646 0.448611 0.035417 0.102778
6 0.298958 0.550926 0.098958 0.264815
5 0.292187 0.632870 0.101042 0.269444
5 0.055729 0.712963 0.105208 0.229630
6 0.011719 0.553241 0.022396 0.089815
6 0.049219 0.774537 0.097396 0.436111
8 0.080729 0.831481 0.160417 0.333333