0 0.508854 0.424074 0.003125 0.012963
7 0.515104 0.431481 0.006250 0.018519
7 0.529167 0.429630 0.004167 0.018519
7 0.553906 0.432870 0.005729 0.012037
7 0.559896 0.425926 0.008333 0.022222
7 0.565104 0.429630 0.005208 0.018519
0 0.576302 0.440741 0.017188 0.035185
0 0.599219 0.453241 0.028646 0.062037
7 0.594010 0.463426 0.017188 0.073148
7 0.585156 0.456481 0.013021 0.064815
0 0.612760 0.467130 0.022396 0.078704
1 0.664062 0.451852 0.091667 0.168519
0 0.555729 0.481944 0.062500 0.095370
5 0.518490 0.471296 0.019271 0.057407
6 0.516406 0.457870 0.018229 0.056481
4 0.483333 0.436574 0.053125 0.130556
0 0.458333 0.441667 0.010417 0.024074
5 0.376823 0.531944 0.045312 0.104630
6 0.385156 0.506481 0.023438 0.116667
6 0.370833 0.505093 0.036458 0.113889
5 0.345313 0.565278 0.053125 0.125000
6 0.348438 0.516667 0.039583 0.137037
0 0.164844 0.534722 0.189062 0.141667
7 0.142708 0.551389 0.048958 0.156481
7 0.169792 0.544907 0.037500 0.130556
5 0.013802 0.578704 0.027604 0.075926