7 0.499740 0.550926 0.051562 0.240741
3 0.080729 0.574537 0.091667 0.087963
5 0.160417 0.557407 0.080208 0.135185
0 0.006771 0.621759 0.012500 0.099074
5 0.379688 0.609259 0.154167 0.196296
6 0.371875 0.562037 0.053125 0.220370
5 0.971354 0.406944 0.012500 0.023148
2 0.986198 0.407870 0.023438 0.056481
2 0.932031 0.407407 0.017188 0.057407
7 0.959375 0.405093 0.010417 0.049074
5 0.891667 0.419444 0.010417 0.038889
2 0.915625 0.418056 0.037500 0.071296
2 0.851302 0.424537 0.046354 0.095370
7 0.872656 0.410648 0.019271 0.052778
7 0.885156 0.448148 0.025521 0.046296
7 0.943490 0.402315 0.008854 0.047222
8 0.783854 0.474537 0.037500 0.067593
5 0.859375 0.473148 0.037500 0.072222
7 0.863281 0.434722 0.023438 0.073148
5 0.835417 0.527778 0.068750 0.155556
6 0.835677 0.488426 0.049479 0.160185
7 0.672917 0.500000 0.020833 0.077778