10 0.301563 0.481481 0.014583 0.033333
5 0.437760 0.494907 0.034896 0.056481
5 0.629427 0.468981 0.017188 0.043519
6 0.629948 0.457870 0.010937 0.049074
5 0.650521 0.455556 0.012500 0.024074
6 0.651302 0.444444 0.008854 0.033333
1 0.683594 0.423611 0.024479 0.032407
0 0.730208 0.421296 0.007292 0.012963
5 0.737240 0.427315 0.004687 0.012037
6 0.737240 0.422685 0.003646 0.017593
0 0.720313 0.429630 0.014583 0.024074
6 0.718750 0.417130 0.003125 0.008333
5 0.715365 0.443519 0.008854 0.018519
6 0.717448 0.433333 0.008854 0.027778
10 0.711719 0.439352 0.005729 0.034259
4 0.746354 0.433796 0.023958 0.162037
4 0.837500 0.452778 0.178125 0.370370
1 0.930990 0.402315 0.116146 0.160185
0 0.934896 0.450463 0.025000 0.050926
2 0.969792 0.435185 0.060417 0.083333
0 0.861979 0.728241 0.277083 0.532407
5 0.556771 0.895833 0.286458 0.208333
6 0.558854 0.650000 0.194792 0.507407
6 0.555729 0.724537 0.271875 0.532407
5 0.110156 0.799074 0.209896 0.322222
6 0.095833 0.700000 0.123958 0.335185