5 0.053125 0.841204 0.102083 0.306481
6 0.016927 0.775463 0.029687 0.387963
5 0.370312 0.568981 0.084375 0.199074
6 0.371094 0.503704 0.069271 0.231481
0 0.601302 0.669444 0.584896 0.661111
5 0.456250 0.449537 0.028125 0.056481
6 0.457031 0.419907 0.032813 0.065741
6 0.460156 0.407870 0.030729 0.052778
5 0.476042 0.423148 0.017708 0.042593
6 0.474219 0.410648 0.017188 0.063889
5 0.498698 0.419444 0.024479 0.044444
6 0.498437 0.405556 0.021875 0.064815
5 0.522135 0.399074 0.013021 0.016667
6 0.526302 0.386111 0.004687 0.025926
6 0.521354 0.389352 0.013542 0.021296
0 0.555208 0.385648 0.062500 0.036111
0 0.553125 0.415741 0.109375 0.051852