5 0.601562 0.450000 0.025000 0.044444
6 0.600000 0.436574 0.011458 0.043519
4 0.557292 0.411574 0.040625 0.067593
0 0.532813 0.421296 0.009375 0.012963
6 0.525260 0.420833 0.005729 0.008333
5 0.496094 0.453241 0.014063 0.032407
6 0.495312 0.444444 0.014583 0.040741
6 0.538281 0.423611 0.004687 0.006481
0 0.534115 0.514352 0.100521 0.180556
5 0.583073 0.670370 0.123438 0.316667
6 0.582812 0.575463 0.090625 0.282407
5 0.344010 0.523148 0.047396 0.100000
6 0.344271 0.499074 0.039583 0.111111
0 0.225781 0.637500 0.293229 0.380556