3 0.798698 0.336111 0.004687 0.016667
5 0.761458 0.340741 0.009375 0.024074
6 0.762240 0.328241 0.007812 0.025000
5 0.715365 0.378241 0.020313 0.058333
6 0.716667 0.354630 0.017708 0.075926
5 0.670052 0.400926 0.029687 0.075926
6 0.669792 0.362963 0.027083 0.074074
5 0.629167 0.478241 0.064583 0.197222
6 0.637760 0.414815 0.043229 0.185185
6 0.627865 0.422685 0.057813 0.197222
2 0.496094 0.422222 0.097396 0.187037
5 0.402865 0.629630 0.160938 0.396296
6 0.454688 0.476852 0.061458 0.346296
6 0.402344 0.521759 0.118229 0.343519