5 0.401042 0.458333 0.009375 0.033333
4 0.427344 0.434259 0.045312 0.105556
6 0.430729 0.442130 0.010417 0.028704
6 0.423438 0.462500 0.019792 0.065741
5 0.422917 0.492130 0.012500 0.041667
7 0.390885 0.469907 0.020313 0.084259
8 0.367969 0.491667 0.024479 0.062963
5 0.342969 0.499074 0.020313 0.066667
7 0.679688 0.459259 0.025000 0.098148
7 0.704167 0.452778 0.042708 0.111111
5 0.655990 0.527315 0.078646 0.130556
5 0.682292 0.587963 0.039583 0.124074
5 0.724479 0.703241 0.100000 0.297222
6 0.724219 0.593056 0.123438 0.362037
6 0.716146 0.628241 0.122917 0.400926
5 0.880990 0.754167 0.186979 0.454630
7 0.161198 0.470370 0.041146 0.079630
0 0.225521 0.646296 0.305208 0.350000
0 0.507552 0.584259 0.229687 0.412963