2 0.408333 0.387037 0.011458 0.005556
7 0.505990 0.437963 0.024479 0.053704
5 0.646094 0.522685 0.103646 0.160185
5 0.747917 0.425000 0.045833 0.074074
4 0.371354 0.390741 0.029167 0.055556
0 0.370312 0.413889 0.018750 0.033333
2 0.357552 0.424074 0.021354 0.048148
4 0.323958 0.424074 0.045833 0.092593
6 0.481510 0.447685 0.020313 0.063889
5 0.529427 0.530556 0.048438 0.127778
6 0.525260 0.481019 0.044271 0.132407
5 0.289323 0.449537 0.014063 0.025000
3 0.293750 0.487963 0.038542 0.053704
5 0.332292 0.518519 0.042708 0.120370
9 0.254688 0.530556 0.021875 0.038889
5 0.207813 0.527778 0.041667 0.124074
3 0.142708 0.554630 0.081250 0.150000
3 0.055990 0.553241 0.111979 0.337963
0 0.428646 0.536111 0.171875 0.294444