5 0.732552 0.470833 0.027604 0.073148
5 0.717448 0.442593 0.008854 0.029630
6 0.716927 0.436574 0.008854 0.028704
7 0.734115 0.432870 0.013021 0.025000
6 0.753125 0.491667 0.042708 0.164815
3 0.808073 0.509722 0.113021 0.110185
5 0.935937 0.475926 0.037500 0.074074
6 0.931771 0.440741 0.023958 0.085185
5 0.982812 0.511574 0.030208 0.082407
7 0.980469 0.506481 0.038021 0.227778
7 0.651563 0.447222 0.012500 0.055556
4 0.631771 0.443056 0.035417 0.069444
4 0.600260 0.435185 0.069271 0.098148
5 0.607292 0.474537 0.021875 0.063889
6 0.607552 0.456019 0.024479 0.069444
4 0.530729 0.437037 0.060417 0.137037
4 0.518229 0.440278 0.052083 0.162037
7 0.407552 0.511574 0.017188 0.091667
7 0.394271 0.521296 0.012500 0.079630
7 0.382031 0.506019 0.018229 0.117593
2 0.125521 0.511111 0.029167 0.114815
0 0.215625 0.520370 0.195833 0.170370
7 0.228385 0.553241 0.043229 0.204630
2 0.080208 0.513889 0.068750 0.098148
4 0.042708 0.834259 0.081250 0.327778