3 0.208594 0.149537 0.098437 0.297222
10 0.607292 0.315741 0.008333 0.035185
10 0.634115 0.313426 0.013021 0.032407
10 0.682031 0.331019 0.010937 0.037963
7 0.747396 0.281944 0.013542 0.032407
10 0.564844 0.315741 0.008854 0.022222
7 0.664583 0.390278 0.044792 0.223148
7 0.761719 0.287500 0.039062 0.071296
10 0.570833 0.344907 0.012500 0.036111
10 0.568490 0.372685 0.013021 0.067593
10 0.901563 0.656481 0.042708 0.237037
1 0.300260 0.254630 0.061979 0.125926
1 0.084115 0.259259 0.167187 0.374074
0 0.146615 0.409259 0.177604 0.251852
0 0.058073 0.617593 0.116146 0.538889
0 0.287760 0.629167 0.574479 0.739815
5 0.774219 0.788426 0.279687 0.421296
6 0.755729 0.654630 0.255208 0.688889