0 0.865625 0.727315 0.269792 0.534259
2 0.960417 0.437963 0.078125 0.083333
4 0.840104 0.454630 0.190625 0.366667
5 0.576302 0.830556 0.155729 0.335185
6 0.603906 0.625926 0.119271 0.440741
6 0.580469 0.690741 0.164062 0.494444
0 0.436719 0.491667 0.034896 0.055556
5 0.628125 0.485648 0.025000 0.065741
6 0.628385 0.466667 0.021354 0.064815
1 0.682552 0.423148 0.023438 0.033333
5 0.707031 0.431481 0.003646 0.007407
6 0.707031 0.425926 0.005729 0.016667
0 0.718229 0.425000 0.011458 0.016667
5 0.718750 0.435648 0.006250 0.012037
6 0.718229 0.426852 0.006250 0.020370
0 0.727604 0.422222 0.011458 0.014815
6 0.736719 0.420833 0.005729 0.012037
5 0.738281 0.427778 0.004687 0.011111
10 0.711198 0.440278 0.008854 0.032407