0 0.064844 0.549074 0.026562 0.029630
0 0.142448 0.554167 0.060937 0.067593
0 0.209115 0.552778 0.073438 0.103704
5 0.363542 0.581481 0.080208 0.122222
5 0.236458 0.600926 0.055208 0.122222
6 0.234896 0.576852 0.045833 0.127778
7 0.070573 0.642130 0.042188 0.160185
5 0.048698 0.556944 0.011979 0.032407
6 0.046875 0.540741 0.010417 0.025926
5 0.033854 0.560648 0.012500 0.023148
6 0.035677 0.548611 0.018229 0.043519
5 0.020833 0.562500 0.010417 0.017593
6 0.017448 0.547685 0.005729 0.013889
5 0.003646 0.569444 0.006250 0.020370
6 0.002604 0.552315 0.005208 0.017593
5 0.070833 0.565741 0.016667 0.040741
6 0.069531 0.545833 0.018229 0.037963