5 0.255990 0.557870 0.079687 0.195370
5 0.304948 0.553241 0.058854 0.149074
5 0.391406 0.640278 0.078646 0.243519
6 0.394792 0.562500 0.077083 0.273148
5 0.410677 0.465278 0.022396 0.065741
0 0.470052 0.441204 0.011979 0.025000
5 0.461198 0.493056 0.027604 0.071296
5 0.471354 0.455093 0.006250 0.010185
6 0.464583 0.433796 0.005208 0.019444
6 0.458854 0.461574 0.029167 0.075000
2 0.503125 0.443519 0.025000 0.035185
0 0.519792 0.469444 0.052083 0.081481
5 0.517969 0.503241 0.030729 0.089815
6 0.516146 0.479630 0.031250 0.096296
7 0.564323 0.459722 0.010937 0.062037
5 0.581510 0.464815 0.014063 0.040741
7 0.574740 0.456944 0.013021 0.071296
5 0.630469 0.536111 0.053646 0.170370