7 0.616927 0.460648 0.019271 0.117593
4 0.560937 0.421759 0.030208 0.036111
7 0.565625 0.422685 0.013542 0.028704
7 0.587240 0.465741 0.014063 0.105556
7 0.601042 0.466204 0.029167 0.150926
7 0.573698 0.477778 0.027604 0.120370
7 0.551823 0.422222 0.008854 0.025926
5 0.645052 0.583333 0.056771 0.138889
7 0.740625 0.590278 0.040625 0.297222
7 0.692708 0.596759 0.086458 0.443519
4 0.356250 0.446296 0.194792 0.337037
0 0.499479 0.527315 0.168750 0.297222
2 0.054688 0.558796 0.108333 0.221296
5 0.120313 0.694444 0.120833 0.296296
5 0.286979 0.679630 0.103125 0.268519
6 0.300000 0.588426 0.068750 0.271296
6 0.284635 0.605093 0.104688 0.275000
6 0.109115 0.628704 0.114062 0.318519
2 0.058333 0.735185 0.115625 0.529630