4 0.304688 0.345370 0.154167 0.111111
0 0.585156 0.379167 0.064062 0.076852
0 0.140625 0.628704 0.280208 0.531481
2 0.360417 0.661111 0.419792 0.677778
5 0.543490 0.430556 0.034896 0.090741
6 0.525000 0.359722 0.012500 0.028704
6 0.545573 0.417130 0.036979 0.136111
5 0.625000 0.543519 0.085417 0.257407
6 0.626302 0.494907 0.075521 0.282407
5 0.683333 0.641667 0.132292 0.377778
6 0.669792 0.530093 0.087500 0.387963
5 0.842187 0.762037 0.315625 0.475926
6 0.755469 0.651389 0.145313 0.697222
6 0.863021 0.662963 0.273958 0.674074