0 0.530208 0.422685 0.035417 0.049074
7 0.809375 0.370833 0.025000 0.095370
5 0.499479 0.452778 0.018750 0.046296
6 0.495312 0.432407 0.016667 0.048148
7 0.829427 0.381944 0.029687 0.073148
5 0.516146 0.468519 0.026042 0.061111
6 0.514583 0.442130 0.023958 0.062037
5 0.559115 0.457870 0.027604 0.067593
4 0.593750 0.426389 0.077083 0.173148
0 0.485677 0.441204 0.024479 0.023148
0 0.450260 0.435648 0.020313 0.034259
5 0.469271 0.447222 0.005208 0.007407
6 0.469271 0.438426 0.007292 0.017593
3 0.616667 0.526852 0.091667 0.140741
5 0.735417 0.509259 0.057292 0.174074
0 0.350260 0.539352 0.228646 0.369444
5 0.450781 0.880556 0.308854 0.238889
6 0.459635 0.733796 0.270313 0.486111