3 0.446094 0.407407 0.022396 0.038889
0 0.463802 0.403704 0.015104 0.024074
1 0.509896 0.380093 0.017708 0.030556
0 0.509115 0.389352 0.009896 0.012037
1 0.494271 0.382870 0.021875 0.028704
0 0.536198 0.395833 0.017188 0.017593
0 0.472656 0.429167 0.043229 0.065741
6 0.524740 0.393519 0.008854 0.014815
0 0.504427 0.417593 0.054688 0.042593
6 0.552083 0.412037 0.017708 0.044444
5 0.564063 0.425000 0.018750 0.048148
0 0.521094 0.477315 0.102604 0.147222
5 0.628385 0.552778 0.071354 0.205556
6 0.627344 0.500463 0.058854 0.191667
0 0.342708 0.431019 0.052083 0.069444
6 0.328646 0.423148 0.012500 0.022222
6 0.302865 0.422222 0.018229 0.018519
0 0.240625 0.683333 0.326042 0.512963