2 0.488542 0.437500 0.008333 0.021296
0 0.502344 0.441204 0.023438 0.050926
4 0.549740 0.414352 0.041146 0.104630
2 0.624479 0.421759 0.045833 0.056481
0 0.472135 0.438426 0.013021 0.028704
7 0.470052 0.448611 0.013021 0.047222
7 0.473438 0.436574 0.005208 0.032407
7 0.478125 0.443056 0.008333 0.041667
7 0.482812 0.437963 0.009375 0.051852
0 0.421354 0.456944 0.088542 0.067593
7 0.461458 0.447222 0.008333 0.037037
3 0.319010 0.514352 0.053646 0.054630
3 0.278646 0.503241 0.035417 0.069444
7 0.233073 0.485648 0.014063 0.075000
7 0.252865 0.492593 0.014063 0.061111
7 0.286719 0.489815 0.020313 0.094444
8 0.343750 0.503704 0.012500 0.048148
5 0.522135 0.700000 0.106771 0.353704
6 0.527604 0.587500 0.102083 0.362037