0 0.377344 0.400926 0.027604 0.018519
0 0.455729 0.398611 0.045833 0.032407
0 0.506771 0.394444 0.052083 0.024074
13 0.570573 0.299074 0.008854 0.016667
7 0.600260 0.389815 0.011979 0.057407
7 0.593229 0.406944 0.012500 0.075000
0 0.362500 0.419444 0.043750 0.050000
0 0.417187 0.410185 0.057292 0.044444
5 0.431250 0.419907 0.016667 0.037963
6 0.427344 0.412037 0.010937 0.044444
5 0.555469 0.441204 0.028646 0.076852
6 0.558073 0.431481 0.027604 0.081481
5 0.385417 0.432870 0.017708 0.056481
6 0.385417 0.419907 0.019792 0.054630
10 0.785677 0.209722 0.070312 0.108333
0 0.494010 0.551852 0.181771 0.303704
6 0.469792 0.400463 0.013542 0.017593