0 0.202344 0.462500 0.033854 0.039815
1 0.252604 0.441667 0.036458 0.061111
0 0.330469 0.455556 0.032813 0.044444
5 0.409896 0.468519 0.014583 0.038889
6 0.411979 0.450000 0.015625 0.044444
5 0.306250 0.505093 0.030208 0.091667
6 0.306250 0.482407 0.030208 0.094444
0 0.461198 0.531481 0.125521 0.187037
5 0.270313 0.495833 0.018750 0.075000
6 0.269792 0.478241 0.020833 0.082407
9 0.203385 0.539815 0.030729 0.050000
5 0.232813 0.569444 0.043750 0.144444
6 0.230729 0.517593 0.046875 0.153704
0 0.044792 0.530093 0.089583 0.136111