3 0.079167 0.212963 0.096875 0.331481
1 0.173958 0.324074 0.073958 0.116667
1 0.306771 0.374537 0.284375 0.508333
7 0.741146 0.388889 0.039583 0.150000
1 0.016667 0.335185 0.032292 0.275926
0 0.082031 0.487963 0.163021 0.264815
0 0.198958 0.667593 0.396875 0.664815
10 0.437760 0.379167 0.007812 0.026852
10 0.478385 0.375926 0.010937 0.027778
10 0.504167 0.373148 0.013542 0.033333
10 0.533854 0.377315 0.012500 0.039815
10 0.548438 0.384259 0.011458 0.037037
10 0.441406 0.402778 0.014063 0.044444
10 0.435937 0.441667 0.016667 0.042593
10 0.697396 0.651852 0.053125 0.190741