5 0.440885 0.494444 0.045312 0.057407
5 0.451042 0.539352 0.051042 0.110185
6 0.454167 0.513889 0.036458 0.109259
0 0.728385 0.422222 0.008854 0.014815
0 0.734635 0.419907 0.007812 0.012037
5 0.731250 0.431481 0.007292 0.011111
6 0.730208 0.424074 0.007292 0.014815
10 0.711198 0.439352 0.008854 0.036111
0 0.692708 0.448611 0.028125 0.043519
1 0.683333 0.422685 0.022917 0.034259
6 0.688802 0.427778 0.003646 0.005556
5 0.678125 0.468981 0.017708 0.050926
6 0.676302 0.455556 0.017188 0.055556
4 0.767969 0.420370 0.060937 0.188889
1 0.930729 0.403241 0.073958 0.150926
4 0.835677 0.450926 0.176563 0.368519
0 0.936198 0.445833 0.026562 0.056481
2 0.967708 0.438426 0.061458 0.076852
0 0.861979 0.728241 0.272917 0.536111
5 0.558594 0.920370 0.307812 0.144444
6 0.563542 0.661111 0.217708 0.598148
6 0.557292 0.727315 0.291667 0.541667
10 0.019010 0.518056 0.019271 0.050926