4 0.085156 0.486574 0.169271 0.593519
5 0.281250 0.525000 0.042708 0.129630
2 0.373437 0.466667 0.048958 0.114815
4 0.434896 0.379630 0.061458 0.075926
0 0.420573 0.441204 0.038021 0.065741
4 0.489844 0.389352 0.046354 0.073148
2 0.486719 0.448148 0.041146 0.094444
7 0.584375 0.419444 0.010417 0.044444
7 0.575781 0.418981 0.013021 0.047222
5 0.596354 0.467593 0.020833 0.068519
7 0.644271 0.449537 0.015625 0.049074
7 0.633594 0.491204 0.014063 0.100926
7 0.616927 0.480093 0.030729 0.147222
5 0.656771 0.505556 0.046875 0.122222
0 0.543750 0.472222 0.098958 0.166667
5 0.438542 0.464815 0.021875 0.061111
6 0.436198 0.439352 0.018229 0.056481
6 0.432552 0.450463 0.023438 0.075000
5 0.461458 0.486111 0.030208 0.090741
6 0.459375 0.464815 0.032292 0.103704
5 0.398698 0.560185 0.055729 0.146296