6 0.337760 0.407407 0.006771 0.009259
0 0.311198 0.413889 0.025521 0.011111
6 0.305208 0.412037 0.010417 0.014815
0 0.335417 0.418981 0.038542 0.026852
0 0.280990 0.425000 0.086979 0.022222
2 0.194271 0.428241 0.041667 0.030556
0 0.207552 0.431944 0.051562 0.025000
6 0.232292 0.419907 0.014583 0.030556
6 0.212760 0.427315 0.019271 0.021296
6 0.131510 0.439815 0.019271 0.035185
6 0.142187 0.441204 0.017708 0.028704
6 0.066146 0.443056 0.009375 0.013889
0 0.065625 0.575463 0.130208 0.258333
0 0.326823 0.489815 0.061979 0.118519
0 0.178646 0.716204 0.356250 0.567593
1 0.671615 0.456019 0.656771 0.910185