4 0.448177 0.381481 0.027604 0.061111
4 0.531510 0.369907 0.007812 0.025000
1 0.548438 0.375000 0.036458 0.057407
2 0.547656 0.397685 0.038021 0.047222
7 0.893750 0.402315 0.031250 0.139815
1 0.730469 0.362500 0.317188 0.515741
1 0.494792 0.367130 0.069792 0.086111
6 0.465625 0.393519 0.019792 0.027778
6 0.521615 0.397222 0.015104 0.025926
0 0.434635 0.402778 0.039062 0.024074
0 0.396875 0.427778 0.055208 0.062963
0 0.340104 0.474537 0.088542 0.132407
0 0.195312 0.539815 0.258333 0.287037
0 0.451562 0.680556 0.312500 0.544444