5 0.427344 0.455093 0.014063 0.039815
4 0.467708 0.429630 0.027083 0.062963
2 0.480729 0.446759 0.027083 0.054630
7 0.463542 0.446296 0.011458 0.051852
7 0.456510 0.449074 0.011979 0.051852
6 0.451302 0.448611 0.010937 0.041667
6 0.445573 0.451389 0.017188 0.045370
5 0.453906 0.466204 0.015104 0.039815
5 0.446094 0.470370 0.020313 0.048148
4 0.379167 0.450000 0.086458 0.196296
5 0.404167 0.535648 0.038542 0.097222
6 0.403906 0.501852 0.036979 0.120370
6 0.488021 0.470833 0.016667 0.082407
5 0.639583 0.504630 0.032292 0.105556
0 0.719271 0.521296 0.128125 0.196296
7 0.947917 0.779630 0.093750 0.435185
7 0.869010 0.727778 0.123438 0.538889
0 0.547656 0.534722 0.167187 0.284259
7 0.177604 0.479630 0.030208 0.164815
5 0.198177 0.567593 0.060937 0.157407
5 0.259635 0.666667 0.099479 0.235185
6 0.261719 0.575000 0.089063 0.238889
5 0.054167 0.814815 0.106250 0.366667
6 0.023698 0.856481 0.047396 0.277778