5 0.080990 0.515278 0.009896 0.026852
6 0.080729 0.503241 0.009375 0.023148
7 0.084896 0.500926 0.005208 0.020370
7 0.090365 0.501852 0.005729 0.024074
7 0.092969 0.497222 0.004687 0.025926
7 0.104427 0.517130 0.011979 0.063889
0 0.045052 0.507870 0.023438 0.019444
6 0.052604 0.505093 0.005208 0.012037
6 0.049479 0.506481 0.005208 0.009259
6 0.037500 0.505556 0.010417 0.018519
5 0.031510 0.539352 0.009896 0.056481
6 0.032813 0.518056 0.011458 0.043519
7 0.045312 0.568056 0.025000 0.154630
7 0.068490 0.564352 0.032813 0.158333
0 0.018750 0.513889 0.036458 0.040741
5 0.007292 0.530556 0.012500 0.038889
6 0.005469 0.522222 0.009896 0.038889