4 0.035417 0.494907 0.069792 0.223148
7 0.224219 0.480556 0.034896 0.151852
5 0.314583 0.481481 0.020833 0.031481
6 0.330729 0.436574 0.020833 0.060185
2 0.508594 0.466667 0.051562 0.198148
7 0.535417 0.464815 0.027083 0.161111
5 0.578906 0.493519 0.048438 0.144444
3 0.632552 0.504167 0.066146 0.125000
7 0.898177 0.420370 0.046354 0.096296
7 0.918229 0.654630 0.163542 0.690741
8 0.895312 0.881481 0.209375 0.237037
6 0.309635 0.742130 0.180729 0.512037
5 0.286719 0.877778 0.258854 0.240741
5 0.089583 0.889352 0.135417 0.221296
6 0.031250 0.808796 0.061458 0.371296
0 0.423698 0.577778 0.225521 0.474074