0 0.051042 0.676852 0.100000 0.233333
1 0.237760 0.437500 0.103646 0.099074
1 0.350000 0.445370 0.148958 0.187037
0 0.159375 0.502315 0.066667 0.084259
0 0.229167 0.533796 0.146875 0.162037
5 0.155469 0.587037 0.068229 0.175926
6 0.162760 0.558333 0.071354 0.188889
6 0.112760 0.504630 0.019271 0.048148
0 0.066927 0.549074 0.131771 0.098148
0 0.424740 0.467130 0.009896 0.047222
0 0.438021 0.452315 0.017708 0.028704
0 0.466406 0.466204 0.083854 0.093519
4 0.572396 0.461574 0.088542 0.169444
5 0.630208 0.466204 0.015625 0.039815
6 0.629167 0.450463 0.012500 0.043519
6 0.654167 0.443056 0.009375 0.028704
5 0.652865 0.458796 0.009896 0.026852
7 0.738021 0.445833 0.011458 0.067593
0 0.692708 0.501389 0.094792 0.134259
5 0.915625 0.531944 0.061458 0.137963
6 0.911198 0.511111 0.036979 0.172222
5 0.836979 0.550463 0.068750 0.182407
6 0.840104 0.495833 0.064583 0.182407
10 0.119531 0.732870 0.019271 0.023148
10 0.231510 0.650926 0.017188 0.024074
10 0.356771 0.548611 0.008333 0.019444