1 0.531510 0.399074 0.015104 0.018519
2 0.552604 0.429167 0.029167 0.045370
2 0.532552 0.424537 0.011979 0.019444
0 0.609896 0.404630 0.039583 0.012963
5 0.709375 0.485648 0.025000 0.095370
2 0.907813 0.626852 0.182292 0.442593
5 0.859896 0.738426 0.207292 0.360185
7 0.835417 0.696759 0.109375 0.465741
7 0.721354 0.470833 0.007292 0.030556
2 0.614583 0.626389 0.187500 0.447222
0 0.503906 0.452315 0.060937 0.093519
7 0.432552 0.493056 0.014063 0.110185
7 0.424740 0.488426 0.025521 0.136111
5 0.494792 0.465278 0.020833 0.071296
3 0.465625 0.495370 0.075000 0.118519
2 0.132031 0.712963 0.264062 0.562963
5 0.104167 0.819907 0.207292 0.356481
6 0.050000 0.849537 0.095833 0.286111