2 0.517188 0.476852 0.015625 0.046296
5 0.529427 0.487963 0.010937 0.022222
5 0.760677 0.518519 0.059896 0.092593
5 0.697917 0.500000 0.015625 0.053704
7 0.412500 0.468981 0.014583 0.034259
5 0.445312 0.489352 0.015625 0.021296
7 0.445312 0.472685 0.008333 0.021296
4 0.480729 0.479630 0.065625 0.161111
5 0.432812 0.517130 0.042708 0.037963
6 0.438802 0.503241 0.009896 0.075000
8 0.315885 0.610185 0.041146 0.129630
7 0.204948 0.562963 0.040104 0.094444
7 0.094010 0.574074 0.038021 0.196296
5 0.171094 0.696296 0.099479 0.225926
5 0.014323 0.739352 0.026562 0.156481
8 0.062240 0.743981 0.110937 0.297222
0 0.619271 0.637037 0.263542 0.459259