0 0.160156 0.430093 0.097396 0.091667
0 0.329688 0.419444 0.034375 0.051852
0 0.346875 0.427778 0.048958 0.055556
4 0.414062 0.395370 0.029167 0.038889
0 0.408854 0.422685 0.025000 0.041667
5 0.433073 0.431019 0.010937 0.034259
6 0.433594 0.422222 0.009896 0.037037
0 0.454427 0.415278 0.018229 0.023148
0 0.547396 0.415741 0.010417 0.016667
0 0.541406 0.441667 0.020313 0.046296
2 0.557552 0.446759 0.028646 0.054630
5 0.571354 0.493056 0.032292 0.091667
6 0.567708 0.470833 0.030208 0.099074
6 0.571615 0.476852 0.034896 0.100000