5 0.426302 0.424537 0.066146 0.145370
6 0.422396 0.389352 0.056250 0.162037
0 0.745573 0.318519 0.025521 0.059259
5 0.658333 0.331481 0.023958 0.048148
6 0.660417 0.322222 0.017708 0.062963
4 0.703906 0.312500 0.067187 0.125000
6 0.421875 0.383796 0.048958 0.141667
5 0.753646 0.377315 0.033333 0.089815
10 0.850521 0.150463 0.048958 0.093519
0 0.590625 0.519444 0.237500 0.407407
7 0.857292 0.443056 0.078125 0.150926
7 0.965885 0.342130 0.067187 0.169444
5 0.952083 0.547685 0.095833 0.254630
6 0.949219 0.461574 0.088021 0.236111