4 0.607031 0.444444 0.008854 0.022222
7 0.615625 0.448611 0.004167 0.019444
7 0.609635 0.451852 0.003646 0.027778
0 0.627865 0.454167 0.019271 0.045370
6 0.640104 0.441667 0.012500 0.029630
5 0.636719 0.466204 0.014063 0.043519
5 0.650781 0.513889 0.038021 0.103704
6 0.650781 0.489815 0.032813 0.105556
2 0.562760 0.460648 0.019271 0.043519
0 0.588802 0.462963 0.041146 0.074074
2 0.524479 0.487500 0.041667 0.097222
4 0.453906 0.483333 0.040104 0.100000
4 0.378646 0.474537 0.130208 0.212037
1 0.264323 0.537500 0.217188 0.319444