2 0.473698 0.459722 0.009896 0.026852
0 0.510156 0.457870 0.016146 0.025000
0 0.487240 0.465278 0.031771 0.043519
5 0.523698 0.490741 0.025521 0.072222
6 0.522917 0.472222 0.021875 0.075926
5 0.425781 0.473148 0.013021 0.037037
6 0.425521 0.461574 0.012500 0.043519
6 0.392708 0.466204 0.014583 0.026852
5 0.385156 0.519907 0.027604 0.069444
6 0.385417 0.491204 0.027083 0.086111
0 0.299479 0.488426 0.065625 0.067593
5 0.297396 0.527778 0.034375 0.100000
6 0.296875 0.500000 0.034375 0.098148
5 0.178125 0.654167 0.105208 0.223148
6 0.189583 0.595370 0.068750 0.209259
6 0.157031 0.593519 0.086979 0.240741