1 0.118750 0.439352 0.233333 0.230556
0 0.102344 0.591204 0.198437 0.284259
0 0.060937 0.780093 0.120833 0.439815
0 0.213021 0.571759 0.153125 0.219444
0 0.404687 0.665741 0.328125 0.444444
0 0.525260 0.537963 0.084896 0.220370
2 0.715104 0.698148 0.421875 0.603704
0 0.940885 0.738889 0.117188 0.518519
0 0.956771 0.498148 0.083333 0.188889
5 0.934375 0.510648 0.079167 0.062037
6 0.948177 0.452315 0.031771 0.128704
6 0.962240 0.470833 0.072396 0.210185
1 0.993490 0.368056 0.014063 0.047222
1 0.971094 0.374074 0.024479 0.062963
1 0.933594 0.357870 0.022396 0.019444
1 0.717969 0.371296 0.298438 0.112963