0 0.324219 0.485185 0.024479 0.033333
0 0.306510 0.524074 0.039062 0.050000
0 0.265625 0.560648 0.060417 0.108333
0 0.322396 0.564815 0.059375 0.094444
0 0.426042 0.489815 0.040625 0.040741
0 0.623177 0.530093 0.099479 0.143519
5 0.445312 0.531019 0.023958 0.049074
6 0.442969 0.514815 0.017188 0.050000
5 0.469792 0.543519 0.023958 0.062963
6 0.467708 0.525926 0.019792 0.070370
5 0.483594 0.523611 0.014063 0.041667
5 0.509896 0.516204 0.025000 0.043519
0 0.142969 0.805093 0.284896 0.389815
0 0.831510 0.735185 0.336979 0.529630
0 0.367708 0.467593 0.016667 0.025926
0 0.361198 0.469444 0.008854 0.029630