5 0.298958 0.402778 0.014583 0.037037
0 0.301302 0.394444 0.014063 0.044444
0 0.347135 0.431944 0.060937 0.117593
6 0.382812 0.376852 0.009375 0.014815
0 0.386719 0.488889 0.114062 0.222222
5 0.463021 0.424074 0.006250 0.009259
6 0.489583 0.397685 0.032292 0.054630
5 0.683333 0.532870 0.155208 0.234259
6 0.658854 0.481944 0.081250 0.226852
0 0.551562 0.680093 0.373958 0.541667
5 0.152865 0.530556 0.031771 0.046296
6 0.170313 0.479167 0.045833 0.137963
5 0.209635 0.742130 0.134896 0.367593
6 0.212760 0.625926 0.124479 0.361111
5 0.108073 0.866204 0.215104 0.267593
6 0.090885 0.702315 0.180729 0.595370