7 0.419010 0.378241 0.010937 0.037963
4 0.553385 0.366667 0.013021 0.022222
0 0.569271 0.374074 0.022917 0.016667
1 0.585677 0.366667 0.015104 0.024074
0 0.589583 0.379167 0.020833 0.013889
10 0.679688 0.328241 0.019792 0.032407
0 0.591667 0.388426 0.031250 0.017593
6 0.572135 0.375000 0.005729 0.012963
6 0.624219 0.394907 0.011979 0.041667
5 0.625260 0.404167 0.013021 0.037963
5 0.615365 0.415741 0.011979 0.033333
6 0.610156 0.397222 0.015104 0.042593
0 0.554427 0.382870 0.020313 0.012037
5 0.573177 0.382407 0.007812 0.011111
6 0.539323 0.383333 0.010937 0.016667
0 0.555469 0.536574 0.181771 0.299074
4 0.897396 0.562500 0.205208 0.617593
5 0.757552 0.620833 0.114062 0.297222
6 0.754687 0.538889 0.086458 0.281481
2 0.501563 0.405556 0.027083 0.057407