3 0.603906 0.425926 0.044271 0.125926
0 0.532552 0.582870 0.207813 0.404630
7 0.641667 0.443519 0.018750 0.051852
5 0.630469 0.553704 0.034896 0.155556
6 0.625260 0.514815 0.035937 0.161111
0 0.427344 0.480093 0.046354 0.075000
7 0.388021 0.475926 0.008333 0.064815
10 0.380469 0.547222 0.008854 0.014815
5 0.368750 0.498148 0.018750 0.051852
6 0.365365 0.480093 0.017188 0.065741
7 0.329688 0.499074 0.015625 0.075926
5 0.314323 0.542593 0.039062 0.085185
6 0.313281 0.510648 0.033854 0.097222
10 0.277083 0.384259 0.013542 0.025926
7 0.278646 0.516204 0.017708 0.084259
7 0.200260 0.504167 0.019271 0.056481
10 0.213802 0.665741 0.016146 0.024074
7 0.074740 0.513889 0.024479 0.059259
5 0.023698 0.555093 0.031771 0.087963
0 0.133073 0.630556 0.265104 0.248148