0 0.500521 0.388426 0.008333 0.025000
6 0.495573 0.387037 0.007812 0.018519
5 0.497917 0.393981 0.005208 0.010185
0 0.526042 0.386111 0.054167 0.037037
0 0.534896 0.396759 0.084375 0.049074
0 0.532552 0.637500 0.306771 0.554630
5 0.489844 0.406019 0.010937 0.023148
6 0.489844 0.396296 0.011979 0.038889
5 0.473177 0.408333 0.009896 0.025926
6 0.472656 0.393056 0.009896 0.030556
5 0.477865 0.408333 0.008854 0.022222
6 0.478125 0.391204 0.007292 0.025000
6 0.461198 0.393981 0.010937 0.034259
5 0.460677 0.414352 0.007812 0.023148
5 0.468490 0.413889 0.016146 0.027778
6 0.466406 0.393981 0.010937 0.034259
5 0.388802 0.457870 0.029687 0.086111
6 0.392448 0.413889 0.018229 0.050000
6 0.387240 0.431944 0.031771 0.099074