5 0.649479 0.443519 0.005208 0.016667
5 0.654948 0.448611 0.008854 0.023148
6 0.654948 0.438426 0.009896 0.028704
5 0.686719 0.462963 0.014063 0.040741
6 0.686979 0.452778 0.019792 0.059259
5 0.641146 0.450463 0.009375 0.032407
6 0.640625 0.436111 0.008333 0.027778
1 0.575521 0.433333 0.036458 0.066667
6 0.567708 0.446296 0.015625 0.048148
5 0.565885 0.462500 0.015104 0.047222
5 0.548698 0.456944 0.015104 0.045370
6 0.545573 0.441204 0.015104 0.054630
6 0.628906 0.436574 0.010937 0.030556
5 0.629427 0.447685 0.010937 0.028704
0 0.594792 0.455556 0.054167 0.100000
5 0.622135 0.561111 0.060937 0.172222
6 0.623177 0.518056 0.050521 0.176852
5 0.780990 0.547685 0.067187 0.189815
5 0.500260 0.458333 0.029687 0.044444
6 0.545052 0.439815 0.011979 0.048148
5 0.525000 0.562963 0.062500 0.166667
6 0.526042 0.513889 0.054167 0.166667
0 0.252865 0.553704 0.100521 0.192593
2 0.116667 0.583796 0.191667 0.293519