5 0.291667 0.454167 0.054167 0.147222
9 0.328646 0.520370 0.030208 0.033333
5 0.347656 0.405093 0.038021 0.062037
5 0.383073 0.407407 0.045312 0.053704
5 0.432292 0.392593 0.012500 0.042593
6 0.410677 0.389815 0.015104 0.044444
6 0.442708 0.414352 0.029167 0.071296
5 0.447656 0.463426 0.026562 0.071296
5 0.414583 0.473611 0.037500 0.128704
6 0.415885 0.443056 0.045312 0.134259
2 0.492448 0.414815 0.066146 0.107407
5 0.492448 0.484722 0.038021 0.113889
6 0.499479 0.442130 0.041667 0.141667
0 0.596354 0.489815 0.194792 0.322222
5 0.677604 0.455556 0.037500 0.105556
5 0.769531 0.467130 0.050521 0.141667
8 0.243229 0.688889 0.128125 0.320370
6 0.246615 0.569907 0.105729 0.284259