10 0.593750 0.338426 0.010417 0.021296
7 0.577083 0.378704 0.005208 0.025926
7 0.586458 0.374074 0.006250 0.029630
6 0.564323 0.384259 0.010937 0.020370
0 0.535156 0.372685 0.023438 0.013889
2 0.545312 0.378704 0.017708 0.025926
0 0.503906 0.378704 0.025521 0.022222
0 0.513542 0.381019 0.019792 0.023148
0 0.533854 0.381019 0.016667 0.019444
1 0.479167 0.376389 0.026042 0.041667
6 0.503125 0.382870 0.008333 0.019444
5 0.503646 0.393056 0.008333 0.017593
5 0.522917 0.390278 0.034375 0.019444
5 0.654167 0.504630 0.063542 0.162963
0 0.550521 0.558333 0.201042 0.335185
6 0.650260 0.453704 0.050521 0.144444