5 0.051302 0.628241 0.023438 0.039815
1 0.135156 0.519907 0.217188 0.308333
5 0.258854 0.546759 0.059375 0.134259
6 0.258333 0.517130 0.052083 0.136111
0 0.305990 0.503704 0.021354 0.064815
4 0.358594 0.434722 0.128646 0.267593
10 0.398698 0.588889 0.009896 0.022222
10 0.361979 0.641204 0.012500 0.025000
10 0.308073 0.718519 0.018229 0.029630
10 0.203125 0.868519 0.028125 0.048148
4 0.557031 0.480556 0.388021 0.637037
5 0.911979 0.600000 0.110417 0.250000
6 0.880990 0.520833 0.033854 0.234259
6 0.913542 0.524074 0.082292 0.251852