0 0.018490 0.441667 0.035937 0.062963
5 0.004948 0.487037 0.008854 0.035185
5 0.023438 0.494444 0.021875 0.050000
6 0.020052 0.477778 0.015104 0.057407
5 0.146354 0.527315 0.034375 0.058333
6 0.142708 0.501852 0.019792 0.070370
0 0.308073 0.524537 0.190104 0.149074
0 0.058333 0.524537 0.090625 0.097222
5 0.039062 0.553241 0.031250 0.089815
6 0.037500 0.510185 0.022917 0.044444
5 0.717708 0.506481 0.075000 0.079630
6 0.718490 0.470370 0.032813 0.101852
6 0.034896 0.537037 0.033333 0.096296
3 0.017188 0.391204 0.021875 0.030556
3 0.007552 0.399074 0.013021 0.037037
6 0.004687 0.406481 0.007292 0.020370
6 0.011458 0.405556 0.007292 0.014815
5 0.927604 0.490741 0.065625 0.075926
6 0.926042 0.465741 0.041667 0.111111