5 0.094792 0.596759 0.059375 0.108333
6 0.086719 0.549537 0.042188 0.106481
1 0.478646 0.424074 0.021875 0.031481
1 0.505469 0.420833 0.021354 0.041667
4 0.518229 0.413889 0.013542 0.070370
1 0.525521 0.439815 0.010417 0.127778
5 0.518490 0.461111 0.004687 0.051852
6 0.516406 0.437500 0.007812 0.049074
4 0.620573 0.461574 0.183854 0.339815
0 0.741146 0.453704 0.090625 0.064815
5 0.790365 0.461111 0.028646 0.024074
6 0.784115 0.444444 0.025521 0.055556
2 0.897135 0.562037 0.204687 0.368519
0 0.771354 0.726389 0.456250 0.539815