5 0.446615 0.460648 0.014063 0.030556
5 0.430729 0.486111 0.020833 0.044444
7 0.449479 0.450000 0.007292 0.020370
0 0.548438 0.587500 0.230208 0.413889
5 0.658333 0.567593 0.041667 0.183333
6 0.651042 0.512037 0.051042 0.162963
5 0.694010 0.458796 0.028646 0.058333
5 0.373177 0.496759 0.020313 0.036111
5 0.802344 0.731019 0.135937 0.415741
6 0.768490 0.536111 0.053646 0.216667
6 0.805208 0.619907 0.130208 0.378704
7 0.949479 0.497685 0.054167 0.278704
7 0.977604 0.636111 0.044792 0.337037
1 0.182552 0.500463 0.364063 0.999074