1 0.975781 0.361111 0.048438 0.094444
4 0.933854 0.368056 0.041667 0.097222
2 0.967448 0.402315 0.050521 0.113889
5 0.993490 0.381019 0.010937 0.028704
6 0.991146 0.365278 0.007292 0.032407
5 0.976042 0.449074 0.041667 0.122222
6 0.975781 0.407870 0.041146 0.123148
7 0.689844 0.390278 0.015104 0.036111
7 0.741667 0.509259 0.054167 0.275926
7 0.701823 0.493056 0.065104 0.282407
7 0.698958 0.388889 0.015625 0.040741
0 0.634896 0.506019 0.214583 0.239815
7 0.631510 0.376852 0.018229 0.051852
7 0.607812 0.532870 0.101042 0.356481
7 0.622135 0.567593 0.081771 0.387037
0 0.406250 0.619444 0.377083 0.394444