0 0.011979 0.410648 0.023958 0.071296
0 0.034896 0.435185 0.052083 0.100000
0 0.155990 0.445370 0.079687 0.111111
0 0.091146 0.463426 0.111458 0.156481
7 0.215885 0.416204 0.005729 0.010185
6 0.271875 0.419907 0.009375 0.010185
6 0.283854 0.421759 0.009375 0.010185
2 0.380729 0.457870 0.070833 0.063889
0 0.335417 0.467593 0.054167 0.072222
0 0.401823 0.534722 0.080729 0.171296
0 0.283073 0.546296 0.231771 0.259259
0 0.980469 0.597685 0.039062 0.065741
0 0.903125 0.601389 0.192708 0.169444
0 0.708073 0.640741 0.581771 0.570370
10 0.047396 0.510648 0.005208 0.015741
10 0.010677 0.564815 0.008854 0.016667
10 0.097656 0.552778 0.008854 0.016667
10 0.066927 0.638889 0.013021 0.022222
10 0.185156 0.616204 0.007812 0.015741
10 0.208594 0.815278 0.023438 0.043519
10 0.371094 0.756481 0.020313 0.035185