4 0.064583 0.407870 0.060417 0.086111
2 0.028646 0.443519 0.056250 0.125926
5 0.132292 0.456019 0.066667 0.078704
6 0.136719 0.438426 0.036979 0.108333
7 0.189062 0.445833 0.027083 0.093519
7 0.329427 0.455556 0.019271 0.029630
7 0.346094 0.437500 0.025521 0.067593
0 0.569271 0.513426 0.156250 0.169444
0 0.463802 0.529167 0.214062 0.206481
7 0.702865 0.560185 0.025521 0.112963
5 0.671875 0.565741 0.058333 0.140741
5 0.744531 0.578704 0.070312 0.144444
5 0.776042 0.582870 0.070833 0.178704
5 0.857031 0.611111 0.095312 0.209259