5 0.019010 0.469444 0.025521 0.124074
6 0.014323 0.465278 0.027604 0.071296
5 0.017448 0.577315 0.033854 0.247222
5 0.124740 0.622685 0.106771 0.347222
5 0.150521 0.737963 0.243750 0.438889
6 0.432812 0.721759 0.108333 0.437963
5 0.407292 0.819907 0.267708 0.360185
7 0.649479 0.699074 0.088542 0.253704
7 0.353385 0.708796 0.136979 0.582407
7 0.567187 0.730556 0.196875 0.538889
5 0.661979 0.935648 0.064583 0.123148
6 0.883854 0.744444 0.096875 0.303704
5 0.924479 0.844907 0.151042 0.310185
6 0.761198 0.772685 0.186979 0.454630