1 0.145313 0.372685 0.031250 0.149074
4 0.015365 0.343519 0.028646 0.035185
2 0.016146 0.427778 0.031250 0.157407
4 0.085677 0.372685 0.110937 0.200926
7 0.123438 0.434722 0.028125 0.141667
2 0.068229 0.474537 0.106250 0.210185
0 0.191927 0.443519 0.100521 0.114815
4 0.418750 0.393981 0.132292 0.147222
4 0.492708 0.381944 0.037500 0.091667
0 0.473438 0.433796 0.032292 0.063889
2 0.495833 0.471296 0.042708 0.114815
2 0.606250 0.478704 0.157292 0.250000
2 0.306510 0.448611 0.082812 0.115741
2 0.378906 0.465278 0.113021 0.132407