7 0.192448 0.553241 0.024479 0.052778
0 0.060156 0.584259 0.018229 0.062963
2 0.041406 0.679167 0.078646 0.282407
0 0.047656 0.822222 0.094271 0.348148
0 0.108854 0.608796 0.095833 0.184259
0 0.142187 0.665741 0.129167 0.218519
0 0.291406 0.765278 0.320312 0.443519
6 0.370052 0.794444 0.214062 0.407407
6 0.317969 0.773611 0.099479 0.354630
0 0.766146 0.767130 0.468750 0.454630
6 0.897656 0.800000 0.201563 0.396296
0 0.108594 0.537037 0.007812 0.011111
0 0.069010 0.533333 0.015104 0.020370
0 0.051823 0.523148 0.011979 0.012963