10 0.082812 0.331944 0.020833 0.050926
0 0.155208 0.424537 0.100000 0.060185
5 0.279948 0.539815 0.082812 0.175926
6 0.282552 0.469907 0.052604 0.130556
2 0.501042 0.504630 0.092708 0.144444
6 0.146615 0.409259 0.021354 0.040741
6 0.156771 0.416204 0.026042 0.037963
6 0.067969 0.403704 0.027604 0.044444
0 0.007552 0.385185 0.014063 0.014815
0 0.034115 0.409259 0.067187 0.040741
0 0.034375 0.387037 0.030208 0.011111
0 0.167448 0.712963 0.333854 0.574074
0 0.797656 0.834259 0.404687 0.331481
5 0.940625 0.613889 0.077083 0.112963
6 0.950260 0.586111 0.031771 0.120370