7 0.714583 0.329167 0.014583 0.034259
0 0.815625 0.351852 0.054167 0.057407
7 0.793750 0.293981 0.010417 0.047222
7 0.846875 0.354630 0.013542 0.050000
7 0.886198 0.397222 0.028646 0.112963
2 0.924479 0.409259 0.054167 0.131481
0 0.974740 0.380093 0.048438 0.078704
7 0.961979 0.391667 0.013542 0.077778
5 0.991667 0.430093 0.013542 0.060185
0 0.738021 0.600463 0.400000 0.504630
5 0.415365 0.637037 0.238021 0.325926
6 0.438542 0.551852 0.115625 0.338889
5 0.979688 0.768056 0.037500 0.295370
10 0.752344 0.323611 0.029687 0.076852