3 0.924479 0.360648 0.012500 0.025000
1 0.931250 0.360185 0.009375 0.040741
7 0.915365 0.369444 0.006771 0.027778
1 0.931771 0.361574 0.008333 0.043519
0 0.923177 0.374537 0.008854 0.025000
1 0.951302 0.342130 0.032813 0.054630
0 0.945312 0.382870 0.038542 0.060185
0 0.962760 0.382870 0.007812 0.073148
1 0.969271 0.365278 0.015625 0.143519
1 0.983333 0.357407 0.033333 0.346296
7 0.803906 0.361111 0.033854 0.100000
7 0.765365 0.414815 0.045312 0.192593
7 0.804167 0.508333 0.069792 0.290741
7 0.682552 0.494444 0.069271 0.398148