0 0.047917 0.429167 0.046875 0.117593
2 0.064062 0.393981 0.021875 0.019444
0 0.094792 0.431019 0.046875 0.100926
7 0.278646 0.416667 0.008333 0.027778
0 0.232813 0.473148 0.100000 0.148148
10 0.282813 0.470833 0.042708 0.097222
0 0.445573 0.502315 0.176563 0.199074
7 0.569531 0.523148 0.011979 0.037037
6 0.611979 0.498611 0.013542 0.062037
2 0.722135 0.554630 0.219271 0.227778
0 0.801823 0.745370 0.395313 0.496296
0 0.404687 0.530093 0.218750 0.206481
0 0.232292 0.473611 0.104167 0.147222
0 0.169792 0.490278 0.127083 0.186111