0 0.964063 0.410185 0.071875 0.124074
5 0.966667 0.469444 0.064583 0.135185
6 0.976302 0.425463 0.043229 0.173148
5 0.854427 0.433796 0.041146 0.100926
6 0.861198 0.380093 0.021354 0.080556
6 0.851562 0.392593 0.039583 0.114815
5 0.899479 0.454630 0.069792 0.131481
6 0.909115 0.434722 0.039062 0.176852
6 0.885417 0.418056 0.052083 0.154630
5 0.708333 0.496296 0.102083 0.187037
6 0.720833 0.460185 0.062500 0.222222
6 0.688021 0.431019 0.076042 0.217593
5 0.637500 0.575000 0.200000 0.244444
6 0.641406 0.520370 0.113021 0.353704
5 0.781250 0.569444 0.153125 0.266667
6 0.803385 0.532407 0.106771 0.362963
0 0.197135 0.580556 0.393229 0.387037
0 0.309896 0.753704 0.617708 0.488889