10 0.927344 0.318519 0.006771 0.020370
4 0.942708 0.344907 0.026042 0.087963
2 0.927344 0.374074 0.031771 0.055556
2 0.894010 0.375000 0.025521 0.062963
0 0.855208 0.362500 0.038542 0.049074
4 0.893750 0.374537 0.025000 0.063889
4 0.942448 0.342593 0.025521 0.083333
2 0.927604 0.371759 0.031250 0.050926
1 0.971875 0.333796 0.056250 0.126852
5 0.914844 0.390741 0.019271 0.029630
6 0.915885 0.374537 0.020313 0.049074
6 0.908854 0.359722 0.007292 0.030556
7 0.870573 0.368519 0.007812 0.051852
7 0.854167 0.388889 0.030208 0.120370
10 0.844010 0.246759 0.039062 0.062037
0 0.895833 0.696759 0.208333 0.606481