4 0.251823 0.297685 0.384896 0.532407
3 0.480469 0.318056 0.140104 0.225000
3 0.551302 0.243056 0.029687 0.037963
3 0.611458 0.337500 0.140625 0.295370
4 0.774219 0.279630 0.063021 0.101852
0 0.863021 0.311111 0.144792 0.125926
6 0.918490 0.304630 0.010937 0.029630
6 0.927083 0.307870 0.012500 0.034259
5 0.928385 0.331944 0.025521 0.032407
7 0.936458 0.307870 0.012500 0.054630
0 0.977344 0.318056 0.041146 0.049074
7 0.945312 0.297222 0.009375 0.033333
0 0.799219 0.350926 0.133854 0.125926
5 0.795312 0.366204 0.040625 0.112037
7 0.818229 0.328241 0.019792 0.106481
5 0.832031 0.393981 0.082812 0.099074
6 0.829427 0.328241 0.022396 0.080556
6 0.847396 0.339352 0.028125 0.115741
7 0.865885 0.366204 0.038021 0.147222
5 0.903906 0.391204 0.067187 0.108333
6 0.893229 0.354167 0.029167 0.115741
7 0.910417 0.384722 0.039583 0.175000