2 0.016927 0.431944 0.031771 0.106481
2 0.067448 0.443056 0.093229 0.119444
7 0.398698 0.381019 0.010937 0.037963
7 0.652083 0.385185 0.012500 0.046296
10 0.365104 0.068981 0.077083 0.108333
13 0.395313 0.031944 0.059375 0.052778
5 0.390885 0.383333 0.017188 0.012963
6 0.392708 0.371296 0.010417 0.022222
7 0.375260 0.380093 0.008854 0.036111
2 0.153906 0.443981 0.093229 0.132407
5 0.172396 0.787963 0.289583 0.424074
6 0.195573 0.700000 0.185938 0.520370
6 0.120833 0.716204 0.237500 0.567593
13 0.989844 0.320833 0.011979 0.058333
6 0.014323 0.369444 0.009896 0.016667