7 0.038021 0.402315 0.012500 0.036111
7 0.035417 0.408333 0.019792 0.033333
5 0.146875 0.392130 0.080208 0.084259
5 0.172135 0.390278 0.081771 0.084259
5 0.272917 0.390278 0.077083 0.112037
5 0.291667 0.398611 0.070833 0.106481
5 0.310156 0.396759 0.069271 0.117593
5 0.345833 0.346759 0.033333 0.026852
5 0.366406 0.378241 0.052604 0.099074
5 0.384635 0.359722 0.025521 0.032407
5 0.404167 0.343519 0.033333 0.040741
5 0.421875 0.346759 0.031250 0.043519
5 0.446875 0.343056 0.031250 0.028704
5 0.452865 0.383796 0.067187 0.087963
5 0.508594 0.376852 0.048438 0.107407
5 0.393750 0.406944 0.070833 0.134259