0 0.173437 0.412037 0.008333 0.016667
0 0.190104 0.414815 0.023958 0.012963
0 0.213021 0.416204 0.018750 0.010185
0 0.237500 0.418056 0.010417 0.012037
0 0.226823 0.422222 0.028646 0.012963
0 0.199479 0.427778 0.026042 0.022222
0 0.182812 0.427315 0.030208 0.032407
0 0.026562 0.413426 0.051042 0.017593
0 0.043490 0.436574 0.085938 0.039815
0 0.124740 0.441204 0.082812 0.026852
2 0.271875 0.471759 0.128125 0.093519
0 0.230729 0.490741 0.162500 0.090741
0 0.113021 0.599074 0.223958 0.359259
5 0.426563 0.523148 0.019792 0.009259
6 0.409115 0.488426 0.055729 0.076852
1 0.722917 0.531944 0.554167 0.630556
0 0.498437 0.685185 0.855208 0.629630