3 0.954688 0.398148 0.051042 0.042593
6 0.904167 0.397222 0.011458 0.022222
1 0.785937 0.337963 0.059375 0.035185
1 0.835677 0.407870 0.129688 0.130556
13 0.825000 0.207870 0.018750 0.102778
13 0.827344 0.309259 0.021354 0.037037
10 0.847135 0.251852 0.022396 0.072222
6 0.934115 0.403704 0.006771 0.020370
7 0.924740 0.394444 0.017188 0.046296
3 0.987240 0.388889 0.022396 0.094444
0 0.893229 0.586111 0.210417 0.355556
7 0.596875 0.427315 0.048958 0.243519
7 0.539062 0.457870 0.059375 0.154630
7 0.544010 0.432870 0.044271 0.223148
5 0.300781 0.668981 0.305729 0.434259