4 0.080469 0.380093 0.066146 0.084259
5 0.064844 0.399074 0.036979 0.048148
6 0.002344 0.421296 0.004687 0.012963
5 0.005729 0.412963 0.010417 0.011111
3 0.400260 0.506481 0.154688 0.203704
7 0.659896 0.428241 0.031250 0.067593
7 0.708854 0.432870 0.030208 0.065741
7 0.713542 0.453241 0.015625 0.028704
6 0.869010 0.456944 0.014063 0.028704
6 0.893229 0.450926 0.009375 0.012963
6 0.912500 0.481019 0.019792 0.065741
5 0.941406 0.501852 0.020313 0.042593
6 0.909896 0.601389 0.095833 0.291667
3 0.700521 0.581944 0.196875 0.245370
3 0.815625 0.563889 0.140625 0.211111
5 0.900781 0.675000 0.183854 0.237037
6 0.458073 0.710185 0.222396 0.568519
5 0.488802 0.832870 0.371354 0.332407