5 0.454167 0.628241 0.231250 0.260185
6 0.456510 0.532407 0.131771 0.335185
0 0.932031 0.335185 0.036979 0.051852
10 0.944531 0.229630 0.046354 0.075926
10 0.977865 0.299074 0.031771 0.055556
5 0.935677 0.366204 0.016146 0.017593
6 0.938021 0.341204 0.009375 0.037963
7 0.930729 0.361574 0.019792 0.097222
6 0.993750 0.366204 0.009375 0.060185
5 0.975000 0.493981 0.050000 0.099074
7 0.958333 0.343056 0.017708 0.063889
6 0.972135 0.423611 0.051562 0.184259
8 0.788021 0.477778 0.096875 0.133333
6 0.795833 0.404167 0.053125 0.163889
13 0.912240 0.230093 0.016146 0.030556