0 0.013281 0.406019 0.025521 0.049074
5 0.080990 0.422685 0.021354 0.028704
6 0.076823 0.408333 0.015104 0.044444
5 0.167187 0.446759 0.020833 0.043519
6 0.163802 0.430556 0.014063 0.061111
0 0.281250 0.425926 0.043750 0.040741
5 0.310417 0.451852 0.022917 0.040741
6 0.311458 0.435648 0.015625 0.043519
7 0.331510 0.443519 0.020313 0.070370
7 0.441667 0.446759 0.015625 0.056481
7 0.454688 0.451852 0.016667 0.062963
7 0.565365 0.468519 0.017188 0.072222
8 0.599219 0.456944 0.024479 0.034259
0 0.760938 0.477315 0.090625 0.073148
2 0.844792 0.540278 0.114583 0.136111
3 0.990365 0.510648 0.019271 0.112037