13 0.508073 0.073148 0.024479 0.059259
10 0.506510 0.486574 0.017188 0.113889
5 0.402344 0.461111 0.020313 0.044444
6 0.397917 0.442130 0.020833 0.041667
5 0.428646 0.568519 0.127083 0.209259
6 0.420052 0.518519 0.069271 0.224074
2 0.815104 0.693981 0.369792 0.536111
0 0.959115 0.964815 0.081771 0.070370
4 0.229687 0.402315 0.175000 0.260185
2 0.130990 0.419444 0.064062 0.087037
0 0.062500 0.418519 0.058333 0.079630
3 0.037760 0.372685 0.023438 0.023148
6 0.021615 0.390741 0.008854 0.037037
0 0.019531 0.451852 0.028646 0.125926
0 0.196615 0.561574 0.238021 0.297222
4 0.007292 0.425926 0.013542 0.366667