5 0.525781 0.712037 0.195312 0.477778
6 0.563021 0.630093 0.110417 0.541667
6 0.515885 0.600926 0.149479 0.520370
3 0.539062 0.392593 0.043750 0.068519
3 0.613542 0.365278 0.081250 0.125000
5 0.743490 0.418056 0.041146 0.110185
7 0.768750 0.421759 0.032292 0.130556
3 0.841927 0.376852 0.043229 0.124074
10 0.826042 0.267593 0.026042 0.046296
10 0.824479 0.303704 0.028125 0.022222
10 0.972396 0.355556 0.014583 0.024074
0 0.985677 0.385648 0.011979 0.028704
0 0.993229 0.396296 0.012500 0.037037
5 0.967708 0.402778 0.010417 0.044444
10 0.972656 0.355556 0.014063 0.024074