9 0.320052 0.402778 0.016146 0.020370
9 0.273177 0.448611 0.021354 0.032407
9 0.295312 0.459259 0.031250 0.035185
9 0.313021 0.459722 0.027083 0.028704
9 0.334375 0.456944 0.026042 0.034259
9 0.360938 0.421296 0.015625 0.022222
9 0.377083 0.409722 0.012500 0.028704
9 0.356771 0.464352 0.014583 0.028704
9 0.361458 0.454167 0.016667 0.026852
9 0.372396 0.468981 0.016667 0.028704
9 0.374479 0.447685 0.018750 0.023148
9 0.398177 0.468056 0.027604 0.034259
9 0.395833 0.452778 0.015625 0.024074
9 0.406510 0.437500 0.011979 0.017593
9 0.403125 0.417593 0.010417 0.020370
9 0.414323 0.425463 0.014063 0.023148
9 0.422917 0.425463 0.011458 0.025000
9 0.423438 0.462500 0.021875 0.030556
9 0.437760 0.471296 0.021354 0.022222
9 0.440365 0.460648 0.025521 0.026852
9 0.439583 0.429167 0.014583 0.023148
9 0.464062 0.441204 0.012500 0.026852
9 0.479687 0.442593 0.013542 0.024074
9 0.466667 0.474074 0.027083 0.046296
9 0.472917 0.470370 0.029167 0.033333
9 0.503125 0.473611 0.020833 0.023148
9 0.518750 0.479630 0.026042 0.029630
9 0.528125 0.450463 0.022917 0.019444
9 0.544792 0.459259 0.019792 0.027778
9 0.576302 0.468981 0.017188 0.028704
9 0.558594 0.452315 0.016146 0.037963
9 0.586719 0.436111 0.014063 0.025926
9 0.573438 0.448611 0.020833 0.041667
9 0.624740 0.461574 0.013021 0.025000
9 0.658333 0.473611 0.012500 0.032407
9 0.669271 0.468056 0.017708 0.028704
9 0.696615 0.473611 0.026562 0.032407