4 0.727865 0.282870 0.011979 0.019444
1 0.706771 0.284259 0.013542 0.031481
0 0.698958 0.294444 0.010417 0.020370
0 0.745052 0.284259 0.006771 0.012963
6 0.765365 0.300000 0.011979 0.042593
5 0.766406 0.306944 0.009896 0.025000
2 0.825000 0.300926 0.026042 0.055556
7 0.887500 0.312963 0.010417 0.050000
7 0.863281 0.299537 0.010937 0.030556
5 0.853906 0.359259 0.029687 0.094444
6 0.854427 0.333796 0.030729 0.095370
4 0.263021 0.386111 0.525000 0.518519
5 0.656510 0.309722 0.006771 0.017593
6 0.655729 0.298148 0.007292 0.014815
4 0.953125 0.287037 0.092708 0.250000
6 0.779167 0.444444 0.081250 0.300000
5 0.778385 0.491667 0.188021 0.214815
7 0.988281 0.485185 0.019271 0.246296