7 0.045052 0.377315 0.018229 0.060185
0 0.107292 0.356481 0.102083 0.077778
7 0.200000 0.370370 0.022917 0.046296
7 0.312760 0.387963 0.018229 0.096296
3 0.340625 0.383333 0.082292 0.137037
7 0.375521 0.368519 0.016667 0.046296
7 0.371094 0.406481 0.025521 0.090741
7 0.391927 0.387500 0.026562 0.136111
3 0.471615 0.370833 0.096354 0.158333
5 0.534115 0.418519 0.076563 0.094444
5 0.610677 0.422685 0.046354 0.095370
7 0.636458 0.410648 0.037500 0.175000
7 0.660937 0.407407 0.027083 0.164815
7 0.679167 0.413426 0.041667 0.180556
3 0.776042 0.426389 0.110417 0.110185
4 0.135417 0.616667 0.268750 0.762963