5 0.801562 0.389815 0.022917 0.027778
6 0.796094 0.378241 0.015104 0.043519
7 0.836979 0.389815 0.012500 0.053704
0 0.863802 0.401389 0.053646 0.058333
0 0.882292 0.410648 0.069792 0.071296
10 0.853125 0.322222 0.014583 0.027778
10 0.854948 0.339352 0.011979 0.017593
0 0.947917 0.403241 0.063542 0.065741
2 0.983854 0.429167 0.032292 0.089815
7 0.905729 0.418981 0.018750 0.095370
5 0.936198 0.415741 0.020313 0.042593
6 0.939583 0.396296 0.010417 0.046296
6 0.932292 0.397222 0.012500 0.048148
5 0.917969 0.463426 0.031771 0.087963
6 0.921615 0.427315 0.031771 0.104630
4 0.713281 0.401852 0.153646 0.340741