2 0.975781 0.314815 0.013021 0.018519
0 0.990885 0.314815 0.017188 0.025926
0 0.954948 0.341204 0.031771 0.049074
2 0.919010 0.328704 0.024479 0.029630
0 0.908333 0.352315 0.048958 0.071296
0 0.900521 0.365278 0.043750 0.075000
7 0.931771 0.364352 0.019792 0.089815
0 0.836198 0.384722 0.119271 0.154630
5 0.911719 0.517130 0.077604 0.225000
6 0.913281 0.468519 0.070312 0.224074
2 0.991667 0.331944 0.014583 0.026852
0 0.984896 0.394444 0.030208 0.116667
0 0.445312 0.594907 0.453125 0.437963
5 0.077083 0.925463 0.153125 0.149074