8 0.008594 0.434722 0.016146 0.054630
5 0.063021 0.424074 0.028125 0.083333
6 0.053125 0.410185 0.027083 0.112963
7 0.091146 0.399537 0.019792 0.112037
7 0.150260 0.424537 0.032813 0.163889
5 0.213802 0.425926 0.045312 0.107407
5 0.246094 0.437963 0.055729 0.114815
6 0.238542 0.388426 0.026042 0.078704
5 0.323177 0.432407 0.045312 0.131481
7 0.508594 0.442593 0.021354 0.066667
7 0.534375 0.447222 0.015625 0.083333
7 0.565365 0.439352 0.020313 0.076852
7 0.475781 0.446296 0.030729 0.057407
5 0.477083 0.460185 0.031250 0.085185
0 0.639323 0.468519 0.104688 0.094444