7 0.009896 0.352315 0.012500 0.065741
7 0.022396 0.355556 0.014583 0.046296
7 0.165365 0.404167 0.028646 0.089815
7 0.252083 0.372222 0.012500 0.055556
7 0.260156 0.421759 0.024479 0.102778
2 0.465885 0.433796 0.108854 0.165741
7 0.526823 0.442130 0.018229 0.128704
7 0.562240 0.471759 0.034896 0.152778
7 0.628125 0.400926 0.013542 0.029630
7 0.630729 0.485185 0.034375 0.148148
5 0.692448 0.413426 0.024479 0.045370
7 0.689323 0.394444 0.007812 0.033333
7 0.707292 0.432870 0.018750 0.108333
5 0.732552 0.412500 0.019271 0.019444