6 0.047917 0.325463 0.016667 0.028704
6 0.034115 0.332870 0.026562 0.043519
5 0.046354 0.368056 0.012500 0.062037
4 0.098958 0.325463 0.096875 0.121296
6 0.117448 0.355556 0.039062 0.098148
5 0.116927 0.372685 0.052604 0.069444
0 0.212500 0.350463 0.163542 0.128704
0 0.448177 0.411111 0.325521 0.274074
5 0.582552 0.375000 0.039062 0.053704
5 0.656250 0.434259 0.116667 0.098148
6 0.650260 0.367130 0.028646 0.047222
6 0.625521 0.407407 0.041667 0.151852
5 0.646875 0.448148 0.096875 0.112963
7 0.810417 0.398148 0.018750 0.114815
7 0.833073 0.414352 0.032813 0.132407
4 0.919271 0.379630 0.161458 0.285185