5 0.676823 0.298148 0.008854 0.022222
7 0.636458 0.301852 0.010417 0.038889
7 0.682292 0.327315 0.017708 0.023148
7 0.825000 0.325000 0.010417 0.031481
7 0.883854 0.321296 0.021875 0.044444
7 0.706250 0.306481 0.011458 0.038889
7 0.729688 0.304630 0.009375 0.016667
4 0.780729 0.331944 0.095833 0.125000
7 0.833333 0.330556 0.009375 0.033333
7 0.836458 0.332870 0.019792 0.043519
7 0.834896 0.398611 0.016667 0.076852
7 0.655469 0.347685 0.022396 0.112037
7 0.616667 0.363426 0.018750 0.056481
7 0.665625 0.363426 0.025000 0.106481
5 0.728385 0.416667 0.049479 0.116667
6 0.717187 0.345370 0.023958 0.100000
6 0.724740 0.375000 0.047396 0.148148