7 0.010677 0.544907 0.021354 0.104630
7 0.013021 0.378241 0.016667 0.043519
10 0.192188 0.295370 0.027083 0.051852
5 0.025000 0.383796 0.025000 0.032407
7 0.153906 0.440741 0.022396 0.051852
7 0.130208 0.583333 0.036458 0.172222
3 0.262500 0.654630 0.214583 0.311111
7 0.259635 0.586111 0.055729 0.327778
6 0.353385 0.513889 0.089063 0.187037
3 0.381771 0.732870 0.304167 0.484259
7 0.148698 0.600000 0.055729 0.166667
7 0.639583 0.803241 0.103125 0.215741
7 0.597917 0.912500 0.172917 0.175000
3 0.803125 0.847222 0.181250 0.303704
7 0.901042 0.711574 0.193750 0.571296