1 0.949479 0.478241 0.101042 0.334259
6 0.427604 0.434259 0.011458 0.020370
0 0.008333 0.366204 0.013542 0.028704
0 0.028906 0.397222 0.045312 0.064815
6 0.084115 0.382407 0.017188 0.022222
6 0.008854 0.395370 0.017708 0.068519
5 0.008333 0.421759 0.011458 0.015741
6 0.037240 0.395370 0.023438 0.057407
6 0.044271 0.401852 0.017708 0.048148
5 0.112240 0.412500 0.114062 0.036111
0 0.379948 0.575926 0.243229 0.301852
0 0.209635 0.712500 0.418229 0.571296
0 0.837760 0.768519 0.322396 0.333333
0 0.809375 0.897222 0.375000 0.203704