13 0.065885 0.243981 0.017188 0.075000
13 0.098437 0.064815 0.028125 0.129630
13 0.077083 0.160648 0.031250 0.056481
3 0.053906 0.318519 0.042188 0.007407
0 0.018490 0.358333 0.033854 0.087037
0 0.049479 0.375000 0.090625 0.111111
5 0.160156 0.521759 0.123438 0.219444
6 0.145833 0.443056 0.085417 0.269444
5 0.040365 0.474537 0.078646 0.180556
6 0.032552 0.437037 0.064062 0.214815
0 0.736198 0.694907 0.527604 0.610185
5 0.005729 0.545833 0.008333 0.075000
10 0.738281 0.311574 0.011979 0.025000
3 0.753385 0.336111 0.036979 0.040741