0 0.009375 0.412963 0.018750 0.055556
2 0.044271 0.423611 0.040625 0.080556
7 0.022135 0.428241 0.017188 0.086111
6 0.008854 0.425926 0.016667 0.050000
5 0.009375 0.479630 0.017708 0.096296
0 0.091667 0.447685 0.097917 0.102778
7 0.219792 0.480093 0.030208 0.150926
5 0.254948 0.516204 0.078646 0.113889
8 0.189323 0.528241 0.047396 0.132407
6 0.187240 0.490278 0.041146 0.173148
5 0.426823 0.768519 0.254688 0.420370
6 0.332552 0.631944 0.067187 0.393519
6 0.402604 0.651389 0.135417 0.426852
0 0.865365 0.688889 0.269271 0.324074