5 0.481250 0.534722 0.120833 0.225000
4 0.795312 0.394907 0.146875 0.265741
5 0.888802 0.478241 0.051562 0.141667
6 0.891146 0.456944 0.056250 0.171296
0 0.955208 0.408333 0.078125 0.109259
7 0.948438 0.451852 0.038542 0.181481
7 0.917448 0.376389 0.015104 0.063889
0 0.975000 0.382407 0.041667 0.053704
7 0.989323 0.405093 0.020313 0.091667
7 0.926042 0.368981 0.008333 0.049074
7 0.931771 0.363426 0.008333 0.034259
7 0.942969 0.355556 0.008854 0.031481
7 0.949479 0.355556 0.009375 0.024074
7 0.963021 0.347685 0.006250 0.015741