5 0.457552 0.565278 0.231771 0.262037
6 0.458594 0.468056 0.135937 0.337963
8 0.796354 0.401389 0.098958 0.150926
6 0.801823 0.341204 0.054688 0.167593
13 0.927083 0.161111 0.014583 0.031481
10 0.957812 0.163426 0.043750 0.078704
0 0.946875 0.270833 0.039583 0.047222
6 0.950260 0.273611 0.010937 0.036111
5 0.950260 0.296296 0.009896 0.024074
7 0.943750 0.290741 0.020833 0.090741
10 0.984635 0.231944 0.019271 0.062037
7 0.966667 0.277315 0.011458 0.065741
7 0.972396 0.271759 0.014583 0.067593
6 0.979167 0.359722 0.041667 0.163889
5 0.977604 0.424537 0.042708 0.106481