9 0.010417 0.324074 0.016667 0.020370
9 0.046094 0.313426 0.015104 0.012037
9 0.057813 0.316204 0.011458 0.019444
9 0.090885 0.305093 0.010937 0.017593
9 0.084115 0.319907 0.013021 0.017593
9 0.064583 0.339815 0.008333 0.024074
9 0.097917 0.323148 0.017708 0.014815
9 0.111719 0.313889 0.021354 0.018519
9 0.138542 0.311111 0.011458 0.014815
9 0.154427 0.310648 0.011979 0.012037
9 0.186979 0.311111 0.013542 0.014815
9 0.210938 0.311111 0.013542 0.014815
9 0.196094 0.308333 0.011979 0.014815
9 0.212760 0.303241 0.009896 0.013889
9 0.282813 0.311111 0.014583 0.014815
9 0.301042 0.304630 0.014583 0.016667
9 0.376042 0.294907 0.008333 0.012037
9 0.441406 0.296759 0.005729 0.008333
9 0.488542 0.307870 0.007292 0.013889
9 0.434375 0.472222 0.019792 0.050000
9 0.436979 0.569907 0.048958 0.080556
9 0.449219 0.571296 0.039062 0.064815
9 0.451562 0.486111 0.015625 0.062963
9 0.398958 0.551852 0.031250 0.074074
9 0.363281 0.552315 0.041146 0.075000
9 0.322917 0.549074 0.035417 0.061111
9 0.318490 0.641667 0.027604 0.116667