4 0.011719 0.376389 0.023438 0.060185
0 0.005990 0.400926 0.011979 0.027778
5 0.032292 0.403241 0.019792 0.028704
6 0.028906 0.380556 0.008854 0.018519
6 0.034896 0.382407 0.009375 0.020370
2 0.054948 0.389815 0.031771 0.042593
7 0.077083 0.397222 0.011458 0.059259
5 0.032813 0.437037 0.026042 0.057407
6 0.032813 0.418056 0.020833 0.063889
5 0.100781 0.445370 0.026562 0.077778
6 0.102083 0.420833 0.026042 0.075000
7 0.458594 0.488889 0.044271 0.231481
7 0.512760 0.481481 0.032813 0.209259
7 0.608854 0.474074 0.037500 0.194444
5 0.893490 0.563426 0.133854 0.187963
5 0.959375 0.597222 0.077083 0.166667