2 0.984115 0.309722 0.009896 0.026852
2 0.989844 0.309259 0.011979 0.024074
2 0.990365 0.316667 0.011979 0.022222
2 0.997135 0.322685 0.005729 0.030556
7 0.977604 0.320833 0.004167 0.026852
7 0.982292 0.321759 0.005208 0.023148
7 0.968750 0.304630 0.004167 0.011111
7 0.966667 0.319444 0.005208 0.024074
7 0.890625 0.365741 0.022917 0.116667
5 0.993750 0.354167 0.007292 0.039815
6 0.992448 0.334259 0.008854 0.027778
5 0.987500 0.375926 0.011458 0.040741
6 0.986719 0.346759 0.016146 0.045370
5 0.973437 0.408333 0.028125 0.079630
6 0.980729 0.367130 0.015625 0.071296
6 0.972135 0.385185 0.028646 0.098148