5 0.401042 0.756944 0.252083 0.486111
6 0.433333 0.696296 0.172917 0.596296
3 0.523698 0.392593 0.075521 0.074074
3 0.615625 0.367593 0.083333 0.129630
5 0.737500 0.406019 0.037500 0.086111
5 0.759375 0.447222 0.072917 0.109259
6 0.767448 0.394907 0.031771 0.076852
10 0.825521 0.267593 0.026042 0.037037
10 0.823698 0.303704 0.026562 0.020370
3 0.841927 0.356481 0.044271 0.077778
0 0.985417 0.388426 0.010417 0.030556
0 0.994271 0.397222 0.011458 0.038889
10 0.972917 0.355093 0.014583 0.023148
5 0.966927 0.404630 0.010937 0.050000
0 0.878906 0.469907 0.242188 0.187963