7 0.244792 0.358333 0.034375 0.190741
5 0.054167 0.423148 0.052083 0.112963
5 0.207552 0.408333 0.052604 0.190741
7 0.174219 0.395370 0.030729 0.200000
7 0.291667 0.372222 0.029167 0.159259
7 0.340365 0.380093 0.036979 0.158333
5 0.352083 0.405556 0.033333 0.122222
0 0.595313 0.412037 0.157292 0.211111
5 0.759896 0.444444 0.096875 0.146296
7 0.738021 0.437500 0.050000 0.210185
7 0.301563 0.584259 0.095833 0.216667
7 0.829948 0.429630 0.021354 0.066667
7 0.930208 0.419444 0.021875 0.070370
7 0.938802 0.374537 0.014063 0.037963