4 0.979427 0.348611 0.025521 0.043519
4 0.945573 0.346296 0.031771 0.048148
4 0.972917 0.350000 0.015625 0.038889
4 0.959896 0.350000 0.013542 0.044444
4 0.966667 0.352778 0.014583 0.038889
3 0.896615 0.350926 0.029687 0.075926
0 0.924219 0.363889 0.043229 0.057407
7 0.896094 0.385185 0.025521 0.092593
7 0.819531 0.339815 0.016146 0.025926
2 0.788542 0.338889 0.029167 0.022222
7 0.762240 0.492130 0.059896 0.319444
0 0.616667 0.501852 0.303125 0.350000
0 0.802344 0.424074 0.110937 0.153704
2 0.817187 0.341667 0.020833 0.027778
3 0.995833 0.354167 0.007292 0.030556