10 0.592708 0.203241 0.071875 0.123148
7 0.674479 0.331481 0.027083 0.072222
3 0.496354 0.646296 0.209375 0.298148
0 0.744792 0.593519 0.314583 0.462963
2 0.880990 0.416667 0.064062 0.155556
5 0.915104 0.385185 0.015625 0.059259
5 0.927604 0.369444 0.022917 0.038889
5 0.975000 0.399537 0.039583 0.052778
7 0.942969 0.357407 0.010937 0.037037
7 0.966146 0.356481 0.010417 0.031481
6 0.977604 0.388889 0.016667 0.074074
7 0.990365 0.362500 0.013021 0.026852
3 0.996875 0.384722 0.006250 0.045370
7 0.995573 0.352778 0.007812 0.027778