9 0.519531 0.300000 0.015104 0.018519
9 0.492969 0.295370 0.011979 0.014815
9 0.444271 0.285185 0.008333 0.014815
9 0.379167 0.281481 0.007292 0.014815
9 0.304427 0.292130 0.017188 0.019444
9 0.284896 0.298611 0.011458 0.015741
9 0.215625 0.289352 0.008333 0.013889
9 0.213021 0.299074 0.012500 0.014815
9 0.199740 0.296759 0.011979 0.017593
9 0.189062 0.299074 0.010417 0.014815
9 0.442188 0.466667 0.021875 0.057407
9 0.332552 0.538889 0.036979 0.050000
9 0.376042 0.539815 0.037500 0.070370
9 0.409635 0.538426 0.026562 0.076852
9 0.452344 0.562963 0.054688 0.098148
9 0.463021 0.469907 0.015625 0.060185
9 0.328906 0.629167 0.027604 0.113889
9 0.012240 0.312963 0.017188 0.024074
9 0.047656 0.306481 0.013021 0.020370
9 0.060677 0.304630 0.009896 0.020370
9 0.067969 0.330093 0.007812 0.023148
9 0.086719 0.311111 0.013021 0.020370
9 0.094271 0.294444 0.010417 0.020370
9 0.115365 0.303704 0.019271 0.020370
9 0.140365 0.300000 0.011979 0.016667
9 0.156771 0.300000 0.017708 0.016667
9 0.100781 0.312037 0.011979 0.022222
9 0.065104 0.553704 0.033333 0.072222