7 0.079687 0.425926 0.018750 0.105556
6 0.017969 0.411574 0.034896 0.075000
6 0.022135 0.436111 0.043229 0.107407
5 0.023438 0.469907 0.045833 0.082407
5 0.496094 0.568056 0.032813 0.119444
5 0.436198 0.543981 0.119271 0.215741
7 0.434115 0.480093 0.052604 0.149074
7 0.239583 0.504167 0.077083 0.206481
7 0.093750 0.475000 0.057292 0.194444
0 0.758854 0.417130 0.029167 0.023148
0 0.772917 0.428704 0.044792 0.033333
0 0.602083 0.408333 0.048958 0.011111
5 0.359375 0.729630 0.193750 0.383333
6 0.264583 0.603241 0.053125 0.341667
6 0.338281 0.624074 0.126562 0.394444
5 0.050521 0.803241 0.100000 0.393519
6 0.028125 0.567593 0.055208 0.287037
5 0.856771 0.966204 0.106250 0.062037
6 0.960417 0.789815 0.079167 0.420370