0 0.199219 0.392130 0.060937 0.052778
5 0.269792 0.410648 0.021875 0.036111
6 0.265104 0.391204 0.023958 0.045370
5 0.192188 0.426389 0.036458 0.080556
6 0.195312 0.394444 0.023958 0.064815
6 0.189323 0.412037 0.030729 0.096296
5 0.140104 0.463426 0.040625 0.106481
6 0.137760 0.424074 0.033854 0.120370
5 0.214583 0.426389 0.026042 0.067593
6 0.219010 0.393056 0.021354 0.054630
5 0.229948 0.508796 0.059896 0.125000
6 0.232031 0.468056 0.047396 0.175000
5 0.027344 0.564352 0.053646 0.226852
6 0.019271 0.509722 0.038542 0.250926