6 0.003646 0.323148 0.007292 0.012963
5 0.004167 0.339352 0.006250 0.010185
6 0.150781 0.372685 0.028646 0.089815
5 0.155208 0.377778 0.034375 0.042593
5 0.251563 0.378704 0.141667 0.124074
0 0.442448 0.400000 0.059896 0.124074
6 0.636719 0.393519 0.008854 0.025926
5 0.657552 0.412500 0.015104 0.012037
6 0.699479 0.426852 0.042708 0.103704
0 0.569531 0.418981 0.231771 0.173148
5 0.704948 0.453704 0.072396 0.083333
6 0.751823 0.418519 0.018229 0.090741
6 0.771615 0.406481 0.019271 0.053704
0 0.807031 0.451389 0.116146 0.117593
0 0.928906 0.440741 0.142187 0.168519
6 0.529948 0.434259 0.057813 0.209259
5 0.537760 0.492130 0.135937 0.169444