5 0.028125 0.392130 0.055208 0.056481
6 0.034896 0.383796 0.022917 0.082407
7 0.087760 0.360185 0.017188 0.057407
7 0.114062 0.353704 0.011458 0.046296
7 0.101042 0.362500 0.022917 0.050926
7 0.126302 0.355093 0.013021 0.050926
7 0.083333 0.374074 0.023958 0.050000
7 0.114844 0.369907 0.021354 0.041667
0 0.257031 0.400000 0.204687 0.192593
3 0.475000 0.363889 0.101042 0.125926
2 0.543750 0.370833 0.016667 0.086111
3 0.786458 0.415741 0.410417 0.298148
7 0.764062 0.478241 0.078125 0.286111
4 0.869010 0.336574 0.149479 0.075000