7 0.006510 0.377778 0.007812 0.035185
5 0.004687 0.407407 0.008333 0.037037
6 0.004427 0.381944 0.008854 0.028704
7 0.048698 0.389352 0.007812 0.049074
5 0.079948 0.408796 0.006771 0.023148
5 0.098698 0.408333 0.019271 0.029630
5 0.107292 0.406019 0.025000 0.034259
5 0.061458 0.432407 0.026042 0.070370
6 0.060417 0.406481 0.022917 0.061111
7 0.193490 0.427778 0.017188 0.085185
7 0.208854 0.423611 0.022917 0.095370
5 0.310677 0.455093 0.040104 0.069444
5 0.154427 0.491204 0.051562 0.126852
6 0.156510 0.462037 0.042188 0.127778
10 0.073958 0.593519 0.016667 0.037037