0 0.089583 0.303704 0.178125 0.229630
0 0.382292 0.376389 0.262500 0.212037
8 0.329427 0.608796 0.130729 0.284259
8 0.222656 0.769444 0.193229 0.461111
7 0.844010 0.397685 0.007812 0.021296
7 0.853385 0.372685 0.014063 0.073148
7 0.916927 0.334259 0.004687 0.011111
7 0.921615 0.335648 0.005729 0.013889
0 0.929167 0.350926 0.016667 0.029630
5 0.951042 0.350463 0.006250 0.023148
6 0.950260 0.343981 0.005729 0.021296
8 0.956771 0.360648 0.005208 0.019444
6 0.955990 0.351852 0.005729 0.020370
7 0.938021 0.396296 0.011458 0.061111