5 0.258073 0.419907 0.035937 0.045370
7 0.254167 0.405093 0.018750 0.065741
7 0.240885 0.406944 0.010937 0.065741
7 0.090104 0.437500 0.014583 0.045370
7 0.106510 0.446296 0.023438 0.046296
7 0.124219 0.451852 0.013021 0.050000
7 0.139063 0.451852 0.029167 0.057407
5 0.080729 0.467130 0.055208 0.095370
5 0.302604 0.443519 0.051042 0.048148
6 0.302865 0.426389 0.023438 0.089815
5 0.336458 0.420370 0.028125 0.050000
6 0.334635 0.402315 0.020313 0.065741
7 0.383333 0.391667 0.009375 0.059259
7 0.392708 0.414352 0.018750 0.104630
7 0.408333 0.412500 0.017708 0.099074
2 0.447396 0.416204 0.069792 0.125000
7 0.460156 0.475926 0.036979 0.087037
5 0.220312 0.485648 0.066667 0.119444
0 0.222656 0.588889 0.072396 0.398148
7 0.641406 0.448148 0.034896 0.101852
3 0.677344 0.463426 0.091146 0.106481
6 0.754948 0.387963 0.020313 0.068519
2 0.813281 0.449074 0.114062 0.216667
3 0.973698 0.359722 0.051562 0.117593