0 0.011719 0.580556 0.022396 0.075926
0 0.049479 0.624074 0.096875 0.172222
0 0.010156 0.772222 0.018229 0.235185
6 0.075781 0.602778 0.032813 0.111111
6 0.087760 0.661111 0.075521 0.216667
5 0.128906 0.840741 0.158854 0.311111
6 0.110937 0.788889 0.125000 0.420370
0 0.385677 0.762037 0.366146 0.418519
1 0.227344 0.520833 0.111979 0.117593
5 0.503906 0.961111 0.145313 0.077778
6 0.638542 0.806019 0.243750 0.376852
5 0.871615 0.816204 0.257812 0.360185
6 0.854948 0.781481 0.142187 0.422222
7 0.917188 0.621296 0.087500 0.366667
7 0.731510 0.617593 0.069271 0.314815
7 0.683333 0.627778 0.094792 0.331481