6 0.005469 0.375000 0.007812 0.012963
7 0.019531 0.373611 0.005729 0.013889
1 0.141927 0.356481 0.195312 0.131481
6 0.083594 0.383333 0.015104 0.014815
0 0.282031 0.471296 0.150521 0.222222
0 0.453385 0.476852 0.234896 0.148148
0 0.914844 0.642593 0.168229 0.416667
0 0.951042 0.729630 0.095833 0.538889
0 0.251302 0.502778 0.128646 0.200000
0 0.030990 0.457407 0.060937 0.168519
0 0.157292 0.542130 0.252083 0.291667
0 0.572396 0.648611 0.550000 0.417593
5 0.697917 0.771296 0.403125 0.455556
6 0.628385 0.712500 0.139063 0.569444