4 0.686198 0.381019 0.040104 0.113889
5 0.901302 0.402778 0.024479 0.055556
4 0.961458 0.377778 0.042708 0.111111
2 0.992188 0.368056 0.015625 0.019444
6 0.984115 0.376852 0.010937 0.035185
5 0.968490 0.418056 0.020313 0.045370
6 0.969531 0.394907 0.026562 0.080556
5 0.926562 0.414352 0.030208 0.075000
3 0.931771 0.387037 0.018750 0.022222
5 0.985677 0.399074 0.009896 0.035185
7 0.993490 0.405093 0.013021 0.063889
4 0.801562 0.399074 0.137500 0.185185
12 0.829167 0.295833 0.023958 0.032407
7 0.791406 0.587500 0.113021 0.384259
2 0.419271 0.652778 0.511458 0.694444