0 0.037240 0.412963 0.035937 0.053704
10 0.129688 0.136574 0.060417 0.097222
5 0.119792 0.418981 0.011458 0.025000
6 0.120833 0.407870 0.009375 0.028704
5 0.146354 0.422685 0.010417 0.019444
6 0.144792 0.412963 0.008333 0.024074
0 0.224219 0.436111 0.044271 0.051852
4 0.287240 0.414815 0.066146 0.085185
4 0.363021 0.413426 0.098958 0.136111
5 0.404948 0.478241 0.032813 0.045370
6 0.403646 0.465741 0.018750 0.059259
0 0.286458 0.492593 0.139583 0.164815
10 0.125260 0.208796 0.064062 0.041667
3 0.863802 0.462963 0.024479 0.029630
4 0.890625 0.466204 0.026042 0.039815