7 0.043750 0.315741 0.014583 0.057407
0 0.231510 0.353704 0.107813 0.111111
5 0.328385 0.355556 0.036979 0.107407
5 0.418229 0.368981 0.046875 0.093519
7 0.407813 0.325000 0.017708 0.061111
5 0.529948 0.388426 0.055729 0.095370
7 0.567448 0.354167 0.022396 0.119444
7 0.601042 0.378241 0.018750 0.080556
7 0.581250 0.381019 0.017708 0.073148
7 0.545833 0.335648 0.015625 0.069444
7 0.534896 0.323611 0.009375 0.037963
7 0.818229 0.383333 0.028125 0.131481
0 0.927344 0.340741 0.022396 0.042593
5 0.926042 0.345833 0.011458 0.049074
5 0.762240 0.381944 0.019271 0.078704
7 0.734635 0.370833 0.023438 0.067593
7 0.716406 0.366204 0.025521 0.119444
5 0.694010 0.376389 0.032813 0.097222