9 0.546354 0.409722 0.018750 0.036111
9 0.552083 0.436574 0.023958 0.049074
9 0.581510 0.406944 0.020313 0.023148
9 0.604427 0.419907 0.015104 0.039815
9 0.596354 0.427315 0.015625 0.039815
9 0.577344 0.447222 0.026562 0.064815
9 0.517448 0.493056 0.016146 0.047222
9 0.671875 0.498611 0.027083 0.050926
9 0.569531 0.514815 0.049479 0.081481
9 0.621354 0.509259 0.017708 0.062963
9 0.614323 0.531944 0.022396 0.078704
9 0.450000 0.538889 0.014583 0.055556
9 0.525000 0.524537 0.028125 0.034259
9 0.546615 0.518981 0.016146 0.025000
9 0.560156 0.551389 0.052604 0.054630
9 0.514323 0.550000 0.049479 0.051852
9 0.511979 0.589352 0.068750 0.086111
9 0.968229 0.567130 0.030208 0.100926
9 0.981771 0.589815 0.036458 0.120370
9 0.883333 0.620370 0.068750 0.112963
9 0.920312 0.626389 0.041667 0.097222
9 0.788802 0.723611 0.101562 0.219444
9 0.743750 0.545370 0.051042 0.087037
9 0.710417 0.558796 0.055208 0.076852
9 0.669792 0.570370 0.046875 0.092593
9 0.686979 0.588426 0.054167 0.082407
9 0.616667 0.617593 0.048958 0.088889
9 0.568490 0.612037 0.030729 0.090741
9 0.474740 0.617593 0.041146 0.092593
9 0.524740 0.654630 0.046354 0.120370
9 0.552865 0.667130 0.030729 0.113889
9 0.571354 0.730093 0.053125 0.162037
9 0.506510 0.708796 0.045312 0.125000
9 0.538281 0.788426 0.033854 0.150926
9 0.435937 0.610185 0.015625 0.068519
9 0.451042 0.644444 0.023958 0.064815
9 0.428646 0.649537 0.023958 0.062037
9 0.390885 0.598148 0.026562 0.133333
9 0.370312 0.589815 0.022917 0.101852
9 0.351302 0.579167 0.020313 0.106481
9 0.305990 0.520370 0.039062 0.074074
9 0.322656 0.600926 0.032813 0.088889
9 0.257292 0.638889 0.090625 0.146296
9 0.311719 0.698611 0.065104 0.121296
9 0.475521 0.737500 0.040625 0.176852
9 0.416406 0.695833 0.035937 0.071296
9 0.438802 0.760185 0.048438 0.183333
9 0.398698 0.800463 0.047396 0.208333
9 0.302865 0.773611 0.084896 0.108333
9 0.354948 0.831944 0.053646 0.219444
9 0.290885 0.829167 0.077604 0.141667
9 0.298698 0.905093 0.109896 0.187963
9 0.030990 0.777315 0.046354 0.145370
9 0.109375 0.895833 0.194792 0.206481
9 0.191667 0.885648 0.117708 0.182407