3 0.870052 0.367593 0.007812 0.018519
0 0.875781 0.362963 0.011979 0.020370
0 0.893750 0.363889 0.013542 0.029630
5 0.883333 0.372222 0.014583 0.029630
6 0.884115 0.363889 0.011979 0.029630
5 0.898438 0.371296 0.010417 0.020370
6 0.899479 0.366204 0.008333 0.023148
0 0.917448 0.372222 0.022396 0.031481
5 0.929688 0.378241 0.011458 0.026852
6 0.928906 0.369444 0.011979 0.029630
7 0.944531 0.374074 0.007812 0.037037
7 0.936458 0.374537 0.008333 0.034259
0 0.988542 0.386111 0.011458 0.033333
0 0.970573 0.387037 0.039062 0.044444
5 0.833594 0.612500 0.122396 0.297222
6 0.853646 0.480556 0.057292 0.192593
6 0.825521 0.537037 0.106250 0.305556