1 0.014583 0.353704 0.028125 0.033333
4 0.011198 0.406019 0.022396 0.073148
3 0.038802 0.375926 0.034896 0.033333
0 0.051823 0.428241 0.072396 0.078704
1 0.186198 0.403704 0.146354 0.190741
0 0.134375 0.464815 0.115625 0.129630
1 0.613802 0.458796 0.348438 0.263889
0 0.726302 0.588426 0.131771 0.241667
5 0.574479 0.575000 0.046875 0.116667
6 0.590104 0.491204 0.017708 0.100926
5 0.654687 0.641667 0.167708 0.201852
6 0.602604 0.536574 0.044792 0.252778
6 0.648698 0.565741 0.069271 0.257407
2 0.372656 0.489352 0.240104 0.465741
4 0.889323 0.439352 0.221354 0.836111
10 0.003906 0.458333 0.005729 0.011111
10 0.064844 0.497222 0.006771 0.014815
10 0.023438 0.522685 0.007292 0.015741
10 0.122656 0.531944 0.008854 0.015741
10 0.072135 0.568981 0.009896 0.017593
10 0.225260 0.591204 0.010937 0.017593
10 0.189323 0.675926 0.016146 0.029630
10 0.441667 0.703241 0.013542 0.032407
10 0.528385 0.949537 0.026562 0.054630