6 0.118490 0.312037 0.013021 0.018519
0 0.236719 0.314352 0.054688 0.045370
6 0.205208 0.312500 0.029167 0.043519
6 0.251042 0.342130 0.034375 0.056481
5 0.261979 0.357870 0.020833 0.017593
0 0.325260 0.346759 0.020313 0.065741
0 0.380729 0.356944 0.109375 0.102778
7 0.469792 0.325926 0.014583 0.035185
6 0.360938 0.353704 0.016667 0.087037
6 0.377865 0.355093 0.028646 0.087963
5 0.380208 0.392130 0.060417 0.067593
6 0.592708 0.374074 0.021875 0.101852
7 0.489583 0.366667 0.025000 0.096296
6 0.610938 0.372685 0.030208 0.102778
5 0.615625 0.398611 0.068750 0.095370
6 0.722135 0.375463 0.026562 0.097222
6 0.752083 0.383796 0.036458 0.099074
5 0.750521 0.412037 0.083333 0.090741
0 0.913542 0.399537 0.151042 0.106481
0 0.142448 0.534259 0.283854 0.516667