4 0.973177 0.634722 0.052604 0.723148
1 0.986719 0.327778 0.023438 0.079630
0 0.966406 0.405093 0.064062 0.106481
7 0.746875 0.623148 0.100000 0.550000
7 0.948958 0.365741 0.015625 0.046296
5 0.921615 0.402315 0.024479 0.065741
6 0.917708 0.383796 0.021875 0.078704
7 0.865625 0.371759 0.015625 0.080556
7 0.856771 0.343056 0.007292 0.021296
7 0.854427 0.369444 0.014063 0.083333
7 0.839583 0.374537 0.011458 0.067593
7 0.845573 0.374537 0.008854 0.071296
7 0.839063 0.375463 0.011458 0.069444
7 0.834115 0.370370 0.009896 0.074074
7 0.818750 0.421296 0.028125 0.131481
7 0.804688 0.392130 0.028125 0.136111