5 0.106510 0.334259 0.054688 0.066667
5 0.153646 0.341667 0.075000 0.085185
5 0.222656 0.349074 0.064062 0.105556
7 0.225781 0.298611 0.013021 0.049074
5 0.143229 0.368981 0.025000 0.075000
6 0.143490 0.336111 0.028646 0.096296
6 0.132292 0.319907 0.008333 0.049074
8 0.277083 0.372685 0.029167 0.091667
6 0.292448 0.346296 0.022396 0.133333
7 0.335938 0.342593 0.026042 0.118519
5 0.503906 0.358333 0.074479 0.151852
7 0.652865 0.304630 0.028646 0.111111
7 0.740625 0.311111 0.025000 0.096296
7 0.926823 0.282870 0.025521 0.150926
0 0.103125 0.529630 0.204167 0.446296