5 0.008073 0.345370 0.013021 0.031481
0 0.068750 0.354167 0.104167 0.089815
5 0.131771 0.354630 0.016667 0.048148
5 0.177865 0.355093 0.045312 0.063889
7 0.246354 0.314815 0.020833 0.044444
7 0.267969 0.305093 0.017188 0.034259
7 0.314583 0.326852 0.018750 0.042593
5 0.363802 0.395833 0.091146 0.117593
7 0.502083 0.357870 0.030208 0.147222
7 0.536458 0.359722 0.034375 0.143519
7 0.565365 0.356019 0.025521 0.152778
5 0.769010 0.427778 0.067187 0.146296
7 0.902604 0.371759 0.019792 0.139815
7 0.942448 0.368056 0.043229 0.136111