7 0.144531 0.588426 0.018229 0.071296
6 0.060156 0.561111 0.005729 0.024074
5 0.060417 0.568056 0.007292 0.021296
5 0.064062 0.576852 0.010417 0.025926
6 0.064323 0.570833 0.010937 0.037963
5 0.047917 0.575463 0.009375 0.026852
6 0.048698 0.568981 0.009896 0.032407
5 0.128646 0.607407 0.017708 0.048148
6 0.129427 0.598611 0.019271 0.073148
6 0.227604 0.598148 0.022917 0.107407
5 0.225260 0.624537 0.038021 0.060185
0 0.023438 0.556019 0.014583 0.017593
5 0.080208 0.620370 0.054167 0.074074
6 0.078906 0.607870 0.035937 0.095370