5 0.975260 0.404630 0.048438 0.090741
2 0.765365 0.468056 0.218229 0.297222
5 0.448698 0.424537 0.086979 0.123148
5 0.494531 0.446759 0.101562 0.130556
2 0.764323 0.465741 0.220312 0.301852
7 0.320833 0.423611 0.034375 0.091667
7 0.296875 0.367130 0.029167 0.087963
5 0.286719 0.449074 0.047396 0.118519
7 0.095312 0.342593 0.039583 0.077778
7 0.070573 0.380556 0.032813 0.146296
2 0.015104 0.454167 0.030208 0.225000
7 0.036719 0.446759 0.046354 0.215741
5 0.178646 0.436574 0.054167 0.150926
5 0.096615 0.502315 0.086979 0.252778