0 0.014583 0.401852 0.028125 0.053704
0 0.059375 0.411111 0.044792 0.037037
0 0.165365 0.437500 0.106771 0.034259
0 0.420833 0.624537 0.288542 0.356481
0 0.913281 0.857407 0.173437 0.285185
0 0.173698 0.712037 0.344271 0.566667
5 0.233333 0.447685 0.025000 0.030556
6 0.491146 0.456944 0.015625 0.025000
5 0.587760 0.555093 0.071354 0.119444
6 0.582292 0.523148 0.032292 0.118519
6 0.081510 0.412037 0.013021 0.038889
6 0.091146 0.415278 0.022917 0.028704
6 0.029948 0.407870 0.025521 0.043519
6 0.007292 0.407870 0.013542 0.047222