0 0.244010 0.385185 0.063021 0.061111
1 0.570312 0.362037 0.241667 0.198148
8 0.498437 0.432407 0.044792 0.064815
6 0.495573 0.397222 0.032813 0.085185
13 0.509375 0.050000 0.035417 0.098148
13 0.523958 0.196296 0.037500 0.066667
13 0.524479 0.238426 0.054167 0.065741
7 0.611979 0.435185 0.038542 0.183333
7 0.637760 0.423611 0.044271 0.197222
5 0.675521 0.474537 0.025000 0.130556
1 0.838281 0.316667 0.323437 0.631481
0 0.141146 0.450926 0.267708 0.229630
7 0.059635 0.498148 0.056771 0.275926
7 0.011458 0.500926 0.021875 0.294444
6 0.679167 0.425463 0.017708 0.054630