2 0.039062 0.335648 0.031250 0.086111
7 0.017708 0.356019 0.017708 0.047222
7 0.005469 0.352778 0.010937 0.044444
2 0.077865 0.351852 0.089063 0.116667
2 0.142448 0.334259 0.048438 0.090741
2 0.189583 0.329630 0.063542 0.088889
4 0.311458 0.291667 0.138542 0.174074
3 0.462500 0.268519 0.062500 0.116667
5 0.417969 0.336111 0.040104 0.061111
5 0.469010 0.347685 0.042188 0.062037
6 0.410156 0.305093 0.015104 0.041667
5 0.411979 0.315278 0.008333 0.026852
6 0.421354 0.328704 0.018750 0.075926
6 0.484375 0.319444 0.013542 0.038889
6 0.401042 0.322222 0.012500 0.062963
7 0.395573 0.354167 0.026562 0.123148
5 0.371615 0.348148 0.019271 0.057407
6 0.369010 0.331019 0.019271 0.087963
5 0.340625 0.362500 0.046875 0.099074
6 0.336198 0.347222 0.045312 0.101852
5 0.321094 0.412963 0.051562 0.129630
7 0.372396 0.362500 0.027083 0.128704
7 0.455729 0.386111 0.050000 0.220370