4 0.034115 0.306481 0.065104 0.140741
1 0.068490 0.301852 0.036979 0.064815
1 0.187240 0.311111 0.192188 0.100000
0 0.091406 0.345833 0.051562 0.063889
0 0.156510 0.355093 0.086979 0.073148
6 0.197396 0.323148 0.011458 0.014815
6 0.238281 0.320833 0.008854 0.012037
0 0.229427 0.368981 0.114062 0.097222
1 0.394531 0.289815 0.109896 0.072222
0 0.353125 0.345833 0.132292 0.113889
1 0.958333 0.324074 0.081250 0.179630
0 0.982552 0.428704 0.031771 0.135185
0 0.571094 0.597222 0.857812 0.805556
1 0.844010 0.254630 0.046354 0.033333