9 0.058854 0.406019 0.020833 0.032407
9 0.202865 0.375926 0.019271 0.024074
9 0.079167 0.404167 0.019792 0.021296
9 0.199740 0.385648 0.021354 0.023148
9 0.235156 0.380556 0.022396 0.025926
9 0.279687 0.375000 0.012500 0.020370
9 0.215104 0.418981 0.019792 0.034259
9 0.244531 0.435185 0.025521 0.038889
9 0.275781 0.396296 0.024479 0.018519
9 0.276823 0.422685 0.025521 0.023148
9 0.272917 0.412037 0.020833 0.031481
9 0.295833 0.412500 0.029167 0.034259
9 0.278906 0.437963 0.030729 0.042593
9 0.201042 0.457407 0.019792 0.042593
9 0.260937 0.554167 0.043750 0.084259
9 0.220573 0.454630 0.033854 0.046296
9 0.178385 0.525000 0.035937 0.051852
9 0.351562 0.358333 0.016667 0.016667
9 0.338802 0.375463 0.011979 0.025000
9 0.349479 0.374537 0.021875 0.017593
9 0.386458 0.374074 0.021875 0.022222
9 0.353125 0.395833 0.026042 0.028704
9 0.407552 0.377778 0.025521 0.024074
9 0.380208 0.385185 0.026042 0.027778
9 0.405469 0.446759 0.035937 0.045370
9 0.451562 0.356019 0.019792 0.017593
9 0.488542 0.351389 0.018750 0.017593
9 0.455729 0.367130 0.018750 0.023148
9 0.485938 0.370833 0.022917 0.021296
9 0.472656 0.368981 0.017188 0.023148
9 0.544531 0.362037 0.018229 0.016667
9 0.519271 0.368981 0.021875 0.023148
9 0.514323 0.391204 0.026562 0.030556
9 0.526042 0.381481 0.023958 0.025926
9 0.539323 0.368981 0.020313 0.021296
9 0.567448 0.365278 0.017188 0.021296
9 0.559635 0.368981 0.019271 0.023148
9 0.622917 0.338426 0.007292 0.013889
9 0.609635 0.356944 0.019271 0.017593
9 0.618750 0.432870 0.035417 0.039815
9 0.689583 0.353704 0.017708 0.016667
9 0.765885 0.372685 0.022396 0.023148
9 0.777083 0.342593 0.014583 0.014815
9 0.830469 0.333796 0.006771 0.012037
7 0.882292 0.328241 0.005208 0.023148
9 0.867708 0.342593 0.009375 0.016667
9 0.866146 0.358796 0.011458 0.015741
9 0.898438 0.338889 0.008333 0.007407
9 0.888802 0.348148 0.014063 0.014815
9 0.927344 0.347685 0.005729 0.012037
9 0.899740 0.348148 0.011979 0.012963
9 0.898698 0.362037 0.011979 0.012963
9 0.863802 0.663426 0.116146 0.100926
9 0.953906 0.345833 0.010937 0.013889
9 0.980469 0.346759 0.006771 0.010185
9 0.961198 0.348148 0.005729 0.009259
9 0.989844 0.365741 0.007812 0.012963
9 0.967708 0.350926 0.006250 0.011111
9 0.986979 0.344907 0.008333 0.010185
9 0.994271 0.345833 0.003125 0.010185