1 0.179427 0.384259 0.061979 0.083333
4 0.111458 0.402778 0.096875 0.227778
3 0.010156 0.356944 0.015104 0.032407
0 0.221354 0.443519 0.106250 0.146296
0 0.473698 0.520370 0.172396 0.162963
0 0.334635 0.514815 0.183854 0.211111
6 0.948958 0.505093 0.013542 0.010185
6 0.912760 0.515278 0.031771 0.060185
0 0.940625 0.551389 0.117708 0.145370
0 0.782813 0.659722 0.434375 0.449074
10 0.028125 0.506019 0.007292 0.012037
10 0.119010 0.514815 0.006771 0.012963
10 0.064323 0.544907 0.008854 0.013889
10 0.191406 0.563889 0.006771 0.014815
10 0.133333 0.613426 0.012500 0.025000
10 0.314063 0.607870 0.021875 0.195370