5 0.435937 0.334259 0.044792 0.087037
7 0.074479 0.355556 0.015625 0.022222
7 0.094792 0.345370 0.004167 0.007407
7 0.121094 0.344444 0.003646 0.007407
0 0.101823 0.358796 0.055729 0.032407
5 0.513021 0.336574 0.048958 0.075000
7 0.539844 0.299537 0.015104 0.056481
7 0.560937 0.335648 0.023958 0.099074
5 0.544010 0.346759 0.023438 0.084259
7 0.570833 0.288426 0.012500 0.034259
7 0.572396 0.335185 0.013542 0.107407
7 0.594010 0.323148 0.015104 0.072222
7 0.624219 0.300463 0.013021 0.052778
7 0.619010 0.347685 0.019271 0.108333
0 0.661198 0.329167 0.065104 0.073148
5 0.824479 0.335185 0.028125 0.038889
6 0.829688 0.326852 0.010417 0.040741
7 0.695573 0.349074 0.022396 0.087037
7 0.713802 0.356019 0.024479 0.119444
7 0.657292 0.343056 0.028125 0.080556
7 0.973437 0.386574 0.025000 0.067593
5 0.967187 0.447685 0.064583 0.087963
7 0.602865 0.488426 0.051562 0.284259
7 0.625521 0.540741 0.039583 0.185185
7 0.403646 0.514352 0.042708 0.162037
7 0.393229 0.534259 0.066667 0.127778
7 0.262500 0.435648 0.045833 0.210185
7 0.224479 0.462037 0.040625 0.251852
7 0.170833 0.400463 0.025000 0.154630
7 0.154948 0.418056 0.038021 0.186111
7 0.192969 0.481944 0.048438 0.337963
7 0.264062 0.558333 0.032292 0.201852
7 0.317969 0.510185 0.063021 0.327778
7 0.301823 0.464815 0.048438 0.174074
3 0.003906 0.569444 0.007812 0.142593