0 0.167969 0.415741 0.026562 0.046296
0 0.132552 0.411111 0.026562 0.040741
0 0.151302 0.429630 0.035937 0.055556
0 0.098177 0.432407 0.060937 0.079630
0 0.034375 0.417593 0.033333 0.062963
5 0.056250 0.437037 0.019792 0.048148
6 0.055729 0.415741 0.015625 0.059259
5 0.014063 0.446759 0.026042 0.060185
6 0.015365 0.418056 0.019271 0.076852
1 0.256250 0.399537 0.028125 0.032407
1 0.293750 0.400463 0.042708 0.043519
0 0.245052 0.422685 0.021354 0.032407
0 0.263542 0.443056 0.038542 0.058333
0 0.291927 0.450000 0.041146 0.077778
1 0.469792 0.434259 0.331250 0.329630
0 0.719271 0.658796 0.561458 0.682407
10 0.239323 0.461574 0.004687 0.010185
10 0.252344 0.480093 0.004687 0.008333