7 0.058073 0.369444 0.022396 0.081481
7 0.067969 0.370370 0.027604 0.122222
7 0.088542 0.346296 0.014583 0.059259
5 0.073177 0.383796 0.046354 0.054630
7 0.172396 0.338426 0.020833 0.078704
7 0.182552 0.343056 0.015104 0.058333
7 0.314844 0.356481 0.014063 0.072222
7 0.477344 0.358796 0.011979 0.063889
7 0.552344 0.410185 0.032813 0.122222
7 0.736979 0.365278 0.006250 0.032407
7 0.743490 0.364815 0.010937 0.038889
5 0.748958 0.393056 0.015625 0.049074
7 0.829688 0.450000 0.029167 0.159259
7 0.901302 0.380093 0.011979 0.028704
7 0.935677 0.385185 0.009896 0.040741
7 0.971615 0.391667 0.009896 0.053704
5 0.984115 0.417593 0.027604 0.057407