4 0.058594 0.320370 0.058854 0.050000
7 0.049479 0.316667 0.010417 0.044444
6 0.089323 0.325463 0.015104 0.041667
5 0.100000 0.339352 0.011458 0.013889
0 0.143229 0.319444 0.046875 0.048148
0 0.307292 0.306944 0.044792 0.019444
0 0.350000 0.306481 0.048958 0.014815
0 0.412240 0.335185 0.096354 0.068519
0 0.502604 0.355556 0.076042 0.094444
0 0.559115 0.355556 0.092188 0.087037
7 0.696094 0.319444 0.021354 0.066667
6 0.676042 0.325000 0.021875 0.062963
0 0.647917 0.359722 0.121875 0.076852
0 0.864323 0.384722 0.105729 0.113889
5 0.829948 0.423148 0.107813 0.101852
6 0.834635 0.407870 0.041146 0.175000
0 0.958594 0.393519 0.080729 0.129630
0 0.282031 0.585185 0.549479 0.618519