0 0.021875 0.352315 0.041667 0.013889
0 0.016667 0.392593 0.032292 0.074074
6 0.140104 0.373611 0.017708 0.050926
5 0.143229 0.399074 0.033333 0.055556
0 0.082292 0.412037 0.128125 0.133333
0 0.408073 0.409259 0.119271 0.105556
6 0.392708 0.377778 0.027083 0.064815
5 0.408854 0.424537 0.048958 0.095370
5 0.285677 0.400926 0.220312 0.218519
0 0.676562 0.439815 0.215625 0.135185
6 0.861458 0.416204 0.060417 0.087963
6 0.995833 0.441204 0.008333 0.056481
6 0.828906 0.457870 0.079687 0.223148
5 0.894271 0.469444 0.058333 0.075926
5 0.825521 0.513426 0.152083 0.163889
0 0.717969 0.735648 0.564063 0.528704