7 0.122656 0.629167 0.119271 0.465741
4 0.948177 0.500926 0.100521 0.998148
0 0.935417 0.463426 0.017708 0.139815
5 0.921875 0.423611 0.023958 0.073148
6 0.920833 0.391204 0.028125 0.078704
6 0.921875 0.399074 0.021875 0.081481
7 0.937240 0.353241 0.005729 0.030556
7 0.903385 0.368519 0.013021 0.044444
7 0.865625 0.378241 0.014583 0.071296
5 0.832292 0.392130 0.016667 0.047222
6 0.832031 0.371296 0.017188 0.061111
5 0.778906 0.394444 0.028646 0.068519
6 0.779687 0.379630 0.021875 0.075926
7 0.689063 0.388426 0.013542 0.084259
7 0.573698 0.460648 0.043229 0.230556