7 0.040365 0.375926 0.017188 0.038889
7 0.048958 0.466667 0.052083 0.198148
7 0.193229 0.493981 0.072917 0.208333
5 0.443490 0.551852 0.036979 0.120370
5 0.391406 0.532870 0.120313 0.212037
6 0.384635 0.462963 0.050521 0.150000
5 0.300521 0.709259 0.187500 0.387037
6 0.208854 0.587037 0.048958 0.337037
6 0.278646 0.607870 0.126042 0.389815
5 0.020833 0.839815 0.040625 0.318519
5 0.782031 0.958333 0.121354 0.081481
6 0.916146 0.768056 0.165625 0.463889
3 0.556250 0.390278 0.053125 0.012037
3 0.430990 0.402778 0.025521 0.040741
3 0.713021 0.391204 0.027083 0.021296
0 0.723698 0.410648 0.053646 0.030556