7 0.087240 0.360185 0.018229 0.040741
7 0.112500 0.349074 0.006250 0.016667
7 0.142708 0.344444 0.005208 0.011111
0 0.128906 0.362037 0.093229 0.042593
7 0.435937 0.311574 0.014583 0.078704
5 0.370052 0.326389 0.078646 0.086111
6 0.374219 0.306019 0.030729 0.102778
6 0.392448 0.300000 0.021354 0.094444
5 0.598698 0.326389 0.047396 0.102778
3 0.679688 0.301852 0.075000 0.068519
5 0.676562 0.331019 0.070833 0.089815
7 0.748958 0.307870 0.015625 0.087963
7 0.740104 0.317593 0.016667 0.096296
5 0.735156 0.342593 0.022396 0.098148
7 0.775521 0.308333 0.011458 0.061111
7 0.768229 0.309259 0.012500 0.079630
0 0.812500 0.300463 0.025000 0.034259
7 0.785417 0.297222 0.015625 0.074074
7 0.795833 0.306944 0.018750 0.075000
7 0.826302 0.344907 0.024479 0.128704
7 0.858333 0.329630 0.016667 0.098148
7 0.867969 0.342130 0.023438 0.123148
7 0.888542 0.346296 0.018750 0.090741
7 0.931771 0.562963 0.084375 0.427778
7 0.951823 0.450463 0.050521 0.150926
7 0.964323 0.611574 0.071354 0.476852
7 0.455469 0.444444 0.055729 0.231481
7 0.489844 0.462037 0.051562 0.292593