2 0.018750 0.563889 0.023958 0.046296
6 0.019531 0.563426 0.014063 0.028704
2 0.105469 0.575463 0.035937 0.058333
0 0.029687 0.575000 0.023958 0.048148
0 0.066927 0.584259 0.065104 0.048148
0 0.129167 0.588889 0.021875 0.068519
0 0.152344 0.590278 0.039062 0.104630
0 0.195573 0.636574 0.116146 0.173148
5 0.262240 0.639815 0.027604 0.101852
6 0.259115 0.602315 0.022396 0.076852
0 0.006771 0.567130 0.012500 0.043519
2 0.065625 0.553241 0.020833 0.017593
0 0.009896 0.589352 0.018750 0.050926
0 0.097396 0.777315 0.193750 0.445370
4 0.046615 0.538426 0.027604 0.032407