5 0.021875 0.366667 0.029167 0.048148
7 0.012500 0.357870 0.012500 0.067593
7 0.036979 0.355093 0.014583 0.036111
7 0.054427 0.356944 0.011979 0.032407
2 0.078646 0.360185 0.042708 0.088889
4 0.169010 0.305556 0.197396 0.209259
5 0.225000 0.402778 0.048958 0.083333
5 0.273698 0.381944 0.028646 0.058333
6 0.274740 0.337963 0.010937 0.061111
5 0.333333 0.334259 0.015625 0.050000
7 0.319531 0.350926 0.011979 0.096296
7 0.327083 0.355093 0.018750 0.106481
7 0.790365 0.388426 0.029687 0.200926
5 0.725000 0.460185 0.153125 0.272222
5 0.904687 0.424074 0.160417 0.218519
7 0.724219 0.342130 0.017188 0.119444