7 0.455729 0.311574 0.006250 0.019444
7 0.479948 0.333333 0.006771 0.038889
5 0.705990 0.352778 0.017188 0.048148
6 0.694792 0.343981 0.012500 0.058333
7 0.414583 0.334259 0.008333 0.044444
7 0.430990 0.309722 0.005729 0.026852
7 0.373177 0.309722 0.006771 0.026852
7 0.361198 0.331481 0.007812 0.038889
7 0.199479 0.340278 0.010417 0.047222
7 0.173698 0.339815 0.007812 0.046296
7 0.149219 0.366667 0.014063 0.079630
7 0.122917 0.382870 0.026042 0.067593
7 0.065625 0.387963 0.016667 0.066667
7 0.084635 0.398611 0.026562 0.149074
5 0.046094 0.430093 0.056771 0.104630
6 0.042969 0.406019 0.041146 0.152778
7 0.011719 0.402315 0.023438 0.158333
5 0.198437 0.379167 0.055208 0.082407
5 0.238802 0.386574 0.045312 0.069444
6 0.236719 0.362500 0.026562 0.078704
5 0.707292 0.351389 0.017708 0.047222
6 0.695573 0.343056 0.013021 0.056481