0 0.149219 0.400463 0.021354 0.023148
0 0.174479 0.400463 0.013542 0.010185
0 0.196875 0.402778 0.008333 0.009259
0 0.185417 0.407870 0.029167 0.012037
0 0.158854 0.411574 0.023958 0.021296
0 0.133333 0.394907 0.009375 0.006481
0 0.145833 0.413889 0.035417 0.027778
0 0.008594 0.400926 0.014063 0.022222
0 0.021615 0.418056 0.042188 0.019444
0 0.083854 0.425926 0.086458 0.033333
2 0.227083 0.450463 0.123958 0.104630
0 0.184375 0.467130 0.167708 0.076852
0 0.085677 0.586574 0.170313 0.313889
6 0.363021 0.475463 0.058333 0.087963
1 0.693229 0.523611 0.613542 0.634259
0 0.438802 0.750926 0.843229 0.494444