5 0.026823 0.412037 0.031771 0.101852
5 0.013021 0.443056 0.015625 0.049074
7 0.006510 0.414352 0.011979 0.073148
7 0.059896 0.373148 0.017708 0.088889
7 0.079167 0.361111 0.018750 0.074074
7 0.099479 0.351852 0.025000 0.109259
7 0.085677 0.411111 0.032813 0.061111
7 0.169792 0.388426 0.031250 0.136111
5 0.239063 0.480093 0.078125 0.193519
7 0.526563 0.331019 0.005208 0.010185
7 0.541406 0.341204 0.006771 0.030556
7 0.534896 0.341667 0.006250 0.035185
7 0.567187 0.341204 0.005208 0.032407
7 0.523177 0.343981 0.005729 0.019444
5 0.516927 0.342130 0.007812 0.017593
5 0.585156 0.350463 0.010937 0.030556
7 0.495052 0.348148 0.005729 0.022222
7 0.481250 0.359722 0.012500 0.023148
7 0.500260 0.362963 0.013021 0.051852
7 0.471875 0.391204 0.016667 0.056481
7 0.437240 0.424074 0.018229 0.037037
7 0.480729 0.393981 0.006250 0.037963
7 0.486719 0.393056 0.007812 0.037963
7 0.516667 0.390741 0.009375 0.040741
7 0.527344 0.382407 0.010937 0.046296