3 0.912240 0.394907 0.035937 0.047222
2 0.984635 0.406481 0.027604 0.044444
0 0.950781 0.407870 0.044271 0.039815
7 0.887760 0.370370 0.007812 0.014815
10 0.843750 0.253241 0.022917 0.075000
7 0.902865 0.390741 0.015104 0.053704
7 0.915885 0.396296 0.016146 0.044444
0 0.833594 0.402778 0.133854 0.120370
13 0.822396 0.201389 0.023958 0.104630
13 0.824219 0.307870 0.016146 0.039815
0 0.889844 0.599074 0.217188 0.362963
7 0.544531 0.381944 0.026562 0.123148
7 0.535677 0.442593 0.049479 0.188889
7 0.122135 0.413426 0.063021 0.334259
5 0.297656 0.681944 0.314063 0.412037