6 0.002865 0.312963 0.005729 0.020370
5 0.005990 0.342593 0.009896 0.042593
2 0.063281 0.320833 0.043229 0.058333
0 0.143229 0.325926 0.076042 0.059259
0 0.376563 0.313889 0.121875 0.112963
7 0.639062 0.309722 0.014583 0.047222
5 0.623177 0.320370 0.011979 0.025926
6 0.649219 0.316667 0.014063 0.040741
6 0.668229 0.308796 0.017708 0.026852
7 0.817448 0.284722 0.015104 0.063889
7 0.829948 0.314815 0.020313 0.062963
6 0.881771 0.325926 0.019792 0.053704
0 0.547135 0.340741 0.186979 0.133333
0 0.926823 0.369444 0.146354 0.107407
0 0.774219 0.399537 0.326562 0.225000