0 0.022135 0.338426 0.044271 0.010185
0 0.020313 0.382407 0.039583 0.075926
6 0.145313 0.361111 0.018750 0.055556
5 0.145573 0.387037 0.031771 0.057407
0 0.089063 0.398148 0.129167 0.129630
0 0.414323 0.397685 0.122396 0.104630
6 0.403125 0.362963 0.028125 0.059259
5 0.414583 0.416204 0.050000 0.091667
4 0.293229 0.392130 0.219792 0.226852
0 0.683333 0.425926 0.212500 0.144444
6 0.875781 0.406481 0.046354 0.090741
5 0.916406 0.471296 0.044271 0.090741
6 0.845052 0.450463 0.077604 0.219444
5 0.839583 0.503241 0.142708 0.165741
5 0.984635 0.468056 0.020313 0.023148
6 0.998177 0.450000 0.003646 0.046296
0 0.733854 0.738426 0.532292 0.523148