1 0.011719 0.344444 0.022396 0.096296
0 0.009115 0.380093 0.014063 0.023148
6 0.036719 0.379167 0.008854 0.013889
0 0.061198 0.379167 0.038021 0.015741
2 0.124740 0.379167 0.068229 0.015741
0 0.036719 0.458796 0.072396 0.143519
0 0.150781 0.500000 0.184896 0.237037
0 0.240104 0.444907 0.057292 0.087963
6 0.232813 0.436574 0.027083 0.076852
5 0.248438 0.495833 0.037500 0.100926
2 0.330208 0.439815 0.125000 0.096296
6 0.442188 0.432870 0.016667 0.028704
1 0.542969 0.382870 0.143229 0.413889
0 0.425000 0.606944 0.358333 0.350926
1 0.791406 0.511111 0.415104 0.974074