7 0.762500 0.394444 0.023958 0.118519
3 0.936719 0.402315 0.080729 0.054630
3 0.980729 0.410648 0.018750 0.034259
7 0.917188 0.394907 0.013542 0.039815
7 0.890104 0.372222 0.008333 0.024074
3 0.992708 0.412963 0.013542 0.033333
13 0.821354 0.202778 0.021875 0.098148
10 0.846615 0.251852 0.017188 0.083333
13 0.824740 0.306944 0.014063 0.047222
0 0.893750 0.592130 0.211458 0.345370
0 0.832552 0.406481 0.131771 0.138889
7 0.544531 0.380093 0.024479 0.128704
7 0.534635 0.444444 0.050521 0.188889
7 0.122396 0.429167 0.072917 0.325000
5 0.297656 0.676389 0.308854 0.437963