9 0.606250 0.491667 0.017708 0.029630
9 0.703646 0.488889 0.031250 0.037037
9 0.667448 0.461574 0.023438 0.034259
9 0.642188 0.477315 0.018750 0.045370
9 0.643750 0.454630 0.025000 0.037037
9 0.580469 0.478241 0.013021 0.025000
9 0.584635 0.466204 0.019271 0.028704
9 0.589844 0.454167 0.014063 0.019444
9 0.561719 0.468056 0.021354 0.030556
9 0.565885 0.452315 0.019271 0.023148
9 0.572917 0.437037 0.018750 0.025926
9 0.486979 0.478241 0.021875 0.037963
9 0.631510 0.419907 0.013021 0.023148
9 0.645312 0.417593 0.012500 0.024074
9 0.664062 0.423611 0.016667 0.019444
9 0.669531 0.410185 0.010937 0.024074
9 0.771615 0.412963 0.010937 0.020370
9 0.784635 0.415741 0.014063 0.020370
9 0.794531 0.411111 0.016146 0.027778
9 0.808333 0.413889 0.017708 0.022222
9 0.840104 0.450463 0.010417 0.032407
9 0.841406 0.422222 0.013021 0.027778
9 0.984896 0.433333 0.026042 0.020370
9 0.957292 0.424074 0.017708 0.025926
9 0.981510 0.414352 0.013021 0.021296
9 0.963802 0.406019 0.010937 0.013889
9 0.972917 0.408333 0.007292 0.014815