7 0.087500 0.443056 0.052083 0.128704
7 0.180208 0.454167 0.042708 0.128704
7 0.491667 0.430556 0.036458 0.151852
7 0.444271 0.335648 0.010417 0.019444
7 0.462760 0.429167 0.026562 0.110185
7 0.432031 0.424074 0.030729 0.185185
5 0.590625 0.804630 0.351042 0.379630
6 0.475260 0.637963 0.434896 0.705556
2 0.632552 0.342593 0.064062 0.079630
7 0.766667 0.548611 0.032292 0.082407
7 0.862500 0.389352 0.027083 0.108333
7 0.950521 0.401389 0.037500 0.134259
7 0.898177 0.449074 0.032813 0.153704
7 0.982552 0.457870 0.032813 0.126852
7 0.965885 0.460185 0.048438 0.137037
7 0.892188 0.552778 0.054167 0.085185