5 0.973958 0.319444 0.045833 0.066667
5 0.971615 0.324537 0.041146 0.069444
5 0.958073 0.326852 0.035937 0.055556
5 0.944010 0.325000 0.032813 0.061111
5 0.919271 0.313889 0.029167 0.051852
5 0.873958 0.312500 0.019792 0.045370
5 0.884375 0.312963 0.025000 0.055556
5 0.886198 0.351852 0.069271 0.066667
5 0.778385 0.321296 0.052604 0.077778
5 0.737500 0.331944 0.053125 0.071296
5 0.696875 0.337500 0.065625 0.073148
5 0.497396 0.351389 0.119792 0.136111
7 0.043750 0.412963 0.070833 0.225926
5 0.081250 0.547685 0.161458 0.206481