4 0.133073 0.431944 0.265104 0.597222
7 0.191927 0.729167 0.127604 0.202778
7 0.277604 0.683796 0.103125 0.595370
7 0.355208 0.558796 0.057292 0.095370
7 0.463021 0.538426 0.053125 0.110185
7 0.550521 0.387500 0.012500 0.082407
7 0.626563 0.514815 0.046875 0.261111
7 0.587760 0.537037 0.077604 0.335185
5 0.663802 0.454630 0.048438 0.114815
6 0.664583 0.427315 0.039583 0.145370
4 0.763281 0.402778 0.082812 0.127778
4 0.830208 0.369907 0.083333 0.100926
7 0.894271 0.387963 0.016667 0.070370
7 0.822135 0.450926 0.039062 0.207407
7 0.779948 0.463426 0.039062 0.175000
7 0.842969 0.468519 0.039062 0.175926
7 0.901563 0.436111 0.027083 0.127778
7 0.933333 0.422222 0.027083 0.109259
0 0.986458 0.381481 0.023958 0.044444