6 0.035937 0.388426 0.009375 0.025000
5 0.035417 0.401852 0.011458 0.031481
0 0.013542 0.396759 0.026042 0.050926
6 0.063021 0.387500 0.011458 0.026852
5 0.065104 0.403704 0.014583 0.038889
6 0.096094 0.393519 0.009896 0.020370
5 0.095833 0.409722 0.012500 0.030556
6 0.253125 0.391667 0.011458 0.027778
5 0.221354 0.428704 0.036458 0.061111
6 0.218229 0.409722 0.020833 0.067593
0 0.300781 0.441204 0.113021 0.110185
5 0.863281 0.569444 0.151562 0.153704
6 0.852344 0.515741 0.059896 0.185185
6 0.813021 0.499537 0.046875 0.169444