0 0.023177 0.418519 0.044271 0.087037
0 0.120313 0.412963 0.031250 0.035185
0 0.071875 0.441667 0.079167 0.103704
0 0.209896 0.425926 0.068750 0.068519
0 0.285417 0.454630 0.093750 0.109259
2 0.398177 0.430093 0.079687 0.019444
5 0.541146 0.488889 0.013542 0.016667
6 0.503125 0.450463 0.011458 0.010185
6 0.558854 0.473148 0.025000 0.038889
6 0.644010 0.481944 0.022396 0.036111
6 0.744010 0.492593 0.016146 0.024074
5 0.094010 0.486111 0.044271 0.107407
6 0.094010 0.440278 0.036979 0.117593
0 0.188542 0.498611 0.173958 0.208333
0 0.609896 0.560185 0.145833 0.155556
0 0.769271 0.635185 0.233333 0.268519
0 0.440885 0.598611 0.344271 0.332407
4 0.926562 0.636111 0.144792 0.720370
10 0.028646 0.599074 0.009375 0.022222
10 0.204948 0.629167 0.011979 0.026852
10 0.148698 0.756019 0.022396 0.036111
10 0.488542 0.818519 0.025000 0.046296