5 0.011719 0.550000 0.023438 0.237037
7 0.114062 0.364815 0.013542 0.044444
5 0.140885 0.411111 0.060937 0.066667
5 0.168229 0.399074 0.036458 0.068519
5 0.209635 0.396296 0.026562 0.075926
7 0.227344 0.388426 0.016146 0.099074
6 0.219792 0.385185 0.017708 0.101852
5 0.247135 0.395833 0.031771 0.078704
5 0.285156 0.393056 0.054688 0.087963
7 0.342448 0.497222 0.056771 0.285185
5 0.540885 0.404630 0.035937 0.101852
8 0.577083 0.412963 0.026042 0.079630
7 0.522396 0.405093 0.025000 0.082407
8 0.644271 0.434722 0.040625 0.078704
7 0.655208 0.384259 0.018750 0.090741
7 0.675260 0.453241 0.025521 0.197222
0 0.742448 0.420370 0.115104 0.235185
7 0.708854 0.459259 0.033333 0.205556
7 0.740365 0.447222 0.042188 0.229630
5 0.905990 0.446296 0.093229 0.133333