0 0.026562 0.374074 0.018750 0.027778
0 0.042969 0.370370 0.017188 0.022222
7 0.061458 0.371759 0.006250 0.023148
0 0.097917 0.376852 0.020833 0.022222
4 0.145052 0.381944 0.041146 0.039815
6 0.135937 0.386574 0.008333 0.021296
5 0.065365 0.387963 0.008854 0.018519
6 0.066667 0.378704 0.010417 0.020370
1 0.016667 0.347222 0.026042 0.031481
4 0.243490 0.403241 0.063021 0.060185
5 0.353646 0.437037 0.020833 0.025926
6 0.345833 0.427778 0.011458 0.040741
5 0.400521 0.442130 0.018750 0.017593
6 0.350000 0.425926 0.014583 0.035185
6 0.398698 0.429630 0.014063 0.031481
4 0.473438 0.445370 0.062500 0.037037
4 0.647135 0.451389 0.188021 0.119444
0 0.902083 0.512037 0.153125 0.087037
5 0.967708 0.518519 0.023958 0.048148