0 0.528125 0.603241 0.228125 0.384259
0 0.717969 0.521759 0.161979 0.267593
0 0.865625 0.459259 0.125000 0.150000
7 0.787240 0.393056 0.013021 0.045370
7 0.770573 0.390741 0.020313 0.038889
7 0.878646 0.388889 0.017708 0.040741
7 0.892448 0.392130 0.017188 0.054630
7 0.920312 0.424074 0.028125 0.096296
7 0.802083 0.545833 0.032292 0.308333
7 0.799479 0.556944 0.082292 0.425000
7 0.828646 0.548148 0.045833 0.327778
7 0.867969 0.564352 0.085938 0.452778
2 0.934375 0.421759 0.027083 0.089815
2 0.988542 0.413889 0.021875 0.096296
2 0.957031 0.429167 0.059896 0.113889
7 0.634896 0.682870 0.160417 0.634259
0 0.184115 0.833333 0.367188 0.333333
10 0.892969 0.330093 0.021354 0.017593