7 0.290885 0.406481 0.018229 0.116667
7 0.337500 0.374074 0.026042 0.098148
5 0.664062 0.406019 0.031250 0.093519
6 0.661198 0.395370 0.041146 0.125926
3 0.916927 0.333333 0.018229 0.040741
1 0.940365 0.338426 0.028646 0.056481
0 0.941667 0.375926 0.018750 0.046296
7 0.932292 0.376852 0.017708 0.100000
1 0.976562 0.338889 0.046875 0.235185
0 0.816927 0.361574 0.214062 0.173148
10 0.426302 0.534259 0.035937 0.142593
10 0.685156 0.553704 0.019271 0.118519
5 0.895312 0.692130 0.150000 0.387963
6 0.889583 0.581019 0.130208 0.447222