0 0.383073 0.445833 0.019271 0.013889
0 0.404948 0.447685 0.017188 0.010185
0 0.433073 0.450000 0.017188 0.009259
0 0.425521 0.468981 0.036458 0.047222
0 0.406510 0.470833 0.042188 0.043519
0 0.390625 0.470833 0.037500 0.047222
0 0.377865 0.482870 0.013021 0.028704
1 0.204948 0.409259 0.155729 0.125926
1 0.075260 0.371759 0.150521 0.171296
0 0.194010 0.513426 0.100521 0.143519
0 0.124479 0.529630 0.106250 0.214815
0 0.308333 0.542130 0.176042 0.197222
0 0.499219 0.509722 0.146354 0.049074
0 0.063281 0.624537 0.125521 0.563889
5 0.837760 0.634259 0.111979 0.148148
6 0.823698 0.604630 0.029687 0.166667
6 0.984635 0.566204 0.019271 0.019444
0 0.942969 0.694444 0.111979 0.270370
0 0.639323 0.738889 0.721354 0.522222