0 0.025260 0.338889 0.048438 0.050000
3 0.035937 0.309259 0.056250 0.053704
3 0.079948 0.315741 0.038021 0.031481
5 0.071354 0.351852 0.043750 0.048148
5 0.102083 0.350463 0.017708 0.049074
6 0.064323 0.331481 0.013021 0.055556
6 0.074479 0.342130 0.021875 0.063889
6 0.079687 0.327315 0.010417 0.030556
6 0.088021 0.338889 0.015625 0.059259
7 0.095573 0.327315 0.010937 0.037963
6 0.103385 0.344444 0.017188 0.062963
0 0.110677 0.339352 0.056771 0.056481
3 0.246615 0.320370 0.078646 0.068519
4 0.303906 0.297222 0.081771 0.064815
5 0.324219 0.357870 0.029687 0.063889
6 0.324740 0.343056 0.021354 0.076852
5 0.611719 0.359722 0.031771 0.073148
5 0.596354 0.376852 0.052083 0.103704
5 0.646615 0.372222 0.039062 0.088889
5 0.656510 0.376852 0.043229 0.105556
6 0.638021 0.364815 0.034375 0.122222
5 0.691406 0.380093 0.033854 0.100926
5 0.735677 0.389352 0.035937 0.102778
7 0.754427 0.386574 0.028646 0.175000
7 0.789323 0.375463 0.013021 0.069444
7 0.785156 0.374074 0.023438 0.075926
5 0.877344 0.417593 0.082812 0.109259