4 0.830469 0.499074 0.335938 0.990741
5 0.689323 0.556481 0.053646 0.174074
7 0.695573 0.395370 0.018229 0.055556
6 0.687240 0.482407 0.053646 0.207407
7 0.670312 0.412037 0.020833 0.125926
7 0.658073 0.420370 0.018229 0.114815
7 0.651823 0.424074 0.018229 0.146296
7 0.636719 0.427315 0.022396 0.154630
7 0.629167 0.417593 0.013542 0.107407
7 0.622396 0.429630 0.018750 0.118519
7 0.550260 0.416204 0.023438 0.132407
7 0.558854 0.439352 0.036458 0.171296
7 0.529948 0.432870 0.026562 0.145370
7 0.235937 0.551389 0.122917 0.462037