0 0.068229 0.417593 0.040625 0.057407
0 0.335156 0.445370 0.052604 0.050000
0 0.404427 0.446296 0.063021 0.042593
2 0.496875 0.452315 0.066667 0.062037
5 0.369531 0.446759 0.018229 0.030556
6 0.369531 0.428704 0.011979 0.038889
7 0.441927 0.433796 0.010937 0.037963
7 0.454427 0.439352 0.010937 0.045370
0 0.657813 0.514352 0.128125 0.113889
2 0.745313 0.490278 0.064583 0.063889
4 0.927604 0.502315 0.144792 0.176852
0 0.855990 0.588426 0.255729 0.230556
4 0.027083 0.390741 0.053125 0.190741
0 0.430990 0.710185 0.546354 0.516667