2 0.010937 0.408333 0.021875 0.051852
7 0.024479 0.431944 0.025000 0.091667
7 0.025521 0.431481 0.022917 0.107407
2 0.098177 0.437037 0.048438 0.116667
2 0.137240 0.447222 0.063021 0.129630
2 0.215625 0.479630 0.109375 0.190741
5 0.418229 0.537500 0.083333 0.178704
2 0.300260 0.566667 0.205729 0.346296
7 0.903646 0.484722 0.061458 0.321296
7 0.959115 0.518056 0.056771 0.286111
5 0.685937 0.673148 0.166667 0.292593
5 0.775521 0.732870 0.194792 0.358333
5 0.077083 0.670370 0.148958 0.383333
6 0.075521 0.591667 0.132292 0.387037
5 0.312500 0.783796 0.229167 0.432407
6 0.300521 0.715278 0.168750 0.569444