10 0.197135 0.341667 0.024479 0.055556
4 0.117188 0.399537 0.078125 0.106481
0 0.020313 0.399537 0.020833 0.015741
0 0.038281 0.403704 0.022396 0.020370
0 0.066146 0.400926 0.021875 0.031481
0 0.015625 0.435185 0.030208 0.077778
0 0.048698 0.460185 0.078646 0.101852
6 0.003906 0.499074 0.006771 0.057407
6 0.035937 0.457407 0.034375 0.107407
5 0.032292 0.490278 0.028125 0.073148
0 0.196875 0.435185 0.166667 0.088889
7 0.329167 0.451852 0.011458 0.061111
5 0.313281 0.464352 0.023438 0.047222
6 0.309375 0.449074 0.016667 0.050000
0 0.209375 0.729630 0.417708 0.540741
0 0.740365 0.653704 0.518229 0.318519
0 0.807292 0.850000 0.378125 0.300000