4 0.072396 0.534722 0.089583 0.067593
2 0.039323 0.679167 0.074479 0.282407
0 0.044792 0.823148 0.089583 0.353704
0 0.103906 0.620370 0.088021 0.157407
0 0.147396 0.660648 0.139583 0.208333
0 0.290365 0.769907 0.314063 0.445370
6 0.381510 0.796296 0.213021 0.403704
6 0.337240 0.756944 0.120313 0.362037
5 0.287240 0.742593 0.058854 0.025926
8 0.473438 0.715278 0.105208 0.195370
6 0.467187 0.635185 0.047917 0.237037
7 0.866146 0.555093 0.063542 0.230556
7 0.923177 0.532407 0.077604 0.151852
6 0.883333 0.837037 0.232292 0.325926
0 0.767188 0.772685 0.462500 0.443519