0 0.483594 0.454630 0.032813 0.031481
7 0.500260 0.452778 0.007812 0.018519
7 0.512760 0.456481 0.007812 0.018519
7 0.525521 0.457407 0.008333 0.016667
7 0.517188 0.458796 0.009375 0.025000
7 0.600000 0.472685 0.007292 0.028704
7 0.664323 0.478241 0.010937 0.025000
0 0.768229 0.491204 0.048958 0.030556
4 0.818490 0.484722 0.051562 0.063889
5 0.798438 0.501852 0.042708 0.038889
6 0.794792 0.486574 0.014583 0.043519
0 0.901823 0.515278 0.047396 0.041667
0 0.936719 0.506481 0.024479 0.024074
3 0.972396 0.447222 0.055208 0.142593
4 0.257292 0.433333 0.433333 0.753704
7 0.715885 0.480556 0.008854 0.040741