4 0.858073 0.387500 0.067187 0.117593
5 0.907031 0.418519 0.022396 0.061111
6 0.905729 0.412037 0.023958 0.070370
0 0.928906 0.395833 0.033854 0.076852
7 0.937500 0.401852 0.013542 0.070370
5 0.954688 0.429630 0.030208 0.075926
6 0.957812 0.400463 0.018750 0.080556
6 0.953125 0.407870 0.026042 0.089815
2 0.990104 0.406944 0.018750 0.112037
7 0.969010 0.383333 0.009896 0.044444
7 0.912240 0.366667 0.005729 0.022222
7 0.980208 0.376852 0.008333 0.035185
7 0.920573 0.367593 0.006771 0.016667
3 0.410938 0.412500 0.820833 0.823148
7 0.552865 0.654630 0.122396 0.572222