6 0.083073 0.279167 0.009896 0.030556
0 0.036979 0.289352 0.072917 0.052778
5 0.081250 0.299537 0.011458 0.032407
5 0.180990 0.303704 0.029687 0.044444
6 0.184635 0.282407 0.011979 0.048148
2 0.235937 0.295370 0.058333 0.088889
0 0.330729 0.316667 0.154167 0.098148
6 0.412760 0.288889 0.013021 0.057407
6 0.424740 0.303241 0.019271 0.082407
5 0.429688 0.313889 0.055208 0.068519
6 0.533333 0.300463 0.021875 0.067593
6 0.586719 0.301389 0.028646 0.086111
5 0.534635 0.333333 0.064062 0.075926
5 0.597656 0.342130 0.068229 0.075000
0 0.937240 0.321759 0.125521 0.073148
6 0.973698 0.317593 0.025521 0.083333
10 0.697396 0.053241 0.030208 0.104630
0 0.046615 0.377315 0.092188 0.171296
0 0.764583 0.483796 0.470833 0.250926
0 0.646094 0.709722 0.707812 0.580556