8 0.550781 0.524074 0.090104 0.244444
6 0.558594 0.415278 0.074479 0.345370
6 0.619792 0.314352 0.032292 0.080556
2 0.718229 0.317593 0.079167 0.161111
3 0.790885 0.238889 0.036979 0.064815
10 0.867448 0.183333 0.015104 0.037037
0 0.890365 0.279630 0.059896 0.064815
4 0.926042 0.224074 0.012500 0.053704
1 0.962500 0.205093 0.075000 0.108333
2 0.947917 0.284722 0.104167 0.067593
0 0.802083 0.364815 0.138542 0.201852
7 0.848437 0.250463 0.016667 0.043519
7 0.842708 0.238889 0.005208 0.018519
0 0.864844 0.626389 0.270313 0.637963