7 0.003646 0.404167 0.006250 0.067593
7 0.009375 0.426852 0.010417 0.074074
7 0.005990 0.435648 0.008854 0.062037
5 0.025521 0.449074 0.023958 0.066667
5 0.008333 0.541204 0.016667 0.156481
6 0.008594 0.459722 0.017188 0.047222
5 0.036458 0.469907 0.009375 0.078704
0 0.091406 0.468519 0.113021 0.179630
5 0.287760 0.541667 0.092188 0.216667
7 0.199219 0.567593 0.059896 0.316667
7 0.148698 0.575463 0.046354 0.313889
5 0.519792 0.602778 0.131250 0.238889
5 0.542188 0.724074 0.222917 0.422222
7 0.928125 0.587500 0.143750 0.517593
5 0.842969 0.810648 0.314063 0.378704