7 0.008073 0.407870 0.007812 0.032407
7 0.019010 0.452778 0.033854 0.103704
6 0.032552 0.427315 0.017188 0.037963
5 0.034375 0.451389 0.017708 0.058333
6 0.072917 0.444907 0.025000 0.065741
5 0.073958 0.466204 0.023958 0.073148
7 0.170833 0.450000 0.014583 0.072222
7 0.230469 0.474537 0.016146 0.095370
7 0.213281 0.470370 0.025521 0.112963
5 0.253906 0.474537 0.022396 0.060185
5 0.289583 0.483333 0.062500 0.061111
6 0.414583 0.515278 0.039583 0.134259
5 0.411719 0.555093 0.074479 0.115741
0 0.573177 0.755556 0.492188 0.479630