7 0.432812 0.259722 0.009375 0.025000
7 0.440885 0.256019 0.007812 0.025000
7 0.446615 0.254630 0.007812 0.024074
7 0.454948 0.254167 0.005729 0.023148
7 0.535677 0.250000 0.009896 0.011111
7 0.775260 0.283333 0.018229 0.051852
7 0.670052 0.265741 0.015104 0.046296
7 0.647917 0.264352 0.004167 0.012037
7 0.644271 0.277315 0.011458 0.034259
7 0.621094 0.280093 0.011979 0.030556
5 0.620573 0.303241 0.017188 0.032407
7 0.611719 0.284259 0.005729 0.018519
7 0.605729 0.284722 0.009375 0.065741
7 0.598958 0.286574 0.013542 0.058333
7 0.589323 0.282407 0.008854 0.061111
7 0.581771 0.286111 0.010417 0.068519
7 0.572917 0.290278 0.004167 0.023148
7 0.563542 0.291204 0.007292 0.028704
7 0.557552 0.295370 0.011979 0.029630
7 0.531771 0.284722 0.006250 0.010185
3 0.363021 0.350926 0.358333 0.183333