0 0.836979 0.415278 0.130208 0.149074
1 0.835156 0.357870 0.130729 0.041667
2 0.980729 0.407870 0.034375 0.054630
7 0.952865 0.392130 0.004687 0.015741
6 0.947917 0.401389 0.010417 0.034259
6 0.935156 0.397685 0.014063 0.030556
7 0.923177 0.396759 0.009896 0.041667
6 0.914583 0.399074 0.016667 0.038889
7 0.550000 0.463889 0.063542 0.151852
7 0.538542 0.434722 0.042708 0.210185
0 0.886719 0.589352 0.203646 0.358333
5 0.301823 0.673611 0.304688 0.421296
13 0.829427 0.306019 0.017188 0.039815
13 0.825521 0.207870 0.018750 0.108333
10 0.845573 0.255556 0.025521 0.068519