5 0.018490 0.379167 0.031771 0.043519
7 0.009115 0.367130 0.013021 0.069444
7 0.036458 0.366667 0.012500 0.038889
7 0.050000 0.366204 0.009375 0.028704
2 0.073958 0.369444 0.042708 0.092593
4 0.161719 0.314352 0.198437 0.208333
5 0.216406 0.408796 0.052604 0.091667
5 0.262760 0.390278 0.029687 0.063889
6 0.268750 0.363889 0.013542 0.064815
7 0.308594 0.354167 0.013021 0.065741
7 0.310417 0.329167 0.010417 0.041667
7 0.320052 0.366204 0.017188 0.100926
5 0.329948 0.345370 0.013021 0.050000
7 0.775521 0.395833 0.032292 0.202778
5 0.709375 0.469907 0.147917 0.276852
5 0.893229 0.431481 0.162500 0.222222