5 0.048177 0.327315 0.022396 0.037963
5 0.078906 0.331019 0.022396 0.039815
5 0.066927 0.328704 0.025521 0.046296
4 0.241406 0.300463 0.209896 0.210185
3 0.350521 0.334722 0.266667 0.160185
3 0.376563 0.295370 0.041667 0.066667
3 0.512240 0.325000 0.039062 0.040741
4 0.519271 0.293056 0.060417 0.069444
3 0.631250 0.328704 0.072917 0.127778
0 0.530729 0.345370 0.063542 0.062963
5 0.440625 0.388426 0.055208 0.086111
6 0.442188 0.347685 0.027083 0.097222
6 0.451302 0.343056 0.023438 0.076852
6 0.480208 0.342593 0.014583 0.053704
7 0.493750 0.348611 0.025000 0.071296
5 0.473177 0.405556 0.079687 0.094444
6 0.471094 0.389815 0.032813 0.125926
0 0.568229 0.382407 0.141667 0.124074
3 0.837240 0.351852 0.090104 0.066667
0 0.972135 0.406019 0.054688 0.156481
7 0.364844 0.383333 0.029687 0.135185
2 0.022135 0.345370 0.044271 0.114815