0 0.806771 0.437500 0.128125 0.176852
0 0.869792 0.402315 0.040625 0.091667
7 0.842708 0.360185 0.016667 0.029630
7 0.889583 0.423611 0.034375 0.176852
7 0.909375 0.398611 0.019792 0.100926
0 0.589844 0.549537 0.330729 0.347222
7 0.735677 0.498611 0.060937 0.341667
7 0.915625 0.398148 0.017708 0.105556
7 0.923958 0.401389 0.023958 0.102778
4 0.953385 0.368056 0.031771 0.071296
0 0.203646 0.726852 0.406250 0.546296
5 0.976302 0.417130 0.023438 0.062037
6 0.984115 0.367130 0.015104 0.026852
6 0.976562 0.394907 0.025000 0.078704
5 0.992448 0.453704 0.015104 0.098148
6 0.989583 0.403241 0.020833 0.102778