5 0.020313 0.425463 0.033333 0.104630
5 0.007552 0.443056 0.014063 0.062037
7 0.052865 0.383796 0.017188 0.078704
7 0.075521 0.370370 0.013542 0.055556
7 0.092448 0.371296 0.026562 0.129630
7 0.081250 0.422222 0.029167 0.072222
7 0.160156 0.400000 0.025521 0.135185
5 0.228385 0.488889 0.076563 0.183333
7 0.524219 0.342130 0.004687 0.012037
7 0.519271 0.354167 0.007292 0.015741
5 0.513542 0.358796 0.007292 0.015741
7 0.537500 0.356019 0.004167 0.026852
7 0.530469 0.354630 0.005729 0.029630
7 0.562500 0.350000 0.006250 0.020370
5 0.579948 0.364815 0.010937 0.037037
7 0.489844 0.360185 0.005729 0.020370
7 0.495312 0.372685 0.015625 0.049074
7 0.521615 0.394907 0.011979 0.043519
7 0.510677 0.401389 0.007812 0.041667
7 0.475000 0.372222 0.009375 0.022222
7 0.466927 0.400926 0.018229 0.055556
7 0.475521 0.406481 0.008333 0.038889
7 0.480208 0.405556 0.008333 0.037037
7 0.431510 0.436574 0.021354 0.043519