5 0.075521 0.359259 0.017708 0.029630
5 0.197135 0.375926 0.027604 0.042593
6 0.196615 0.357870 0.015104 0.076852
7 0.214323 0.355556 0.011979 0.068519
7 0.227344 0.351389 0.013021 0.073148
7 0.244010 0.352778 0.017188 0.050000
2 0.302604 0.370833 0.081250 0.123148
5 0.328385 0.407870 0.070312 0.067593
7 0.454167 0.347685 0.017708 0.087963
7 0.504687 0.359722 0.014583 0.097222
7 0.493229 0.362037 0.021875 0.103704
5 0.596094 0.409722 0.072396 0.130556
5 0.735156 0.433333 0.047396 0.083333
0 0.892708 0.427778 0.130208 0.205556