0 0.024479 0.595833 0.044792 0.112037
0 0.029167 0.626852 0.054167 0.144444
0 0.099219 0.661111 0.159896 0.224074
5 0.099479 0.761111 0.043750 0.155556
6 0.086979 0.700000 0.088542 0.244444
6 0.092708 0.628241 0.044792 0.130556
5 0.147396 0.795370 0.101042 0.246296
6 0.134375 0.721296 0.091667 0.337037
0 0.323958 0.721759 0.287500 0.356481
7 0.445312 0.578704 0.051042 0.179630
6 0.548177 0.624074 0.041146 0.074074
6 0.813802 0.593981 0.059896 0.062037
6 0.886979 0.594907 0.054167 0.063889
0 0.591667 0.804167 0.816667 0.387963