7 0.820052 0.379630 0.011979 0.062963
4 0.744531 0.360185 0.050521 0.068519
2 0.700781 0.373148 0.017188 0.031481
9 0.882031 0.401389 0.019271 0.023148
8 0.894531 0.396759 0.025521 0.049074
6 0.899479 0.377778 0.012500 0.051852
8 0.761719 0.406019 0.016146 0.071296
6 0.764323 0.385648 0.021354 0.097222
7 0.811979 0.422685 0.022917 0.143519
7 0.790625 0.423148 0.026042 0.150000
5 0.715104 0.391204 0.014583 0.047222
3 0.976823 0.395833 0.038021 0.065741
5 0.980208 0.428241 0.038542 0.093519
6 0.983333 0.403241 0.033333 0.110185
5 0.722396 0.409259 0.028125 0.077778
5 0.637500 0.831019 0.156250 0.334259
6 0.570833 0.711111 0.251042 0.574074
6 0.443490 0.697685 0.245312 0.604630