0 0.087760 0.624537 0.061979 0.073148
0 0.038542 0.635648 0.075000 0.071296
0 0.365625 0.636111 0.100000 0.098148
0 0.214583 0.793981 0.314583 0.412037
2 0.399740 0.610648 0.044271 0.050926
7 0.372917 0.590741 0.011458 0.038889
2 0.388802 0.588426 0.021354 0.023148
4 0.626302 0.731019 0.466146 0.537963
0 0.740365 0.602315 0.075521 0.041667
13 0.711198 0.530093 0.020313 0.062037
10 0.395052 0.429630 0.044271 0.044444
13 0.422917 0.406019 0.015625 0.013889
2 0.793229 0.594907 0.051042 0.047222
4 0.858073 0.572685 0.283854 0.854630
0 0.019792 0.814815 0.038542 0.287037
5 0.035677 0.895833 0.070312 0.208333
6 0.025521 0.878704 0.050000 0.242593