0 0.025000 0.457407 0.047917 0.107407
7 0.285677 0.480556 0.035937 0.142593
8 0.071094 0.480093 0.039062 0.039815
8 0.158333 0.558796 0.030208 0.099074
3 0.056250 0.604167 0.111458 0.232407
7 0.100260 0.449074 0.024479 0.098148
7 0.126042 0.579167 0.065625 0.337963
8 0.210417 0.595370 0.128125 0.177778
8 0.175000 0.681944 0.046875 0.099074
8 0.265885 0.621296 0.141146 0.248148
5 0.419792 0.625000 0.187500 0.342593
8 0.328906 0.709722 0.048438 0.102778
5 0.586719 0.739352 0.160938 0.491667
0 0.817448 0.696759 0.365104 0.604630