5 0.079687 0.393981 0.086458 0.112037
5 0.061198 0.437963 0.090104 0.151852
5 0.135156 0.384722 0.074479 0.126852
5 0.172656 0.392593 0.132812 0.153704
7 0.252604 0.296296 0.019792 0.101852
5 0.338542 0.366204 0.106250 0.145370
6 0.332292 0.344444 0.056250 0.179630
7 0.407552 0.293056 0.013021 0.037963
7 0.424219 0.310648 0.036979 0.180556
5 0.614323 0.329630 0.060937 0.137037
7 0.705729 0.307870 0.031250 0.173148
7 0.894271 0.282870 0.039583 0.180556
6 0.222917 0.353704 0.075000 0.133333
5 0.240365 0.453241 0.164062 0.167593
6 0.274740 0.406944 0.038021 0.267593
5 0.494010 0.492593 0.216146 0.309259