0 0.014844 0.402778 0.026562 0.070370
7 0.048438 0.412963 0.016667 0.087037
6 0.066927 0.404630 0.020313 0.074074
5 0.066406 0.435185 0.024479 0.066667
7 0.175000 0.388426 0.016667 0.037963
0 0.127344 0.434259 0.103646 0.114815
6 0.442188 0.534259 0.086458 0.237037
5 0.447917 0.592130 0.130208 0.208333
6 0.145833 0.395833 0.013542 0.030556
6 0.161979 0.403704 0.014583 0.044444
0 0.284896 0.570370 0.250000 0.318519
6 0.158333 0.598148 0.132292 0.396296
5 0.162500 0.729630 0.160417 0.440741
6 0.028125 0.490741 0.055208 0.211111
5 0.033854 0.549537 0.058333 0.199074
10 0.891927 0.325926 0.068229 0.127778
2 0.789844 0.710648 0.420312 0.571296