5 0.012240 0.349537 0.022396 0.052778
7 0.008073 0.316667 0.010937 0.031481
5 0.008594 0.382870 0.017188 0.058333
0 0.094271 0.362963 0.152083 0.188889
7 0.154948 0.301852 0.007812 0.031481
5 0.203646 0.293519 0.023958 0.042593
6 0.200521 0.282407 0.011458 0.051852
7 0.286979 0.363889 0.034375 0.159259
7 0.518229 0.387500 0.033333 0.143519
7 0.492969 0.460648 0.068229 0.306481
7 0.430729 0.371296 0.023958 0.072222
7 0.451562 0.496296 0.043750 0.270370
7 0.400260 0.481481 0.091146 0.320370
7 0.376042 0.406481 0.034375 0.153704
7 0.786458 0.290278 0.032292 0.132407
7 0.904687 0.320370 0.019792 0.111111
7 0.882031 0.353704 0.051562 0.214815
5 0.926562 0.339815 0.037500 0.120370
8 0.626302 0.397222 0.088021 0.146296