6 0.033073 0.334259 0.029687 0.044444
5 0.039583 0.350463 0.022917 0.015741
6 0.162500 0.328704 0.042708 0.087037
5 0.187760 0.378704 0.041146 0.055556
7 0.260156 0.335185 0.019271 0.042593
6 0.281510 0.351852 0.028646 0.081481
5 0.282813 0.378241 0.057292 0.060185
6 0.329167 0.361111 0.018750 0.075926
6 0.339323 0.357407 0.018229 0.074074
5 0.342969 0.379630 0.027604 0.066667
4 0.779167 0.362037 0.237500 0.172222
0 0.962760 0.408333 0.074479 0.129630
7 0.792188 0.386111 0.031250 0.116667
0 0.165104 0.660185 0.329167 0.657407