4 0.295573 0.241667 0.027604 0.031481
4 0.338802 0.261111 0.038021 0.072222
4 0.363542 0.259259 0.027083 0.059259
4 0.144271 0.315278 0.286458 0.367593
1 0.482292 0.242593 0.085417 0.100000
5 0.538542 0.262037 0.020833 0.029630
0 0.597656 0.261111 0.039062 0.046296
0 0.645573 0.260648 0.006771 0.017593
0 0.664583 0.261574 0.010417 0.025000
5 0.666927 0.270370 0.010937 0.024074
6 0.666146 0.263889 0.006250 0.022222
4 0.715104 0.237963 0.093750 0.125926
1 0.775260 0.241667 0.050521 0.066667
1 0.782031 0.234722 0.063021 0.078704
4 0.896875 0.230093 0.181250 0.184259