5 0.951042 0.610185 0.083333 0.109259
6 0.954427 0.583796 0.032813 0.112037
5 0.757031 0.776852 0.335938 0.403704
6 0.765365 0.722222 0.157812 0.494444
0 0.840104 0.905093 0.319792 0.189815
5 0.345313 0.466204 0.044792 0.034259
6 0.348698 0.447222 0.022396 0.068519
0 0.465104 0.624074 0.238542 0.322222
0 0.103906 0.435185 0.127604 0.062963
0 0.094792 0.399537 0.062500 0.021296
10 0.090365 0.328241 0.026562 0.037963
0 0.008073 0.373148 0.015104 0.022222
0 0.022656 0.421296 0.044271 0.074074
7 0.043750 0.406944 0.014583 0.050926
2 0.022656 0.368981 0.016146 0.019444
0 0.268750 0.718981 0.536458 0.554630