1 0.065625 0.361574 0.126042 0.067593
0 0.039583 0.455093 0.070833 0.130556
1 0.141406 0.415278 0.085938 0.104630
1 0.269010 0.395833 0.176563 0.110185
0 0.100260 0.493056 0.115104 0.152778
0 0.217188 0.534722 0.139583 0.223148
0 0.597396 0.555556 0.120833 0.166667
0 0.543750 0.568056 0.140625 0.197222
0 0.416927 0.633333 0.368229 0.400000
0 0.823177 0.640278 0.349479 0.323148
5 0.873958 0.817593 0.251042 0.346296
6 0.876302 0.752315 0.121354 0.491667
6 0.798177 0.696296 0.082812 0.377778
10 0.015885 0.518981 0.005729 0.015741
10 0.067448 0.568981 0.008854 0.021296
10 0.171094 0.651852 0.016146 0.029630
10 0.100781 0.790741 0.021354 0.038889
10 0.467708 0.881019 0.028125 0.056481