0 0.885156 0.407870 0.085938 0.086111
0 0.938281 0.382870 0.021354 0.050926
5 0.933594 0.417130 0.018229 0.050926
6 0.931510 0.394907 0.018229 0.060185
5 0.949479 0.418981 0.017708 0.060185
6 0.950000 0.392593 0.014583 0.051852
6 0.943229 0.375926 0.012500 0.025926
4 0.969010 0.369907 0.027604 0.102778
4 0.982292 0.382870 0.035417 0.245370
0 0.708073 0.474537 0.155729 0.228704
7 0.809896 0.573611 0.123958 0.469444
7 0.808594 0.640278 0.148438 0.543519
7 0.895312 0.607870 0.135417 0.550926
0 0.333594 0.640278 0.666146 0.719444
7 0.676823 0.691667 0.167187 0.616667