6 0.962240 0.368519 0.007812 0.022222
7 0.950260 0.378704 0.007812 0.044444
0 0.962240 0.383796 0.006771 0.019444
5 0.955208 0.398148 0.010417 0.040741
6 0.954948 0.383796 0.013021 0.060185
7 0.942448 0.389815 0.017188 0.081481
5 0.928646 0.390741 0.013542 0.042593
5 0.917448 0.394907 0.020313 0.058333
5 0.894271 0.401389 0.016667 0.041667
5 0.921615 0.426389 0.027604 0.080556
2 0.982552 0.389352 0.033854 0.073148
7 0.890625 0.488889 0.025000 0.146296
7 0.794531 0.482870 0.105729 0.189815
7 0.723437 0.459722 0.046875 0.319444
5 0.473438 0.740741 0.387500 0.518519