7 0.508594 0.351389 0.008854 0.026852
0 0.251563 0.359722 0.051042 0.052778
8 0.184896 0.364352 0.018750 0.028704
7 0.584375 0.449537 0.133333 0.547222
5 0.641927 0.780556 0.369271 0.435185
6 0.670573 0.682870 0.252604 0.630556
1 0.992969 0.565278 0.013021 0.691667
7 0.989062 0.359259 0.013542 0.051852
7 0.972656 0.337963 0.008854 0.044444
7 0.910677 0.331944 0.008854 0.093519
7 0.902344 0.350000 0.034896 0.114815
5 0.922656 0.521759 0.095312 0.239815
6 0.921354 0.468519 0.056250 0.246296
6 0.913281 0.475926 0.073438 0.244444