3 0.964323 0.353704 0.020313 0.033333
1 0.982812 0.360185 0.023958 0.061111
0 0.980990 0.387500 0.025521 0.037963
5 0.958333 0.391204 0.005208 0.017593
5 0.962760 0.392593 0.003646 0.014815
5 0.968490 0.390278 0.004687 0.015741
6 0.957812 0.378241 0.007292 0.017593
6 0.964063 0.375926 0.006250 0.016667
6 0.969010 0.376852 0.006771 0.014815
1 0.995313 0.363426 0.009375 0.125000
0 0.989583 0.447222 0.019792 0.118519
10 0.893229 0.431481 0.006250 0.037037
10 0.805208 0.412963 0.010417 0.038889
7 0.622917 0.360185 0.011458 0.042593
7 0.589583 0.357870 0.007292 0.047222