6 0.989844 0.356944 0.005729 0.017593
7 0.935937 0.355556 0.006250 0.018519
6 0.932813 0.357870 0.009375 0.019444
5 0.936719 0.372222 0.008854 0.024074
0 0.874219 0.396759 0.081771 0.108333
7 0.919271 0.404630 0.029167 0.133333
0 0.994010 0.373611 0.006771 0.013889
6 0.994010 0.361574 0.008854 0.021296
1 0.961719 0.358796 0.050521 0.102778
5 0.996615 0.410648 0.006771 0.050926
6 0.996094 0.381481 0.007812 0.033333
5 0.980990 0.406481 0.014063 0.055556
6 0.984115 0.388889 0.017188 0.077778
1 0.726302 0.360185 0.206771 0.335185
7 0.211979 0.592593 0.104167 0.424074