4 0.117448 0.306944 0.111979 0.097222
0 0.497135 0.312963 0.022396 0.018519
5 0.017708 0.421296 0.034375 0.148148
6 0.013021 0.359259 0.025000 0.064815
5 0.551042 0.393519 0.080208 0.066667
6 0.549479 0.371759 0.034375 0.104630
0 0.333333 0.571296 0.482292 0.525926
5 0.724740 0.560185 0.218229 0.283333
6 0.699219 0.488426 0.125521 0.317593
5 0.978646 0.445833 0.042708 0.067593
6 0.988542 0.396296 0.022917 0.118519
0 0.857812 0.342593 0.034375 0.059259
5 0.838021 0.353241 0.021875 0.050926
5 0.888542 0.361574 0.028125 0.045370