7 0.026823 0.400000 0.034896 0.133333
7 0.046354 0.404167 0.042708 0.206481
7 0.211198 0.402315 0.018229 0.087963
7 0.287240 0.401389 0.022396 0.100926
7 0.320573 0.410648 0.038021 0.112037
7 0.462500 0.128241 0.014583 0.015741
7 0.475781 0.131481 0.011979 0.018519
7 0.797656 0.385185 0.008854 0.048148
5 0.779167 0.406481 0.038542 0.062963
7 0.866146 0.399537 0.011458 0.034259
7 0.886719 0.389815 0.014063 0.033333
5 0.899479 0.390741 0.018750 0.051852
5 0.969531 0.406481 0.042188 0.048148
5 0.985677 0.405093 0.018229 0.043519