3 0.344792 0.373611 0.061458 0.080556
4 0.407031 0.345370 0.050521 0.092593
4 0.472135 0.345370 0.043229 0.083333
5 0.496094 0.369444 0.015104 0.035185
0 0.513281 0.362037 0.026562 0.050000
0 0.556250 0.370370 0.026042 0.038889
5 0.612500 0.384722 0.018750 0.023148
7 0.620833 0.363426 0.003125 0.028704
7 0.614844 0.375000 0.013021 0.040741
4 0.676042 0.359259 0.056250 0.077778
3 0.686198 0.393981 0.041146 0.052778
3 0.768750 0.384259 0.146875 0.153704
3 0.904167 0.418056 0.179167 0.143519
3 0.941406 0.439352 0.116146 0.212037
5 0.026562 0.403241 0.033333 0.086111
5 0.096875 0.416204 0.046875 0.076852
5 0.175260 0.403704 0.029687 0.081481