2 0.026823 0.439815 0.052604 0.133333
7 0.033594 0.462500 0.029687 0.125000
7 0.051042 0.479167 0.015625 0.091667
7 0.259896 0.509259 0.043750 0.225926
7 0.172135 0.532407 0.057813 0.170370
7 0.166667 0.535648 0.041667 0.241667
7 0.139063 0.526389 0.053125 0.263889
7 0.514583 0.537963 0.043750 0.122222
7 0.551302 0.506481 0.051562 0.192593
0 0.938542 0.547685 0.116667 0.152778
7 0.694010 0.732407 0.116146 0.535185
7 0.854167 0.733796 0.135417 0.530556
7 0.868750 0.703704 0.132292 0.437037
0 0.969531 0.771759 0.060937 0.456481