5 0.952344 0.384722 0.005729 0.015741
6 0.951302 0.372685 0.006771 0.021296
5 0.948177 0.388426 0.010937 0.026852
5 0.975521 0.386111 0.006250 0.018519
6 0.975000 0.375926 0.007292 0.027778
5 0.987240 0.385185 0.008854 0.022222
6 0.987500 0.375926 0.009375 0.027778
5 0.990365 0.418981 0.014063 0.054630
6 0.990625 0.396759 0.013542 0.065741
5 0.903125 0.441667 0.031250 0.101852
7 0.885938 0.426852 0.026042 0.138889
0 0.624740 0.352778 0.221354 0.168519
0 0.547656 0.434722 0.166146 0.236111
0 0.683073 0.562963 0.263021 0.387037