6 0.507552 0.670833 0.091146 0.547222
3 0.592969 0.588889 0.302604 0.648148
7 0.734115 0.506481 0.076563 0.268519
7 0.878125 0.434722 0.035417 0.171296
4 0.765885 0.388426 0.139063 0.200926
0 0.835938 0.405556 0.030208 0.075926
7 0.810417 0.395833 0.027083 0.076852
5 0.891146 0.456481 0.055208 0.135185
7 0.946094 0.443981 0.029687 0.182407
7 0.964583 0.450926 0.032292 0.183333
0 0.928385 0.373148 0.022396 0.037037
7 0.861458 0.376852 0.007292 0.035185
0 0.922135 0.385185 0.017188 0.042593
7 0.936979 0.367593 0.005208 0.025926
6 0.958333 0.374074 0.010417 0.029630
2 0.975000 0.371296 0.008333 0.025926
5 0.984375 0.392130 0.014583 0.039815
6 0.984635 0.375000 0.011979 0.035185
2 0.990625 0.375926 0.014583 0.033333