7 0.312760 0.342593 0.014063 0.046296
0 0.489583 0.346296 0.114583 0.118519
7 0.487500 0.380556 0.015625 0.083333
5 0.510156 0.403241 0.043229 0.065741
6 0.509115 0.385185 0.024479 0.096296
7 0.985156 0.450926 0.029687 0.240741
10 0.689583 0.470833 0.021875 0.095370
5 0.916406 0.498611 0.051562 0.212037
6 0.900521 0.443981 0.075000 0.273148
5 0.830208 0.771759 0.290625 0.456481
6 0.894271 0.682870 0.153125 0.634259
6 0.799479 0.629630 0.191667 0.662963
5 0.308073 0.792130 0.393229 0.415741
6 0.130469 0.611574 0.259896 0.776852