9 0.109115 0.405556 0.022396 0.037037
9 0.150260 0.410185 0.014063 0.037037
9 0.125260 0.414815 0.023438 0.037037
9 0.138802 0.444444 0.033854 0.050000
3 0.224740 0.360648 0.079687 0.062037
9 0.318229 0.402315 0.023958 0.039815
9 0.051302 0.490278 0.032813 0.086111
9 0.079167 0.522222 0.027083 0.055556
9 0.114062 0.531944 0.029167 0.075000
9 0.222656 0.492593 0.042188 0.085185
9 0.280729 0.482407 0.023958 0.092593
9 0.306510 0.493056 0.035937 0.086111
9 0.438802 0.487500 0.014063 0.056481
9 0.468229 0.491667 0.050000 0.072222
9 0.526823 0.529167 0.028646 0.058333
9 0.580990 0.500926 0.052604 0.075926
9 0.634896 0.503704 0.053125 0.074074
9 0.684635 0.515278 0.046354 0.078704
9 0.656510 0.526852 0.038021 0.051852
9 0.738802 0.503241 0.040104 0.073148
9 0.732031 0.522685 0.056771 0.091667
9 0.784375 0.524537 0.058333 0.093519
7 0.927865 0.369444 0.015104 0.029630
9 0.893490 0.387037 0.015104 0.031481
9 0.919010 0.381019 0.014063 0.023148
9 0.906510 0.392593 0.014063 0.027778
9 0.953125 0.386574 0.012500 0.026852
9 0.964323 0.399537 0.018229 0.052778
9 0.929167 0.396296 0.011458 0.033333
9 0.943750 0.397685 0.020833 0.028704
9 0.922396 0.419907 0.016667 0.039815
9 0.897396 0.412963 0.012500 0.038889
9 0.911979 0.466204 0.012500 0.045370
9 0.901823 0.466667 0.018229 0.038889
9 0.927344 0.468056 0.022396 0.036111
9 0.953385 0.455093 0.023438 0.050926
9 0.979167 0.459259 0.025000 0.059259
9 0.982552 0.511111 0.031771 0.059259
9 0.961198 0.527315 0.043229 0.082407
9 0.927344 0.533333 0.022396 0.059259
9 0.909115 0.543519 0.036979 0.092593