7 0.042969 0.358796 0.013021 0.045370
7 0.062760 0.356944 0.024479 0.041667
7 0.061719 0.357870 0.015104 0.047222
7 0.082552 0.357870 0.013021 0.039815
5 0.113542 0.347685 0.053125 0.056481
5 0.126042 0.353241 0.036458 0.049074
7 0.137240 0.322685 0.008854 0.030556
5 0.162500 0.350000 0.051042 0.081481
5 0.199479 0.380093 0.068750 0.084259
7 0.278385 0.444444 0.060937 0.242593
7 0.260937 0.454630 0.063542 0.248148
5 0.428646 0.397222 0.052083 0.129630
7 0.495052 0.405093 0.020313 0.091667
7 0.539844 0.394907 0.029687 0.121296