3 0.174219 0.281019 0.338021 0.449074
3 0.375521 0.322685 0.112500 0.191667
3 0.473177 0.329167 0.133854 0.236111
0 0.619531 0.348611 0.116146 0.106481
4 0.605990 0.283333 0.068229 0.092593
0 0.663281 0.287500 0.019271 0.025000
3 0.720833 0.324537 0.101042 0.080556
0 0.788542 0.317130 0.031250 0.039815
4 0.870313 0.314815 0.132292 0.118519
1 0.960156 0.311111 0.053646 0.112963
0 0.989583 0.362500 0.019792 0.063889
7 0.768229 0.326389 0.013542 0.073148
5 0.698177 0.373148 0.052604 0.088889
6 0.695312 0.356944 0.032292 0.112037
5 0.613542 0.357870 0.039583 0.095370
5 0.642188 0.377778 0.066667 0.074074
7 0.632031 0.323611 0.019271 0.080556
7 0.640885 0.328241 0.016146 0.065741
7 0.658594 0.358796 0.029687 0.117593
7 0.674740 0.349074 0.021354 0.116667