7 0.055990 0.378241 0.049479 0.117593
5 0.112240 0.386111 0.050521 0.079630
5 0.198437 0.394907 0.027083 0.047222
7 0.182812 0.361574 0.033333 0.099074
5 0.302865 0.546759 0.116146 0.380556
5 0.031771 0.612963 0.062500 0.355556
5 0.580729 0.465741 0.127083 0.181481
5 0.582552 0.611111 0.127604 0.314815
0 0.865104 0.430093 0.095833 0.167593
0 0.976823 0.378704 0.022396 0.053704
0 0.952083 0.376852 0.042708 0.042593
0 0.937500 0.382407 0.040625 0.053704
2 0.990885 0.383333 0.018229 0.059259
0 0.913021 0.540278 0.173958 0.289815
5 0.756250 0.756481 0.252083 0.461111
6 0.789844 0.619444 0.148438 0.477778