7 0.952865 0.281019 0.022396 0.086111
5 0.644010 0.267593 0.017188 0.044444
6 0.688021 0.259722 0.014583 0.028704
6 0.666146 0.265278 0.017708 0.039815
0 0.736979 0.275926 0.038542 0.064815
5 0.034896 0.332870 0.015625 0.034259
0 0.025781 0.358796 0.050521 0.125000
6 0.067969 0.330093 0.021354 0.062037
5 0.071615 0.351852 0.029687 0.066667
5 0.321094 0.353704 0.063021 0.092593
6 0.316146 0.326852 0.031250 0.101852
6 0.684375 0.350463 0.041667 0.176852
6 0.717708 0.363426 0.045833 0.176852
5 0.721875 0.400463 0.130208 0.169444
0 0.945573 0.450463 0.108854 0.284259