2 0.935937 0.462963 0.126042 0.309259
5 0.797917 0.532870 0.194792 0.256481
6 0.765104 0.381019 0.029167 0.084259
6 0.832292 0.373611 0.020833 0.087963
6 0.817708 0.375000 0.034375 0.122222
6 0.800521 0.496296 0.071875 0.351852
5 0.720052 0.521296 0.119271 0.238889
6 0.729167 0.400000 0.070833 0.146296
6 0.659635 0.382407 0.034896 0.138889
5 0.630729 0.537500 0.154167 0.223148
6 0.683854 0.385648 0.047917 0.149074
6 0.646615 0.490741 0.116146 0.337037
5 0.465104 0.483333 0.145833 0.212963
6 0.460156 0.443056 0.081771 0.243519
0 0.081510 0.421759 0.161979 0.104630
0 0.407292 0.710648 0.813542 0.575000