1 0.218229 0.434259 0.169792 0.198148
5 0.377865 0.523148 0.025521 0.096296
6 0.373698 0.472222 0.026562 0.050000
5 0.315625 0.517593 0.027083 0.085185
6 0.316927 0.495370 0.024479 0.118519
5 0.358854 0.538889 0.036458 0.109259
6 0.362500 0.477315 0.021875 0.062037
1 0.067448 0.392593 0.133854 0.181481
0 0.081510 0.471759 0.103646 0.125000
0 0.215885 0.519907 0.178646 0.210185
1 0.460156 0.485185 0.146354 0.237037
0 0.961719 0.556019 0.075521 0.173148
0 0.751302 0.676852 0.497396 0.646296
5 0.427344 0.572685 0.084896 0.141667
6 0.427083 0.531481 0.051042 0.146296
10 0.003125 0.495833 0.005208 0.012037
10 0.040365 0.521296 0.007812 0.016667
10 0.101562 0.562500 0.009375 0.017593
10 0.046875 0.606944 0.010417 0.019444
10 0.164583 0.727778 0.017708 0.033333
10 0.230729 0.644907 0.013542 0.028704
10 0.491927 0.799537 0.023438 0.041667