0 0.045573 0.404167 0.055729 0.080556
0 0.192969 0.462037 0.061979 0.116667
0 0.130729 0.475463 0.110417 0.141667
1 0.204167 0.382870 0.077083 0.052778
4 0.430208 0.475000 0.113542 0.187037
0 0.340104 0.550000 0.273958 0.300000
7 0.953125 0.487500 0.011458 0.023148
7 0.937500 0.525463 0.015625 0.076852
7 0.915625 0.516667 0.015625 0.055556
7 0.874479 0.487963 0.013542 0.033333
0 0.858854 0.585648 0.159375 0.176852
6 0.742969 0.487963 0.019271 0.027778
5 0.926562 0.658796 0.052083 0.136111
7 0.951042 0.532407 0.017708 0.072222
6 0.968750 0.548148 0.037500 0.107407
0 0.972917 0.661111 0.054167 0.275926
0 0.667448 0.563426 0.360938 0.337963
10 0.064583 0.525463 0.006250 0.015741
10 0.146094 0.584259 0.007812 0.018519
10 0.093490 0.692130 0.016146 0.030556