2 0.025521 0.331944 0.026042 0.026852
5 0.014844 0.341204 0.011979 0.012037
6 0.012500 0.333796 0.008333 0.025000
5 0.025000 0.344444 0.005208 0.011111
6 0.017969 0.333796 0.005729 0.019444
6 0.037760 0.337037 0.010937 0.024074
3 0.059375 0.331944 0.029167 0.043519
6 0.041667 0.336574 0.009375 0.021296
5 0.078385 0.375926 0.022396 0.050000
2 0.039844 0.442130 0.078646 0.195370
5 0.058073 0.575000 0.078646 0.237037
6 0.041667 0.492593 0.054167 0.242593
6 0.056510 0.496759 0.063021 0.269444
4 0.539844 0.500463 0.920312 0.999074