7 0.121094 0.350463 0.017188 0.037963
5 0.147396 0.398148 0.060417 0.085185
5 0.177604 0.386111 0.025000 0.074074
5 0.218750 0.385648 0.020833 0.069444
7 0.232031 0.375463 0.015104 0.093519
6 0.224219 0.374074 0.021354 0.098148
5 0.261719 0.382870 0.043229 0.084259
5 0.287760 0.395370 0.064062 0.068519
7 0.531510 0.396759 0.023438 0.080556
5 0.550000 0.393519 0.036458 0.105556
8 0.586458 0.404167 0.027083 0.080556
7 0.662240 0.378704 0.023438 0.100000
8 0.656250 0.425463 0.044792 0.084259
0 0.750781 0.409259 0.115104 0.240741
7 0.688021 0.442593 0.025000 0.209259
7 0.720573 0.445370 0.030729 0.198148
7 0.750000 0.436574 0.040625 0.223148
5 0.914062 0.437500 0.093750 0.134259
7 0.351302 0.488889 0.061979 0.294444
5 0.018229 0.544907 0.034375 0.239815