4 0.976823 0.355556 0.046354 0.092593
0 0.980990 0.390741 0.033854 0.059259
0 0.971875 0.396296 0.028125 0.068519
0 0.924479 0.395370 0.084375 0.077778
0 0.830469 0.375000 0.054688 0.035185
0 0.760677 0.406944 0.093229 0.084259
0 0.826562 0.418056 0.111458 0.104630
2 0.464062 0.457407 0.138542 0.201852
7 0.856771 0.413889 0.025000 0.129630
0 0.085677 0.376852 0.066146 0.046296
0 0.133854 0.446296 0.112500 0.159259
0 0.014323 0.391667 0.027604 0.038889
0 0.064062 0.487037 0.127083 0.200000
5 0.325781 0.427315 0.052604 0.093519