0 0.917969 0.349537 0.013021 0.039815
1 0.936979 0.341204 0.027083 0.063889
0 0.935417 0.380556 0.030208 0.040741
1 0.973437 0.343519 0.052083 0.233333
7 0.914583 0.353704 0.014583 0.040741
1 0.815104 0.372222 0.223958 0.190741
6 0.848177 0.445370 0.064062 0.190741
5 0.848177 0.481944 0.073438 0.139815
0 0.984635 0.748611 0.030729 0.497222
7 0.335938 0.385648 0.021875 0.089815
10 0.415625 0.541204 0.046875 0.132407
7 0.285417 0.408333 0.026042 0.114815
7 0.121354 0.355093 0.011458 0.028704
7 0.029948 0.361111 0.021354 0.053704