1 0.045573 0.353704 0.088021 0.137037
0 0.044792 0.450463 0.080208 0.141667
1 0.175000 0.419444 0.166667 0.192593
5 0.261979 0.478704 0.004167 0.053704
0 0.170573 0.498611 0.169271 0.217593
6 0.307552 0.486111 0.033854 0.112963
6 0.326562 0.456481 0.018750 0.044444
5 0.332552 0.508796 0.022396 0.087963
5 0.306250 0.518981 0.037500 0.115741
1 0.410156 0.472222 0.132812 0.242593
6 0.379167 0.515278 0.056250 0.145370
5 0.382031 0.562037 0.079687 0.135185
0 0.720052 0.646296 0.554688 0.624074
0 0.930208 0.543981 0.135417 0.199074