5 0.013802 0.381944 0.021354 0.056481
5 0.022656 0.392130 0.024479 0.062037
7 0.039323 0.371759 0.020313 0.071296
5 0.057031 0.355556 0.014063 0.055556
7 0.092448 0.343981 0.017188 0.047222
7 0.118750 0.343519 0.012500 0.051852
7 0.105729 0.348148 0.014583 0.050000
7 0.132031 0.343981 0.016146 0.052778
7 0.087760 0.361111 0.023438 0.050000
7 0.120313 0.356019 0.019792 0.039815
0 0.265104 0.387963 0.207292 0.198148
3 0.481771 0.356019 0.098958 0.128704
3 0.550781 0.358796 0.018229 0.082407
3 0.795573 0.401852 0.408854 0.301852
7 0.776042 0.474074 0.072917 0.279630
4 0.877083 0.316204 0.143750 0.062037