9 0.447656 0.300000 0.007812 0.009259
9 0.463021 0.296759 0.004167 0.006481
9 0.475781 0.295370 0.004687 0.009259
9 0.486979 0.302778 0.008333 0.016667
9 0.479687 0.330093 0.010417 0.025000
9 0.500260 0.324074 0.005729 0.012963
9 0.551302 0.335648 0.008854 0.021296
9 0.566927 0.335648 0.015104 0.019444
9 0.605729 0.343056 0.008333 0.013889
9 0.522917 0.326852 0.010417 0.009259
9 0.520052 0.338889 0.011979 0.009259
9 0.496615 0.347685 0.013021 0.019444
9 0.465885 0.335648 0.008854 0.015741
9 0.458854 0.334259 0.009375 0.018519
9 0.446094 0.339352 0.015104 0.015741
9 0.355729 0.358333 0.014583 0.029630
9 0.337240 0.365741 0.009896 0.024074
9 0.319531 0.368981 0.014063 0.019444
9 0.014063 0.312500 0.013542 0.010185
9 0.029687 0.311111 0.011458 0.009259