5 0.024740 0.418056 0.039062 0.082407
5 0.092188 0.428241 0.046875 0.073148
5 0.169792 0.422222 0.032292 0.064815
3 0.339062 0.385185 0.063542 0.085185
4 0.403646 0.354630 0.046875 0.092593
4 0.468750 0.357870 0.041667 0.086111
5 0.490625 0.384259 0.012500 0.037037
0 0.508333 0.368519 0.030208 0.051852
0 0.552865 0.380556 0.029687 0.046296
5 0.608333 0.395370 0.021875 0.029630
7 0.615885 0.378704 0.005729 0.040741
6 0.610417 0.382407 0.012500 0.042593
4 0.668490 0.363426 0.047396 0.073148
3 0.766667 0.392593 0.160417 0.162963
3 0.893750 0.432407 0.170833 0.124074
3 0.937500 0.456481 0.123958 0.220370