1 0.023698 0.371296 0.046354 0.059259
4 0.108594 0.380093 0.131771 0.173148
1 0.233594 0.367130 0.095312 0.050926
6 0.408854 0.460185 0.014583 0.046296
6 0.396875 0.469907 0.013542 0.071296
0 0.455729 0.499537 0.121875 0.110185
0 0.575260 0.456019 0.094271 0.036111
0 0.620833 0.631481 0.451042 0.353704
5 0.907292 0.562500 0.038542 0.097222
0 0.828385 0.877315 0.329688 0.241667
0 0.201563 0.420370 0.222917 0.107407
0 0.023438 0.392593 0.045833 0.024074
0 0.052083 0.511574 0.101042 0.226852
0 0.222396 0.700463 0.432292 0.582407