7 0.987760 0.357870 0.014063 0.023148
3 0.986979 0.388889 0.016667 0.057407
7 0.970833 0.441667 0.025000 0.137037
7 0.946875 0.386111 0.010417 0.038889
7 0.955729 0.378241 0.009375 0.025000
7 0.986458 0.445833 0.027083 0.145370
7 0.955208 0.446296 0.035417 0.125926
7 0.815104 0.402315 0.051042 0.158333
7 0.713542 0.318981 0.026042 0.158333
7 0.698438 0.306019 0.025000 0.182407
5 0.803125 0.484259 0.065625 0.181481
5 0.758594 0.494444 0.079687 0.225926
5 0.735677 0.557870 0.080729 0.154630
7 0.668490 0.633796 0.148438 0.582407
7 0.093229 0.725926 0.185417 0.548148