7 0.072917 0.354630 0.018750 0.055556
5 0.036979 0.375926 0.023958 0.077778
0 0.008854 0.308796 0.017708 0.036111
2 0.015104 0.423148 0.030208 0.220370
7 0.098177 0.404167 0.028646 0.115741
7 0.149479 0.384722 0.029167 0.102778
7 0.193229 0.412963 0.032292 0.116667
7 0.217448 0.354167 0.011979 0.028704
7 0.268750 0.413889 0.045833 0.101852
7 0.331250 0.521759 0.029167 0.080556
7 0.406250 0.468981 0.062500 0.267593
7 0.442969 0.506944 0.046354 0.315741
5 0.160938 0.489815 0.051042 0.196296
5 0.198437 0.492130 0.039583 0.095370
6 0.221094 0.470833 0.064062 0.225000
5 0.316927 0.666204 0.230729 0.384259
7 0.852344 0.620833 0.098437 0.443519
5 0.157812 0.762963 0.201042 0.474074
6 0.142969 0.656944 0.174479 0.612037
9 0.490625 0.694444 0.087500 0.081481
9 0.548698 0.731019 0.083854 0.080556
9 0.716146 0.862037 0.092708 0.103704
5 0.535156 0.775926 0.308854 0.446296