9 0.025000 0.537500 0.018750 0.034259
9 0.036458 0.550000 0.009375 0.022222
9 0.040885 0.532407 0.011979 0.022222
9 0.051823 0.556019 0.021354 0.036111
9 0.061979 0.539352 0.011458 0.021296
9 0.072135 0.541204 0.014063 0.019444
9 0.083594 0.533333 0.010937 0.022222
9 0.091146 0.553704 0.012500 0.029630
9 0.080729 0.521759 0.013542 0.019444
9 0.096615 0.530093 0.010937 0.021296
9 0.090625 0.524074 0.011458 0.016667
9 0.106510 0.522222 0.009896 0.022222
9 0.115365 0.530093 0.016146 0.015741
9 0.116667 0.519907 0.012500 0.010185
9 0.128646 0.525000 0.010417 0.018519
9 0.136979 0.519907 0.007292 0.019444
9 0.140625 0.527315 0.014583 0.019444
9 0.154167 0.527778 0.009375 0.016667
9 0.159896 0.513426 0.013542 0.030556
9 0.168229 0.514352 0.011458 0.019444
9 0.161198 0.539815 0.011979 0.024074
9 0.171615 0.534259 0.011979 0.033333
9 0.131510 0.552315 0.026562 0.028704
9 0.133333 0.605093 0.052083 0.071296
9 0.182552 0.540741 0.014063 0.035185
9 0.192448 0.537963 0.011979 0.038889
9 0.179688 0.517130 0.011458 0.021296
9 0.189323 0.511111 0.011979 0.018519
9 0.198437 0.515741 0.009375 0.014815
9 0.200000 0.525000 0.008333 0.024074
9 0.214583 0.551389 0.025000 0.039815
9 0.207813 0.539815 0.016667 0.024074
9 0.213542 0.521296 0.013542 0.022222
9 0.203646 0.523148 0.013542 0.016667
9 0.228646 0.538889 0.019792 0.031481
9 0.228646 0.524074 0.020833 0.025926
9 0.236198 0.508796 0.021354 0.028704
9 0.251042 0.531944 0.009375 0.023148
9 0.254948 0.517130 0.010937 0.015741
9 0.251302 0.507407 0.008854 0.020370
9 0.269531 0.506481 0.015104 0.027778
9 0.273958 0.517130 0.019792 0.025000
9 0.277344 0.539815 0.025521 0.027778
9 0.293229 0.555556 0.029167 0.042593
9 0.280990 0.563426 0.030729 0.036111
9 0.277604 0.501852 0.011458 0.011111
9 0.284115 0.498148 0.011979 0.011111
9 0.284375 0.510648 0.013542 0.017593
9 0.292448 0.530093 0.015104 0.015741
9 0.293490 0.520370 0.009896 0.016667
9 0.295833 0.503241 0.011458 0.013889
9 0.303646 0.520370 0.017708 0.033333
9 0.310677 0.500463 0.018229 0.026852
9 0.323437 0.515278 0.012500 0.025000
9 0.332813 0.518519 0.011458 0.024074
9 0.347135 0.523148 0.011979 0.024074
9 0.354948 0.526852 0.009896 0.033333
9 0.360938 0.515278 0.011458 0.028704
9 0.345573 0.552778 0.019271 0.040741
9 0.329167 0.548148 0.017708 0.046296
9 0.338542 0.563426 0.026042 0.043519
9 0.338802 0.604630 0.033854 0.042593
9 0.365885 0.601852 0.021354 0.016667
9 0.363802 0.590278 0.028646 0.021296
9 0.368229 0.568519 0.017708 0.038889
9 0.390625 0.512963 0.016667 0.031481
9 0.420312 0.599537 0.050000 0.075000
9 0.421875 0.541667 0.040625 0.046296
9 0.424479 0.518056 0.022917 0.017593
9 0.425781 0.506944 0.015104 0.019444
9 0.430729 0.500926 0.008333 0.016667
9 0.441146 0.507870 0.015625 0.023148
9 0.455990 0.520833 0.027604 0.036111
9 0.475260 0.535185 0.029687 0.040741
9 0.464844 0.561111 0.046354 0.048148
9 0.466927 0.492130 0.025521 0.025000
9 0.481771 0.504167 0.028125 0.023148
9 0.511979 0.590741 0.030208 0.046296
9 0.518490 0.574074 0.023438 0.025926
9 0.539062 0.519907 0.026042 0.028704
9 0.575521 0.559259 0.043750 0.046296
9 0.596094 0.536574 0.027604 0.047222
9 0.638542 0.497685 0.021875 0.043519
9 0.642188 0.504630 0.026042 0.029630
9 0.676302 0.506481 0.019271 0.053704
9 0.711719 0.486574 0.021354 0.026852
9 0.661979 0.523148 0.033333 0.046296
9 0.700000 0.535185 0.032292 0.040741
9 0.712240 0.512037 0.025521 0.042593
9 0.732552 0.523611 0.027604 0.043519
9 0.748177 0.508333 0.024479 0.033333
9 0.760156 0.494907 0.020313 0.028704
9 0.786719 0.512963 0.024479 0.033333
9 0.772396 0.525000 0.031250 0.040741
9 0.762240 0.545833 0.027604 0.043519
9 0.735938 0.559259 0.029167 0.044444
9 0.786979 0.550000 0.020833 0.029630
9 0.785417 0.575000 0.029167 0.040741
9 0.766146 0.587500 0.041667 0.049074
9 0.720313 0.586574 0.047917 0.058333
9 0.667188 0.579167 0.056250 0.043519
7 0.437500 0.454630 0.012500 0.050000
9 0.235156 0.583796 0.054688 0.075000