1 0.406771 0.483796 0.193750 0.050926
10 0.161198 0.443519 0.040104 0.070370
10 0.076302 0.500000 0.019271 0.042593
6 0.009635 0.563889 0.005729 0.018519
0 0.790885 0.596296 0.176563 0.131481
7 0.965365 0.532870 0.017188 0.043519
5 0.810156 0.654630 0.058854 0.142593
6 0.790365 0.610185 0.021354 0.170370
7 0.975260 0.610648 0.035937 0.199074
6 0.809375 0.567130 0.046875 0.087963
0 0.009115 0.568981 0.016146 0.015741
7 0.995573 0.594444 0.006771 0.077778
0 0.024219 0.621296 0.048438 0.116667
0 0.071875 0.644444 0.101042 0.162963