6 0.007031 0.305556 0.007812 0.022222
6 0.002344 0.307870 0.002604 0.017593
6 0.121615 0.326389 0.017188 0.047222
6 0.148438 0.328241 0.016667 0.062037
6 0.161198 0.329167 0.024479 0.043519
5 0.164323 0.349074 0.027604 0.042593
5 0.129688 0.346759 0.017708 0.049074
0 0.064583 0.333796 0.126042 0.134259
0 0.325000 0.394907 0.189583 0.186111
0 0.491927 0.398148 0.205729 0.179630
0 0.557813 0.332870 0.080208 0.078704
0 0.615365 0.358796 0.077604 0.086111
0 0.686198 0.376852 0.115104 0.120370
0 0.841406 0.416204 0.226562 0.169444
0 0.016406 0.567593 0.031771 0.237037
0 0.738021 0.683333 0.489583 0.588889