0 0.095312 0.691667 0.189583 0.616667
0 0.383073 0.671759 0.365104 0.571296
0 0.610417 0.515278 0.244792 0.369444
0 0.774740 0.498148 0.135937 0.255556
0 0.816406 0.441204 0.134896 0.162037
0 0.843750 0.406944 0.154167 0.154630
0 0.918750 0.404167 0.023958 0.108333
0 0.957031 0.376389 0.067187 0.076852
2 0.989844 0.368519 0.018229 0.051852
7 0.940625 0.418056 0.032292 0.136111
7 0.960417 0.418519 0.019792 0.146296
7 0.973958 0.390741 0.020833 0.088889
7 0.993229 0.384259 0.011458 0.083333
7 0.496875 0.674537 0.177083 0.650926