3 0.334896 0.241204 0.078125 0.128704
0 0.381250 0.242130 0.018750 0.047222
0 0.495573 0.268056 0.083854 0.065741
7 0.542188 0.233333 0.008333 0.035185
2 0.608333 0.242130 0.036458 0.052778
4 0.611979 0.209259 0.025000 0.040741
4 0.636198 0.216204 0.029687 0.047222
4 0.659896 0.221296 0.029167 0.051852
3 0.679688 0.218519 0.014583 0.035185
1 0.694531 0.218981 0.021354 0.037963
0 0.723177 0.241204 0.019271 0.036111
5 0.738802 0.238426 0.004687 0.012037
6 0.739323 0.233796 0.003646 0.013889
4 0.772396 0.228241 0.022917 0.041667
7 0.786198 0.265741 0.014063 0.055556
4 0.922656 0.257407 0.154688 0.257407
3 0.194531 0.237500 0.092188 0.154630