0 0.948438 0.341204 0.030208 0.037963
0 0.945573 0.351389 0.029687 0.052778
0 0.923698 0.374074 0.051562 0.077778
2 0.858854 0.360648 0.044792 0.075000
0 0.822656 0.403704 0.099479 0.140741
6 0.881510 0.481481 0.079687 0.264815
2 0.461979 0.496759 0.198958 0.332407
0 0.197656 0.687963 0.394271 0.624074
0 0.775521 0.439352 0.110417 0.163889
7 0.722135 0.474074 0.056771 0.283333
5 0.873437 0.557870 0.094792 0.262037
0 0.983333 0.338889 0.014583 0.024074
5 0.973437 0.340278 0.008333 0.023148
2 0.994010 0.359259 0.010937 0.059259
5 0.985938 0.412963 0.026042 0.100000
6 0.987500 0.398148 0.022917 0.096296
6 0.973437 0.329630 0.005208 0.009259
7 0.966146 0.335185 0.009375 0.033333