3 0.917969 0.495370 0.164062 0.401852
4 0.728646 0.399537 0.069792 0.106481
0 0.683073 0.421759 0.027604 0.025000
6 0.604688 0.415278 0.016667 0.037963
5 0.617188 0.422685 0.021875 0.019444
6 0.614323 0.414815 0.011979 0.020370
7 0.433854 0.393056 0.013542 0.025000
0 0.459635 0.450926 0.121354 0.111111
5 0.335417 0.505556 0.093750 0.144444
6 0.338802 0.479630 0.038021 0.161111
6 0.364583 0.467130 0.033333 0.149074
0 0.091146 0.505556 0.071875 0.179630
4 0.040365 0.495833 0.077604 0.837963
0 0.720833 0.614815 0.316667 0.381481