5 0.148698 0.427778 0.045312 0.094444
0 0.618229 0.357870 0.130208 0.102778
5 0.233073 0.893519 0.356771 0.212963
5 0.859635 0.368519 0.021354 0.081481
0 0.910677 0.308333 0.019271 0.037037
5 0.939063 0.311111 0.004167 0.014815
0 0.939844 0.301852 0.011979 0.016667
5 0.959115 0.304167 0.014063 0.028704
5 0.915885 0.322685 0.015104 0.032407
6 0.937760 0.301852 0.006771 0.016667
7 0.957031 0.318519 0.009896 0.024074
5 0.948698 0.374074 0.019271 0.059259
6 0.947656 0.360648 0.017188 0.056481
7 0.965104 0.315278 0.008333 0.034259
5 0.971094 0.322222 0.016146 0.025926