5 0.065885 0.673611 0.109896 0.462037
4 0.960156 0.380093 0.028646 0.078704
3 0.925781 0.381019 0.024479 0.049074
5 0.907292 0.434259 0.017708 0.085185
5 0.930990 0.445833 0.014063 0.041667
5 0.921094 0.403241 0.015104 0.037963
7 0.910937 0.382870 0.010417 0.034259
6 0.938021 0.429630 0.022917 0.079630
5 0.918229 0.457870 0.030208 0.087963
0 0.991927 0.401852 0.016146 0.038889
5 0.977083 0.407870 0.011458 0.025000
6 0.974740 0.392593 0.007812 0.020370
5 0.953906 0.407870 0.008854 0.030556
6 0.977865 0.400000 0.009896 0.037037
6 0.954167 0.398611 0.011458 0.034259