7 0.517708 0.356019 0.008333 0.015741
7 0.531771 0.347685 0.005208 0.015741
7 0.527604 0.353241 0.005208 0.010185
9 0.627865 0.418519 0.005729 0.009259
9 0.663021 0.417130 0.003125 0.008333
9 0.674479 0.417593 0.007292 0.011111
5 0.417969 0.355093 0.010937 0.028704
5 0.409635 0.354167 0.010937 0.028704
6 0.405729 0.349537 0.007292 0.039815
0 0.427344 0.356481 0.013021 0.027778
6 0.427865 0.350926 0.011979 0.038889
3 0.438281 0.349074 0.018229 0.038889
7 0.374219 0.344907 0.006771 0.032407
7 0.357031 0.345833 0.007812 0.028704
5 0.384115 0.371296 0.019271 0.050000
6 0.382031 0.350926 0.021354 0.053704
6 0.386719 0.356944 0.017188 0.076852
7 0.308073 0.360648 0.016146 0.075000