1 0.600260 0.415278 0.030729 0.100926
1 0.685417 0.418056 0.065625 0.034259
6 0.608594 0.457407 0.018229 0.048148
5 0.606510 0.488426 0.021354 0.060185
1 0.499219 0.431481 0.176563 0.194444
2 0.110156 0.417130 0.048438 0.047222
0 0.160938 0.431019 0.095833 0.041667
7 0.202344 0.412500 0.009896 0.023148
0 0.265625 0.504630 0.165625 0.135185
6 0.225000 0.417593 0.016667 0.027778
2 0.294271 0.429630 0.078125 0.059259
7 0.336719 0.437500 0.024479 0.071296
7 0.347917 0.442593 0.014583 0.057407
8 0.564063 0.523611 0.040625 0.102778
1 0.973437 0.413889 0.051042 0.505556