1 0.032031 0.352315 0.063021 0.108333
6 0.076563 0.395370 0.007292 0.014815
2 0.101042 0.397222 0.042708 0.020370
2 0.164844 0.394907 0.066146 0.015741
0 0.286198 0.456481 0.055729 0.085185
0 0.028125 0.443056 0.056250 0.126852
0 0.069792 0.474537 0.093750 0.149074
5 0.294531 0.523148 0.035937 0.120370
6 0.288021 0.452778 0.040625 0.079630
0 0.198177 0.518519 0.191146 0.251852
2 0.373958 0.460185 0.126042 0.107407
6 0.488542 0.450000 0.016667 0.025926
1 0.603906 0.405093 0.160938 0.428704
0 0.478385 0.629630 0.364063 0.357407
1 0.824740 0.527778 0.350521 0.944444
10 0.006250 0.512037 0.006250 0.012963
10 0.029167 0.534722 0.008333 0.017593
10 0.064844 0.569444 0.008854 0.016667
10 0.119271 0.616204 0.013542 0.025000
10 0.202083 0.690741 0.019792 0.029630
10 0.377083 0.831019 0.028125 0.050926