0 0.155469 0.401389 0.021354 0.012037
0 0.181771 0.405093 0.017708 0.008333
0 0.196354 0.417130 0.028125 0.037963
0 0.159635 0.418981 0.042188 0.037963
0 0.175521 0.421759 0.050000 0.036111
0 0.166667 0.424537 0.028125 0.026852
0 0.155469 0.419444 0.036979 0.033333
0 0.283073 0.524074 0.178646 0.179630
0 0.134896 0.434722 0.165625 0.062037
0 0.016927 0.432870 0.032813 0.073148
0 0.009896 0.468981 0.018750 0.076852
0 0.066927 0.441204 0.095312 0.080556
0 0.207292 0.659259 0.413542 0.481481
2 0.625781 0.487963 0.200521 0.066667
0 0.646875 0.659259 0.376042 0.327778
0 0.758854 0.690278 0.481250 0.617593