10 0.424479 0.179630 0.031250 0.068519
10 0.427083 0.229167 0.035417 0.023148
5 0.197656 0.570370 0.190104 0.214815
7 0.430729 0.510185 0.031250 0.087037
7 0.411198 0.541204 0.069271 0.158333
2 0.518229 0.449074 0.183333 0.279630
2 0.679948 0.443981 0.131771 0.221296
0 0.766927 0.426389 0.074479 0.141667
7 0.790365 0.373148 0.018229 0.057407
4 0.867969 0.357870 0.130729 0.310185
0 0.959635 0.381019 0.057813 0.075000
0 0.988021 0.366667 0.023958 0.055556
7 0.975521 0.360648 0.010417 0.032407
5 0.988802 0.451389 0.022396 0.097222
6 0.986979 0.419444 0.026042 0.107407
0 0.105208 0.774537 0.209375 0.426852