7 0.798698 0.363889 0.015104 0.072222
7 0.789583 0.361111 0.023958 0.077778
5 0.886979 0.409259 0.085417 0.105556
5 0.742448 0.379630 0.034896 0.100000
5 0.698958 0.364815 0.033333 0.098148
5 0.666406 0.363426 0.042188 0.100926
5 0.621615 0.361574 0.028646 0.091667
5 0.598177 0.363889 0.036979 0.109259
7 0.642969 0.353704 0.027604 0.127778
7 0.762760 0.378241 0.031771 0.178704
5 0.327344 0.345370 0.036979 0.075926
6 0.330990 0.328704 0.020313 0.077778
3 0.250521 0.306944 0.078125 0.063889
0 0.113281 0.327315 0.064062 0.054630
0 0.028385 0.325926 0.052604 0.051852
5 0.069792 0.344907 0.043750 0.047222
5 0.105990 0.339815 0.014063 0.050000
7 0.097656 0.327315 0.010937 0.062037
6 0.107292 0.333333 0.018750 0.064815
7 0.091406 0.321759 0.011979 0.050926
7 0.079167 0.332407 0.025000 0.070370
7 0.082031 0.315741 0.008854 0.029630
7 0.067969 0.308796 0.010937 0.030556