9 0.062240 0.393981 0.021354 0.025000
9 0.083073 0.390278 0.018229 0.028704
9 0.207813 0.363889 0.015625 0.022222
9 0.200521 0.375000 0.018750 0.022222
9 0.236979 0.368981 0.021875 0.021296
9 0.221354 0.406944 0.019792 0.030556
9 0.227604 0.444907 0.030208 0.039815
9 0.207292 0.449074 0.027083 0.046296
9 0.189062 0.512037 0.031250 0.042593
9 0.269010 0.545833 0.046354 0.076852
9 0.250260 0.422685 0.023438 0.041667
9 0.284896 0.364815 0.013542 0.022222
9 0.274219 0.381481 0.011979 0.012963
9 0.301302 0.401389 0.027604 0.037963
9 0.277083 0.396759 0.020833 0.021296
9 0.283333 0.405556 0.026042 0.022222
9 0.284635 0.428704 0.031771 0.035185
9 0.355729 0.346296 0.015625 0.018519
9 0.351042 0.363426 0.023958 0.025000
9 0.392188 0.362963 0.020833 0.022222
9 0.357812 0.385648 0.026042 0.030556
9 0.410417 0.433796 0.038542 0.047222
9 0.385937 0.374074 0.026042 0.025926
9 0.412240 0.363426 0.023438 0.025000
9 0.456771 0.344907 0.019792 0.021296
9 0.491927 0.340278 0.016146 0.021296
9 0.460677 0.358796 0.021354 0.025000
9 0.492188 0.355556 0.018750 0.022222
9 0.476562 0.359259 0.019792 0.022222
9 0.573438 0.353704 0.017708 0.022222
9 0.626823 0.329167 0.007812 0.017593
9 0.613281 0.348611 0.020313 0.025000
9 0.565104 0.358796 0.018750 0.025000
9 0.543229 0.360185 0.020833 0.018519
9 0.524479 0.355556 0.022917 0.018519
9 0.519010 0.380093 0.024479 0.028704
9 0.530990 0.372222 0.027604 0.027778
9 0.623698 0.422222 0.036979 0.037037
9 0.694010 0.345370 0.017188 0.020370
9 0.780990 0.332870 0.011979 0.015741
9 0.770833 0.362037 0.023958 0.020370
9 0.885938 0.666667 0.092708 0.135185
9 0.872135 0.326852 0.006771 0.012963
9 0.870833 0.350463 0.013542 0.021296
9 0.880990 0.338426 0.011979 0.015741
9 0.903385 0.330093 0.009896 0.010185
9 0.894010 0.338426 0.008854 0.019444
9 0.903906 0.353704 0.014063 0.020370
7 0.886458 0.318519 0.004167 0.022222
9 0.932813 0.339352 0.012500 0.019444
9 0.958073 0.337963 0.010937 0.014815
9 0.972135 0.328704 0.009896 0.016667
0 0.969531 0.339352 0.014063 0.015741
9 0.984635 0.338426 0.008854 0.010185
9 0.904948 0.338889 0.010937 0.018519