7 0.039583 0.374074 0.011458 0.033333
5 0.079948 0.387037 0.021354 0.033333
6 0.079427 0.379630 0.014063 0.046296
6 0.021615 0.387500 0.016146 0.049074
6 0.010937 0.377778 0.009375 0.029630
6 0.006510 0.384259 0.013021 0.040741
7 0.004687 0.449537 0.009375 0.134259
7 0.084375 0.392593 0.010417 0.022222
5 0.092448 0.425926 0.069271 0.044444
7 0.068229 0.412963 0.022917 0.059259
5 0.042448 0.448611 0.029687 0.089815
6 0.042969 0.426852 0.029687 0.109259
7 0.019010 0.455556 0.036979 0.150000
5 0.097396 0.468519 0.097917 0.118519
7 0.095052 0.486574 0.042188 0.243519
5 0.464583 0.482870 0.026042 0.026852
7 0.429688 0.552778 0.103125 0.420370
7 0.716146 0.432870 0.053125 0.084259
5 0.695052 0.759722 0.183854 0.480556