5 0.363802 0.775463 0.267188 0.443519
6 0.363021 0.708796 0.216667 0.582407
6 0.295573 0.676852 0.170313 0.646296
5 0.745833 0.418056 0.045833 0.108333
3 0.522135 0.392593 0.077604 0.070370
3 0.615885 0.369444 0.081771 0.137037
3 0.841927 0.378704 0.044271 0.124074
10 0.825521 0.269444 0.028125 0.037037
10 0.823958 0.305556 0.027083 0.022222
0 0.985677 0.389815 0.010937 0.033333
0 0.993490 0.396296 0.013021 0.038889
10 0.972135 0.356019 0.014063 0.025000
5 0.963542 0.486574 0.059375 0.113889
6 0.978385 0.446296 0.028646 0.150000
6 0.961979 0.452778 0.044792 0.148148