5 0.004427 0.559259 0.007812 0.014815
6 0.003385 0.551852 0.005729 0.024074
5 0.014844 0.559722 0.007812 0.017593
5 0.024219 0.561574 0.013021 0.015741
5 0.049219 0.570370 0.016146 0.053704
5 0.071354 0.582870 0.023958 0.050926
5 0.137500 0.647685 0.054167 0.125000
5 0.300000 0.768056 0.107292 0.302778
6 0.014583 0.553241 0.009375 0.015741
6 0.022396 0.552315 0.009375 0.023148
6 0.048438 0.559259 0.011458 0.042593
6 0.067448 0.562963 0.019271 0.057407
6 0.137760 0.576389 0.041146 0.087963
6 0.136979 0.597222 0.042708 0.142593
6 0.271094 0.689352 0.035937 0.269444
6 0.294271 0.697685 0.064583 0.304630