2 0.343490 0.303704 0.064062 0.020370
4 0.430729 0.344444 0.131250 0.137037
0 0.377865 0.372685 0.145313 0.136111
0 0.344271 0.377778 0.143750 0.140741
0 0.559896 0.293056 0.084375 0.023148
2 0.519531 0.309259 0.035937 0.027778
0 0.489844 0.375000 0.071354 0.116667
0 0.502083 0.390741 0.030208 0.087037
0 0.910156 0.347222 0.107813 0.066667
7 0.846094 0.319907 0.029687 0.037963
0 0.658854 0.393981 0.305208 0.187963
0 0.816667 0.393056 0.169792 0.150926
0 0.940365 0.414352 0.098437 0.137963
1 0.991667 0.336574 0.016667 0.293519
0 0.172656 0.538426 0.344271 0.500926