5 0.302865 0.256019 0.019271 0.026852
5 0.315365 0.254167 0.024479 0.037963
5 0.340625 0.256481 0.026042 0.044444
5 0.367969 0.257407 0.025521 0.046296
5 0.356771 0.256019 0.029167 0.049074
5 0.449740 0.248148 0.038021 0.038889
4 0.583854 0.222685 0.193750 0.245370
3 0.757031 0.266204 0.290104 0.197222
0 0.960417 0.279167 0.055208 0.082407
5 0.923177 0.335648 0.091146 0.110185
6 0.919271 0.279630 0.033333 0.107407
6 0.967708 0.289815 0.025000 0.085185
6 0.986979 0.272222 0.018750 0.057407
7 0.952344 0.325000 0.027604 0.175926
6 0.985417 0.338426 0.029167 0.152778
5 0.976042 0.378704 0.047917 0.096296
7 0.856510 0.328704 0.038021 0.174074
3 0.140365 0.266667 0.045312 0.037037