0 0.034375 0.420370 0.053125 0.072222
5 0.033594 0.456944 0.029687 0.080556
6 0.034375 0.425926 0.023958 0.088889
5 0.102083 0.461111 0.036458 0.081481
6 0.103906 0.436111 0.029687 0.087037
5 0.168490 0.491204 0.045312 0.113889
6 0.165885 0.456481 0.030729 0.135185
5 0.236719 0.492593 0.040104 0.090741
6 0.242969 0.466667 0.025521 0.116667
5 0.327604 0.520370 0.022917 0.092593
6 0.329948 0.490741 0.026562 0.142593
5 0.290365 0.565278 0.083854 0.171296
6 0.263281 0.493519 0.033854 0.200000
6 0.292448 0.518981 0.060937 0.189815
10 0.005729 0.557870 0.010417 0.023148
10 0.036979 0.606019 0.014583 0.030556
10 0.090625 0.676389 0.017708 0.036111
10 0.194792 0.816667 0.027083 0.059259
5 0.675521 0.708333 0.108333 0.300000
6 0.642969 0.586111 0.048438 0.070370
2 0.482292 0.672222 0.334375 0.537037
5 0.857292 0.676389 0.134375 0.182407
6 0.867188 0.630093 0.085417 0.252778
2 0.949740 0.740278 0.100521 0.434259