0 0.072396 0.526389 0.014583 0.019444
0 0.107552 0.537963 0.015104 0.014815
0 0.061198 0.577315 0.020313 0.041667
2 0.041406 0.678241 0.078646 0.284259
0 0.045833 0.823148 0.087500 0.350000
0 0.109115 0.625000 0.103646 0.170370
0 0.145833 0.665741 0.130208 0.214815
0 0.296875 0.768981 0.329167 0.432407
7 0.325521 0.539815 0.017708 0.033333
6 0.379948 0.795370 0.214062 0.409259
6 0.337760 0.762500 0.125521 0.384259
5 0.290365 0.747222 0.058854 0.070370
6 0.896615 0.837963 0.207813 0.312963
0 0.768229 0.770833 0.464583 0.454630