0 0.013281 0.436111 0.025521 0.105556
6 0.044531 0.390278 0.010937 0.013889
1 0.185677 0.363426 0.197396 0.119444
6 0.127083 0.400926 0.011458 0.014815
0 0.327083 0.486574 0.150000 0.223148
0 0.298698 0.510185 0.130729 0.212963
0 0.057552 0.468056 0.100521 0.173148
0 0.206510 0.551852 0.259896 0.316667
10 0.025260 0.570370 0.011979 0.022222
10 0.070573 0.613889 0.015104 0.029630
10 0.148958 0.693981 0.020833 0.041667
10 0.313802 0.852778 0.033854 0.053704
0 0.504687 0.474074 0.237500 0.103704
0 0.638021 0.664352 0.534375 0.415741
0 0.942708 0.664352 0.113542 0.425000
0 0.988281 0.836111 0.023438 0.327778
5 0.760156 0.779630 0.408854 0.440741
6 0.692969 0.723611 0.139063 0.552778