1 0.041146 0.585648 0.077083 0.075000
4 0.140885 0.606481 0.129688 0.125926
0 0.105729 0.637963 0.086458 0.068519
0 0.018490 0.614815 0.035937 0.085185
0 0.058854 0.812963 0.116667 0.374074
5 0.063542 0.855093 0.126042 0.289815
6 0.058073 0.809259 0.115104 0.381481
0 0.254948 0.779167 0.228646 0.404630
0 0.382812 0.640278 0.051042 0.091667
0 0.412500 0.642593 0.065625 0.103704
1 0.435156 0.562037 0.099479 0.081481
4 0.499740 0.657407 0.164062 0.357407
4 0.731250 0.501852 0.537500 0.996296
10 0.455990 0.441667 0.044271 0.038889
13 0.479687 0.418519 0.011458 0.011111
6 0.060677 0.807407 0.120313 0.385185