5 0.027865 0.356019 0.031771 0.034259
5 0.055990 0.352315 0.023438 0.043519
5 0.051302 0.387963 0.063021 0.064815
5 0.098958 0.366204 0.055208 0.071296
5 0.109375 0.310648 0.023958 0.028704
5 0.138802 0.345833 0.026562 0.080556
5 0.311198 0.357407 0.025521 0.077778
5 0.264583 0.368981 0.047917 0.080556
5 0.220573 0.374074 0.035937 0.072222
5 0.185417 0.377778 0.058333 0.081481
7 0.683854 0.475463 0.050000 0.075000
7 0.690104 0.480556 0.025000 0.072222
5 0.663281 0.524537 0.046354 0.171296
5 0.082812 0.658333 0.161458 0.368519
6 0.052865 0.544907 0.103646 0.413889
4 0.860417 0.626389 0.279167 0.745370