7 0.038542 0.332407 0.015625 0.042593
7 0.243229 0.354630 0.042708 0.070370
7 0.378125 0.396759 0.036458 0.097222
7 0.931250 0.538889 0.081250 0.216667
7 0.970313 0.557407 0.057292 0.062963
7 0.962240 0.703704 0.075521 0.283333
0 0.303125 0.548611 0.223958 0.365741
5 0.039323 0.346759 0.025521 0.069444
7 0.016667 0.300926 0.011458 0.031481
7 0.029167 0.338426 0.016667 0.060185
7 0.015365 0.356481 0.022396 0.040741
5 0.032031 0.454630 0.057813 0.153704
9 0.277083 0.771296 0.082292 0.127778
9 0.313021 0.815741 0.076042 0.100000