5 0.055729 0.591667 0.037500 0.116667
5 0.028906 0.665278 0.056771 0.186111
5 0.031250 0.771759 0.060417 0.197222
5 0.025781 0.915741 0.050521 0.162963
5 0.442708 0.792593 0.373958 0.414815
6 0.430990 0.696759 0.274479 0.606481
7 0.528906 0.433796 0.038021 0.134259
7 0.462240 0.373611 0.030729 0.087963
5 0.571094 0.562500 0.110937 0.334259
8 0.739062 0.440278 0.033333 0.076852
5 0.740104 0.419444 0.077083 0.109259
5 0.792448 0.404167 0.058854 0.112037
5 0.822656 0.403704 0.026562 0.053704
2 0.875000 0.399074 0.094792 0.153704
7 0.144010 0.406019 0.009896 0.037963