5 0.977865 0.376852 0.040104 0.064815
6 0.977083 0.341667 0.026042 0.068519
5 0.886458 0.430556 0.050000 0.137037
6 0.884896 0.420370 0.044792 0.166667
7 0.743229 0.318981 0.025000 0.054630
7 0.677604 0.313426 0.032292 0.071296
5 0.636458 0.377778 0.062500 0.101852
0 0.746875 0.439815 0.211458 0.194444
5 0.684635 0.596296 0.173437 0.287037
6 0.673958 0.513889 0.143750 0.346296
7 0.552865 0.334259 0.021354 0.031481
0 0.039844 0.381019 0.059896 0.097222
7 0.054427 0.319444 0.017188 0.035185
2 0.323698 0.653704 0.617188 0.690741