9 0.403906 0.292130 0.025521 0.028704
9 0.488542 0.290278 0.031250 0.025000
9 0.598958 0.285648 0.018750 0.023148
9 0.570573 0.284722 0.026562 0.025000
9 0.424219 0.295370 0.035937 0.033333
9 0.424740 0.312963 0.038021 0.031481
9 0.470052 0.299537 0.028646 0.026852
9 0.457552 0.312500 0.027604 0.026852
9 0.500521 0.299537 0.027083 0.028704
9 0.542969 0.287037 0.019271 0.025926
9 0.527865 0.314815 0.021354 0.059259
7 0.601823 0.291204 0.013021 0.049074
9 0.610156 0.298148 0.011979 0.046296
9 0.746615 0.907407 0.075521 0.109259