5 0.565104 0.289815 0.017708 0.027778
5 0.579688 0.292130 0.015625 0.036111
0 0.615365 0.278241 0.076563 0.100926
7 0.658594 0.306019 0.016146 0.054630
7 0.674479 0.304630 0.019792 0.072222
0 0.614323 0.354630 0.168229 0.064815
3 0.381250 0.289352 0.101042 0.112037
0 0.336198 0.297222 0.058854 0.055556
7 0.232292 0.305093 0.021875 0.065741
6 0.204687 0.304167 0.018750 0.049074
5 0.211719 0.319444 0.041146 0.022222
7 0.202604 0.293519 0.013542 0.059259
7 0.217708 0.289352 0.016667 0.054630
3 0.167187 0.281019 0.114583 0.095370
4 0.133594 0.267593 0.119271 0.101852
5 0.070052 0.292130 0.009896 0.030556
5 0.057292 0.289352 0.016667 0.026852