0 0.013802 0.526389 0.024479 0.130556
6 0.035417 0.471759 0.016667 0.030556
6 0.060937 0.475463 0.013542 0.019444
6 0.132552 0.491204 0.024479 0.043519
6 0.176302 0.531019 0.023438 0.100926
6 0.196094 0.548611 0.029687 0.132407
10 0.187500 0.406944 0.016667 0.047222
5 0.192188 0.572685 0.051042 0.091667
6 0.419271 0.511111 0.023958 0.024074
6 0.613542 0.612500 0.102083 0.256481
5 0.647917 0.732870 0.183333 0.304630
2 0.841406 0.673611 0.310937 0.371296
6 0.813542 0.698611 0.148958 0.402778
5 0.854948 0.803704 0.285938 0.374074
0 0.464844 0.747685 0.564063 0.500926
0 0.093750 0.587037 0.180208 0.209259