2 0.019792 0.400463 0.031250 0.050926
4 0.109635 0.397222 0.049479 0.044444
5 0.178906 0.455093 0.025521 0.056481
6 0.177344 0.433333 0.020313 0.061111
4 0.279687 0.412963 0.045833 0.079630
5 0.316146 0.477315 0.038542 0.050926
6 0.310417 0.463889 0.021875 0.085185
5 0.668490 0.592130 0.076563 0.108333
6 0.668229 0.555556 0.046875 0.161111
5 0.760417 0.643981 0.140625 0.189815
6 0.720052 0.588889 0.061979 0.214815
6 0.742708 0.598148 0.050000 0.194444
4 0.893490 0.516667 0.115104 0.150000
5 0.921094 0.593056 0.079687 0.104630
6 0.926302 0.571296 0.032813 0.114815
4 0.987760 0.564815 0.024479 0.096296
6 0.991146 0.503241 0.016667 0.050926