0 0.132552 0.555093 0.042188 0.023148
0 0.007292 0.583796 0.013542 0.052778
0 0.058594 0.651389 0.115104 0.176852
5 0.086719 0.831481 0.120313 0.324074
6 0.072656 0.705093 0.055729 0.260185
6 0.090885 0.748611 0.109896 0.352778
5 0.153125 0.652778 0.044792 0.098148
6 0.152865 0.621296 0.040104 0.122222
0 0.331771 0.757870 0.320833 0.375000
7 0.412760 0.547222 0.032813 0.083333
7 0.450000 0.588889 0.039583 0.159259
7 0.515625 0.624074 0.059375 0.248148
5 0.720052 0.845833 0.257812 0.308333
6 0.695833 0.800463 0.136458 0.380556