7 0.539323 0.353704 0.014063 0.046296
9 0.548177 0.363889 0.015104 0.029630
9 0.560937 0.363426 0.014583 0.032407
9 0.578125 0.363889 0.019792 0.031481
9 0.692187 0.373148 0.014583 0.025926
9 0.676042 0.373611 0.010417 0.019444
9 0.680469 0.395370 0.020313 0.016667
9 0.640885 0.376852 0.015104 0.029630
9 0.649740 0.389815 0.020313 0.024074
9 0.608594 0.384259 0.014063 0.022222
9 0.594792 0.381944 0.016667 0.030556
9 0.577344 0.377315 0.015104 0.026852
9 0.770573 0.390278 0.013021 0.023148
9 0.859896 0.389352 0.007292 0.019444
9 0.914062 0.394907 0.010417 0.019444
9 0.932031 0.394907 0.009896 0.017593
9 0.926562 0.398148 0.010417 0.018519