3 0.009635 0.416667 0.019271 0.059259
0 0.055208 0.433333 0.059375 0.098148
0 0.152083 0.396759 0.058333 0.019444
0 0.223177 0.429167 0.042188 0.047222
0 0.155729 0.488426 0.133333 0.182407
0 0.590885 0.545370 0.075521 0.148148
5 0.578385 0.570370 0.036979 0.135185
2 0.493229 0.541204 0.148958 0.241667
0 0.364583 0.561574 0.309375 0.341667
2 0.806250 0.705556 0.387500 0.588889
10 0.096875 0.551852 0.005208 0.016667
10 0.196094 0.621759 0.011979 0.023148
10 0.041406 0.621759 0.011979 0.023148
10 0.153646 0.756019 0.018750 0.036111
10 0.425521 0.763426 0.016667 0.037963