8 0.006250 0.449074 0.011458 0.053704
5 0.059115 0.433796 0.029687 0.082407
6 0.047656 0.422222 0.027604 0.105556
7 0.086458 0.411111 0.020833 0.116667
7 0.144792 0.438426 0.032292 0.165741
5 0.205469 0.439352 0.045312 0.104630
5 0.239063 0.448611 0.055208 0.121296
6 0.227344 0.400000 0.030729 0.081481
5 0.313802 0.443519 0.044271 0.127778
7 0.468750 0.455093 0.029167 0.054630
7 0.501823 0.454630 0.021354 0.066667
7 0.527083 0.457870 0.015625 0.075000
7 0.558073 0.448611 0.022396 0.075000
0 0.629948 0.481944 0.104688 0.095370