7 0.004948 0.299537 0.009896 0.049074
5 0.012240 0.333796 0.024479 0.050926
5 0.024219 0.340741 0.035937 0.053704
5 0.035937 0.337963 0.041667 0.051852
5 0.047917 0.334259 0.045833 0.077778
5 0.117448 0.326389 0.021354 0.025000
5 0.141927 0.325000 0.024479 0.031481
5 0.169271 0.326389 0.042708 0.050926
6 0.218750 0.326852 0.020833 0.068519
5 0.239844 0.340741 0.055729 0.105556
5 0.267188 0.359259 0.023958 0.070370
7 0.304688 0.281019 0.018750 0.076852
6 0.293229 0.298148 0.021875 0.068519
5 0.302344 0.344444 0.058854 0.107407
5 0.332552 0.341667 0.083854 0.125926
5 0.443750 0.318056 0.070833 0.084259
5 0.049479 0.400463 0.094792 0.162037
5 0.067187 0.412500 0.098958 0.156481
5 0.104948 0.416667 0.116146 0.159259
5 0.138542 0.417130 0.109375 0.169444
5 0.172656 0.433333 0.134896 0.177778
7 0.250781 0.354630 0.031771 0.170370
7 0.994271 0.322685 0.010417 0.063889
3 0.964323 0.378241 0.071354 0.128704