3 0.992188 0.343056 0.014583 0.013889
7 0.958594 0.373148 0.007812 0.033333
7 0.951562 0.374074 0.006250 0.037037
2 0.927865 0.384259 0.034896 0.072222
7 0.897396 0.348611 0.007292 0.025000
7 0.906250 0.358333 0.007292 0.040741
7 0.915365 0.397222 0.026562 0.105556
7 0.873958 0.362963 0.007292 0.042593
7 0.965365 0.374537 0.006771 0.034259
2 0.979688 0.428241 0.040625 0.154630
5 0.996875 0.543056 0.005208 0.021296
0 0.805208 0.433796 0.160417 0.237963
7 0.506510 0.489352 0.058854 0.349074
7 0.122135 0.650926 0.118229 0.607407