2 0.020052 0.475926 0.038021 0.024074
6 0.044010 0.475926 0.005729 0.012963
0 0.035417 0.539352 0.069792 0.123148
6 0.074479 0.497222 0.018750 0.040741
6 0.101823 0.495833 0.015104 0.017593
6 0.175260 0.509259 0.026562 0.046296
5 0.187240 0.519444 0.010937 0.018519
0 0.139844 0.602315 0.186979 0.210185
5 0.236979 0.584722 0.052083 0.102778
6 0.222396 0.539815 0.021875 0.098148
6 0.239063 0.560185 0.033333 0.118519
6 0.471875 0.528704 0.021875 0.024074
2 0.869792 0.656944 0.260417 0.293519
5 0.715885 0.704630 0.097396 0.205556
6 0.668229 0.625463 0.093750 0.258333
5 0.884115 0.824074 0.231771 0.351852
6 0.870573 0.715278 0.149479 0.397222
0 0.522396 0.755556 0.569792 0.488889