5 0.043750 0.477315 0.087500 0.282407
7 0.325521 0.368981 0.040625 0.128704
7 0.242708 0.409722 0.036458 0.100926
7 0.301563 0.405556 0.046875 0.133333
7 0.248698 0.438889 0.076563 0.214815
0 0.410677 0.367593 0.053646 0.114815
7 0.438281 0.357870 0.010937 0.062037
7 0.446354 0.366667 0.010417 0.046296
7 0.448958 0.323611 0.005208 0.012037
7 0.459375 0.331944 0.004167 0.017593
7 0.463542 0.341667 0.006250 0.024074
7 0.475260 0.332407 0.004687 0.011111
7 0.467708 0.332407 0.003125 0.011111
7 0.490885 0.340741 0.005729 0.020370
7 0.496354 0.345370 0.007292 0.025926
5 0.513802 0.362963 0.030729 0.055556
7 0.513281 0.358333 0.011979 0.055556
7 0.529948 0.365278 0.013021 0.041667
7 0.548438 0.370370 0.016667 0.044444
3 0.852344 0.425463 0.141146 0.286111