6 0.023698 0.379630 0.014063 0.011111
7 0.086719 0.418981 0.018229 0.073148
5 0.105990 0.444444 0.027604 0.075926
6 0.106771 0.421296 0.021875 0.081481
0 0.032552 0.446296 0.064062 0.127778
7 0.217708 0.406481 0.014583 0.038889
0 0.171354 0.454167 0.104167 0.125000
7 0.206250 0.412963 0.012500 0.025926
7 0.186458 0.436111 0.023958 0.094444
0 0.339844 0.588426 0.247396 0.323148
5 0.070573 0.565278 0.070312 0.199074
6 0.070833 0.501852 0.064583 0.216667
5 0.220312 0.747685 0.173958 0.449074
5 0.496094 0.599074 0.133854 0.224074
6 0.492188 0.541667 0.080208 0.237037
10 0.944271 0.344444 0.071875 0.114815
2 0.817448 0.704167 0.364063 0.521296