7 0.442969 0.335185 0.009896 0.038889
7 0.451823 0.353241 0.007812 0.043519
7 0.463802 0.321296 0.004687 0.024074
7 0.466146 0.336574 0.006250 0.025000
7 0.478385 0.321296 0.005729 0.012963
7 0.494271 0.326852 0.006250 0.012963
7 0.502604 0.331019 0.007292 0.019444
5 0.519010 0.350926 0.030729 0.055556
6 0.520573 0.347222 0.011979 0.053704
7 0.533854 0.353704 0.012500 0.037037
7 0.554427 0.355556 0.015104 0.037037
3 0.861979 0.417130 0.146875 0.282407
7 0.337500 0.356481 0.041667 0.125926
7 0.017188 0.406019 0.032292 0.128704
5 0.048958 0.465278 0.096875 0.280556
7 0.254688 0.398611 0.038542 0.095370
7 0.313281 0.393056 0.047396 0.134259
7 0.261719 0.425000 0.074479 0.211111