3 0.141927 0.452315 0.031771 0.060185
5 0.277344 0.465741 0.010937 0.038889
6 0.265365 0.447222 0.025521 0.048148
0 0.215104 0.478241 0.126042 0.137963
2 0.325521 0.476852 0.054167 0.112963
1 0.497656 0.428704 0.156771 0.118519
0 0.385417 0.497685 0.103125 0.139815
0 0.526563 0.582407 0.297917 0.275926
5 0.707552 0.604167 0.043229 0.097222
6 0.735417 0.536111 0.030208 0.087037
3 0.963542 0.578704 0.071875 0.085185
0 0.861458 0.650000 0.277083 0.275926
5 0.820312 0.674537 0.175000 0.202778
6 0.764062 0.599074 0.036458 0.227778
6 0.807813 0.620833 0.059375 0.271296
0 0.090885 0.594907 0.181771 0.382407
10 0.255469 0.636574 0.014063 0.030556
10 0.499219 0.681019 0.015104 0.034259
10 0.627083 0.868981 0.023958 0.049074
10 0.980729 0.881944 0.019792 0.043519