3 0.214323 0.298148 0.198437 0.224074
4 0.144010 0.417593 0.288021 0.835185
5 0.455208 0.417593 0.107292 0.111111
5 0.427865 0.465741 0.148438 0.168519
7 0.370312 0.431944 0.047917 0.289815
6 0.442708 0.439815 0.066667 0.255556
7 0.404948 0.415741 0.038021 0.251852
7 0.637760 0.303704 0.017188 0.055556
5 0.898177 0.330093 0.060937 0.078704
6 0.896354 0.320833 0.021875 0.106481
6 0.916406 0.312500 0.019271 0.100926
5 0.933333 0.300463 0.026042 0.065741
5 0.957812 0.307407 0.039583 0.048148
5 0.953646 0.488889 0.071875 0.216667
6 0.956771 0.451389 0.070833 0.273148