3 0.828385 0.313889 0.038021 0.101852
5 0.894792 0.336574 0.002083 0.006481
4 0.934635 0.330093 0.016146 0.028704
0 0.936458 0.337963 0.012500 0.024074
0 0.941406 0.343056 0.014063 0.019444
0 0.948177 0.347685 0.016146 0.028704
0 0.957812 0.350463 0.012500 0.028704
0 0.963542 0.353241 0.012500 0.032407
0 0.975000 0.359259 0.022917 0.040741
0 0.985677 0.363426 0.022396 0.043519
0 0.991667 0.370833 0.015625 0.049074
0 0.908854 0.335185 0.007292 0.014815
0 0.926302 0.344907 0.007812 0.023148
2 0.917708 0.341204 0.013542 0.030556
6 0.895312 0.331481 0.003125 0.007407