1 0.028125 0.290741 0.054167 0.075926
1 0.404427 0.307870 0.232813 0.163889
1 0.734115 0.333796 0.398438 0.191667
1 0.530469 0.305556 0.031771 0.127778
6 0.428646 0.346296 0.023958 0.070370
6 0.405208 0.330556 0.022917 0.062963
3 0.334896 0.364352 0.034375 0.050926
5 0.775521 0.439352 0.072917 0.134259
6 0.752344 0.381944 0.054688 0.115741
7 0.947656 0.352778 0.011979 0.035185
7 0.965104 0.353241 0.009375 0.032407
7 0.955990 0.355093 0.020313 0.028704
0 0.913542 0.443056 0.172917 0.178704
10 0.642188 0.024537 0.035417 0.047222
0 0.179948 0.554630 0.358854 0.659259