0 0.159375 0.291204 0.029167 0.015741
0 0.229687 0.369444 0.041667 0.151852
0 0.144010 0.433333 0.175521 0.288889
0 0.351302 0.367130 0.113021 0.176852
5 0.415625 0.368519 0.036458 0.142593
7 0.448437 0.351389 0.031250 0.180556
0 0.522396 0.390278 0.150000 0.291667
0 0.645573 0.315278 0.131771 0.149074
5 0.732552 0.342130 0.048438 0.106481
8 0.944792 0.402778 0.018750 0.050000
8 0.926302 0.389352 0.038021 0.076852
8 0.902865 0.383796 0.073438 0.087963
8 0.895052 0.381481 0.082812 0.085185
5 0.760417 0.344907 0.013542 0.060185
5 0.980469 0.339352 0.033854 0.060185