5 0.086458 0.373148 0.085417 0.092593
5 0.133073 0.377315 0.088021 0.132407
5 0.068490 0.425463 0.091146 0.156481
5 0.162240 0.397685 0.096354 0.125000
5 0.201563 0.397685 0.093750 0.195370
7 0.258854 0.285648 0.019792 0.104630
5 0.351562 0.349537 0.103125 0.130556
6 0.342969 0.331944 0.054688 0.180556
7 0.415625 0.279630 0.013542 0.042593
7 0.433594 0.299074 0.040104 0.177778
5 0.623437 0.318056 0.061458 0.132407
7 0.716146 0.300926 0.029167 0.174074
7 0.903385 0.272685 0.038021 0.182407
5 0.251823 0.453241 0.164062 0.143519
7 0.286458 0.399537 0.036458 0.267593
5 0.509375 0.480556 0.213542 0.318519