7 0.989323 0.381019 0.017188 0.089815
6 0.991667 0.462037 0.016667 0.085185
5 0.983594 0.546296 0.031771 0.233333
6 0.915625 0.583333 0.138542 0.470370
5 0.925000 0.680093 0.119792 0.328704
10 0.855990 0.491667 0.017188 0.070370
7 0.501563 0.392593 0.013542 0.094444
1 0.464062 0.355093 0.111458 0.108333
7 0.290885 0.356481 0.006771 0.022222
7 0.308854 0.344444 0.015625 0.035185
7 0.311979 0.353704 0.018750 0.022222
7 0.451823 0.377315 0.014063 0.078704
10 0.682813 0.450000 0.008333 0.029630
5 0.630729 0.742593 0.286458 0.514815
6 0.657813 0.592593 0.193750 0.625926