5 0.868490 0.384722 0.019271 0.047222
5 0.851302 0.390278 0.036979 0.060185
0 0.830729 0.398148 0.038542 0.055556
5 0.828646 0.420833 0.044792 0.097222
7 0.728906 0.482407 0.042188 0.205556
0 0.663281 0.487037 0.034896 0.203704
0 0.638281 0.518056 0.029687 0.215741
2 0.899740 0.381019 0.050521 0.084259
5 0.957552 0.423148 0.036979 0.092593
6 0.957552 0.410185 0.028646 0.107407
5 0.848698 0.474537 0.034896 0.115741
5 0.796875 0.512963 0.052083 0.185185
5 0.745052 0.540741 0.074479 0.261111
5 0.659115 0.575000 0.070312 0.237037
2 0.278906 0.684259 0.556771 0.631481
7 0.756771 0.425926 0.041667 0.146296