6 0.005990 0.540278 0.010937 0.149074
5 0.019792 0.681019 0.039583 0.399074
7 0.609635 0.450926 0.006771 0.020370
7 0.634375 0.451852 0.005208 0.024074
7 0.617708 0.450000 0.005208 0.022222
7 0.650521 0.453241 0.009375 0.026852
0 0.697656 0.465741 0.032813 0.031481
1 0.704688 0.449074 0.071875 0.068519
7 0.708594 0.471759 0.021354 0.036111
7 0.738281 0.472685 0.013021 0.056481
5 0.771615 0.486574 0.023438 0.037963
7 0.808073 0.442593 0.020313 0.061111
7 0.815104 0.469907 0.023958 0.047222
7 0.802344 0.464352 0.017188 0.041667
7 0.900781 0.501389 0.018229 0.063889