5 0.076823 0.342130 0.022396 0.034259
5 0.201563 0.361111 0.027083 0.037037
6 0.200781 0.345370 0.017188 0.072222
7 0.219010 0.346296 0.014063 0.074074
7 0.233073 0.342130 0.013021 0.076852
7 0.249219 0.339352 0.015104 0.056481
2 0.310677 0.357870 0.088021 0.123148
5 0.333333 0.391667 0.076042 0.077778
7 0.461198 0.338889 0.019271 0.096296
7 0.512760 0.349074 0.014063 0.100000
7 0.498437 0.348611 0.020833 0.106481
5 0.605208 0.405093 0.075000 0.119444
5 0.742708 0.421296 0.039583 0.075926
0 0.907031 0.415278 0.123438 0.200926