6 0.987760 0.385185 0.023438 0.081481
6 0.995313 0.355556 0.003125 0.025926
6 0.992708 0.406944 0.010417 0.071296
5 0.992448 0.465278 0.014063 0.073148
5 0.984896 0.418519 0.015625 0.057407
7 0.928125 0.392593 0.028125 0.118519
5 0.904167 0.676852 0.153125 0.327778
6 0.915104 0.548611 0.128125 0.360185
0 0.678906 0.476389 0.024479 0.087963
1 0.461979 0.356019 0.116667 0.115741
7 0.307292 0.344907 0.013542 0.037963
7 0.312240 0.351852 0.023438 0.031481
7 0.314323 0.355093 0.017188 0.019444
5 0.189844 0.861574 0.348438 0.275000
6 0.059115 0.912963 0.117188 0.109259