0 0.022917 0.418056 0.035417 0.069444
0 0.113021 0.426389 0.030208 0.062037
5 0.113542 0.426389 0.014583 0.028704
6 0.105469 0.400000 0.009896 0.018519
0 0.079167 0.439815 0.075000 0.109259
1 0.169531 0.423611 0.100521 0.149074
3 0.235937 0.439352 0.039583 0.100926
0 0.369010 0.489352 0.019271 0.100926
0 0.414844 0.510185 0.088021 0.200000
2 0.298438 0.506481 0.128125 0.224074
1 0.906510 0.486574 0.186979 0.441667
4 0.673438 0.559722 0.435417 0.636111
10 0.635156 0.812500 0.020313 0.041667
13 0.057813 0.482870 0.007292 0.015741
10 0.107552 0.513426 0.007812 0.015741
13 0.061979 0.541667 0.009375 0.018519
13 0.171875 0.553241 0.008333 0.015741
10 0.139844 0.610185 0.013021 0.022222
10 0.309115 0.634722 0.014063 0.026852
10 0.282292 0.725463 0.018750 0.036111
10 0.635938 0.809259 0.016667 0.042593
0 0.015104 0.573148 0.030208 0.229630