7 0.004948 0.365741 0.009896 0.066667
7 0.017188 0.366204 0.010417 0.050926
7 0.155469 0.410648 0.022396 0.099074
7 0.171875 0.407407 0.017708 0.085185
7 0.247917 0.383333 0.011458 0.053704
7 0.253125 0.432407 0.021875 0.101852
2 0.466927 0.442130 0.124479 0.160185
7 0.520833 0.456019 0.020833 0.128704
7 0.553906 0.479167 0.031771 0.147222
7 0.622656 0.406481 0.009896 0.022222
7 0.621354 0.491667 0.026042 0.140741
7 0.660937 0.431944 0.014583 0.075000
5 0.688281 0.422222 0.021354 0.038889
7 0.698177 0.443056 0.016146 0.104630
0 0.933854 0.570370 0.038542 0.153704