1 0.300000 0.579167 0.304167 0.210185
10 0.392969 0.430093 0.044271 0.037963
13 0.417448 0.401389 0.021354 0.019444
4 0.626563 0.728241 0.465625 0.543519
1 0.749740 0.564352 0.274479 0.187963
4 0.859375 0.577778 0.281250 0.844444
0 0.214062 0.789815 0.309375 0.420370
0 0.090365 0.629167 0.043229 0.076852
0 0.038542 0.630093 0.076042 0.099074
5 0.040365 0.657407 0.039062 0.053704
6 0.040365 0.630556 0.024479 0.075926
0 0.018490 0.775463 0.035937 0.204630
5 0.031771 0.896296 0.062500 0.207407
6 0.024219 0.885648 0.047396 0.228704