0 0.014844 0.408333 0.025521 0.085185
0 0.276562 0.476389 0.062500 0.076852
5 0.457292 0.509722 0.070833 0.110185
5 0.782292 0.556944 0.059375 0.073148
7 0.737500 0.500926 0.043750 0.087037
5 0.842969 0.590278 0.063021 0.121296
5 0.901042 0.605093 0.045833 0.175000
7 0.909635 0.548148 0.029687 0.150000
7 0.932552 0.588426 0.040104 0.225000
0 0.735938 0.670370 0.377083 0.329630
7 0.286198 0.453704 0.018229 0.138889
5 0.118229 0.412500 0.042708 0.058333
5 0.089323 0.429630 0.043229 0.062963
6 0.090104 0.413889 0.029167 0.072222
2 0.194531 0.484259 0.115104 0.181481