7 0.934896 0.360648 0.011458 0.043519
7 0.919792 0.357870 0.013542 0.047222
7 0.838281 0.341204 0.022396 0.047222
7 0.814844 0.341204 0.018229 0.047222
7 0.795312 0.340278 0.020833 0.045370
2 0.992708 0.381944 0.013542 0.071296
2 0.961979 0.399074 0.053125 0.090741
0 0.930208 0.463426 0.114583 0.173148
6 0.889583 0.389815 0.025000 0.050000
0 0.903906 0.597222 0.091146 0.392593
5 0.961719 0.801389 0.073438 0.395370
6 0.937240 0.710648 0.122396 0.550926
2 0.663021 0.675926 0.475000 0.646296
3 0.080208 0.957407 0.159375 0.083333