10 0.027604 0.319907 0.020833 0.032407
0 0.024479 0.388426 0.047917 0.065741
0 0.063542 0.404630 0.056250 0.059259
6 0.026823 0.400926 0.028646 0.050000
6 0.061458 0.400000 0.036458 0.059259
5 0.035677 0.412963 0.014063 0.016667
6 0.069271 0.392130 0.014583 0.023148
6 0.116406 0.385185 0.013021 0.025926
0 0.148177 0.426852 0.113021 0.055556
0 0.364844 0.584259 0.243229 0.316667
5 0.708333 0.561574 0.071875 0.099074
6 0.708854 0.531481 0.025000 0.114815
0 0.845833 0.596759 0.190625 0.171296
0 0.794531 0.775463 0.410938 0.449074
0 0.177083 0.706019 0.353125 0.576852