1 0.015885 0.365741 0.029687 0.068519
1 0.050781 0.369444 0.049479 0.070370
0 0.034375 0.395370 0.051042 0.070370
0 0.135417 0.411574 0.039583 0.078704
0 0.094531 0.426389 0.096354 0.117593
0 0.233073 0.426389 0.063021 0.063889
0 0.294792 0.405093 0.055208 0.050926
0 0.336979 0.480093 0.088542 0.150926
0 0.446875 0.563889 0.289583 0.307407
0 0.615365 0.460185 0.029687 0.044444
0 0.589323 0.466204 0.054688 0.060185
2 0.646615 0.466667 0.017188 0.055556
2 0.671354 0.473611 0.046875 0.054630
0 0.818229 0.514815 0.051042 0.064815
0 0.860156 0.516204 0.055729 0.062037
0 0.902865 0.637500 0.190104 0.276852