0 0.770833 0.583796 0.096875 0.062037
2 0.963542 0.587500 0.072917 0.104630
13 0.851823 0.437037 0.023438 0.044444
13 0.924219 0.405093 0.020313 0.073148
0 0.041146 0.661574 0.080208 0.162037
3 0.014844 0.568981 0.029687 0.039815
3 0.035417 0.575926 0.026042 0.031481
3 0.065885 0.606481 0.023438 0.040741
0 0.111719 0.613426 0.034896 0.065741
0 0.135156 0.617130 0.052604 0.071296
5 0.045052 0.714352 0.051562 0.158333
6 0.038542 0.668519 0.060417 0.194444
5 0.084635 0.808333 0.090104 0.287037
6 0.085156 0.730556 0.092188 0.305556
13 0.203646 0.201852 0.051042 0.192593
13 0.181510 0.483796 0.047396 0.073148