9 0.307552 0.467593 0.017188 0.025926
9 0.263542 0.510185 0.015625 0.018519
9 0.283854 0.515278 0.019792 0.025000
9 0.302083 0.515741 0.019792 0.031481
9 0.346094 0.486111 0.014063 0.025926
9 0.363542 0.472685 0.012500 0.017593
9 0.370573 0.482407 0.014063 0.016667
9 0.391146 0.483796 0.011458 0.023148
9 0.402604 0.482870 0.016667 0.026852
9 0.426302 0.494907 0.015104 0.025000
9 0.450521 0.503704 0.014583 0.018519
9 0.465625 0.501852 0.014583 0.029630
9 0.320573 0.520370 0.019271 0.029630
9 0.346615 0.528241 0.023438 0.028704
9 0.362500 0.515278 0.010417 0.023148
9 0.353385 0.507870 0.016146 0.021296
9 0.381771 0.511111 0.020833 0.016667
9 0.383854 0.531481 0.025000 0.029630
9 0.411198 0.518519 0.016146 0.029630
9 0.429688 0.525463 0.019792 0.023148
9 0.454688 0.534259 0.031250 0.038889
9 0.462500 0.529167 0.026042 0.030556
9 0.505208 0.541667 0.029167 0.037037
9 0.488802 0.537037 0.020313 0.020370
9 0.513542 0.513889 0.020833 0.025926
9 0.528125 0.523148 0.022917 0.027778
9 0.544531 0.516667 0.011979 0.027778
9 0.570573 0.500463 0.016146 0.034259
9 0.557292 0.506944 0.015625 0.028704
9 0.561979 0.532870 0.017708 0.032407
9 0.586198 0.523148 0.028646 0.027778
9 0.614844 0.528704 0.017188 0.027778
9 0.642448 0.550000 0.023438 0.042593
9 0.655208 0.527315 0.020833 0.028704
9 0.682552 0.533333 0.029687 0.033333