5 0.075781 0.401389 0.031771 0.043519
7 0.087240 0.356944 0.011979 0.056481
7 0.052604 0.379630 0.016667 0.083333
7 0.061979 0.380093 0.020833 0.117593
7 0.125000 0.377778 0.020833 0.027778
7 0.167448 0.348611 0.020313 0.086111
7 0.177865 0.359722 0.018229 0.062037
7 0.311719 0.370833 0.014063 0.063889
7 0.471094 0.367593 0.009896 0.059259
7 0.540104 0.421759 0.033333 0.115741
7 0.730990 0.374074 0.008854 0.037037
7 0.740625 0.368981 0.010417 0.039815
5 0.742708 0.403241 0.016667 0.052778
7 0.823177 0.459722 0.027604 0.173148
7 0.896354 0.393519 0.015625 0.031481
7 0.929688 0.392130 0.010417 0.039815
7 0.964844 0.401389 0.007812 0.060185
5 0.978125 0.430556 0.033333 0.051852
5 0.988281 0.419444 0.018229 0.055556