7 0.251042 0.336111 0.037500 0.183333
5 0.562240 0.427315 0.016146 0.036111
5 0.582031 0.432407 0.017188 0.031481
7 0.615104 0.413889 0.030208 0.075926
0 0.107552 0.452315 0.064062 0.093519
2 0.039062 0.452315 0.077083 0.163889
5 0.150000 0.447222 0.053125 0.103704
5 0.490885 0.479630 0.030729 0.120370
6 0.475521 0.438889 0.036458 0.125926
5 0.390625 0.475000 0.043750 0.161111
7 0.450000 0.625926 0.065625 0.409259
6 0.181510 0.634259 0.152604 0.429630
5 0.180729 0.787963 0.180208 0.414815
5 0.736719 0.871759 0.511979 0.252778
6 0.758594 0.740278 0.306771 0.513889