2 0.174740 0.327315 0.022396 0.056481
1 0.083594 0.308796 0.166146 0.150926
2 0.275781 0.331944 0.055729 0.087963
0 0.359896 0.329630 0.060417 0.066667
0 0.236979 0.355556 0.134375 0.137037
5 0.005729 0.357407 0.010417 0.050000
6 0.005469 0.337500 0.009896 0.067593
5 0.094271 0.358796 0.028125 0.069444
6 0.075260 0.317130 0.013021 0.026852
0 0.051562 0.362037 0.089583 0.094444
6 0.088542 0.323148 0.030208 0.044444
4 0.553385 0.345833 0.235937 0.169444
0 0.444792 0.379167 0.191667 0.150926
2 0.710156 0.326389 0.095312 0.063889
6 0.790625 0.317130 0.012500 0.019444
0 0.800000 0.409259 0.297917 0.179630
0 0.977083 0.410648 0.043750 0.169444
7 0.990104 0.467130 0.019792 0.200926