2 0.064583 0.343519 0.026042 0.025926
6 0.076042 0.347222 0.013542 0.024074
6 0.065885 0.350000 0.011979 0.029630
6 0.049219 0.348148 0.011979 0.027778
5 0.029687 0.365741 0.018750 0.040741
6 0.029687 0.350463 0.012500 0.036111
5 0.007031 0.379167 0.011979 0.036111
6 0.008073 0.350926 0.015104 0.033333
3 0.100000 0.344907 0.029167 0.041667
5 0.122135 0.387037 0.015104 0.044444
2 0.077344 0.462963 0.095312 0.205556
6 0.172135 0.423611 0.041146 0.080556
5 0.101562 0.582407 0.097917 0.255556
6 0.091146 0.506481 0.054167 0.255556
6 0.111719 0.512963 0.079687 0.281481
4 0.568490 0.499537 0.863021 0.997222