7 0.408594 0.318981 0.010937 0.023148
7 0.423698 0.317130 0.008854 0.023148
7 0.416927 0.313889 0.003646 0.024074
7 0.753385 0.346296 0.017188 0.046296
7 0.645052 0.333796 0.017188 0.056481
7 0.623698 0.328241 0.007812 0.013889
7 0.620833 0.344907 0.015625 0.043519
7 0.598698 0.350926 0.011979 0.046296
7 0.588021 0.352315 0.007292 0.028704
7 0.580990 0.350000 0.006771 0.066667
7 0.572656 0.350463 0.014063 0.067593
7 0.565365 0.348148 0.009896 0.068519
7 0.557813 0.349074 0.012500 0.074074
7 0.550781 0.350000 0.009896 0.027778
7 0.539062 0.356944 0.006250 0.030556
7 0.534635 0.360185 0.010937 0.031481
7 0.502865 0.344907 0.009896 0.021296
7 0.503125 0.361574 0.013542 0.025000
7 0.520052 0.356944 0.008854 0.030556
7 0.512760 0.316667 0.009896 0.022222
3 0.329167 0.419444 0.361458 0.166667