4 0.155469 0.318519 0.033854 0.155556
7 0.480469 0.342130 0.029687 0.080556
7 0.506510 0.368981 0.036979 0.104630
7 0.519531 0.370833 0.029687 0.154630
7 0.721875 0.340741 0.012500 0.050000
7 0.740625 0.355093 0.012500 0.034259
5 0.734635 0.336111 0.006771 0.025926
6 0.729688 0.332407 0.007292 0.025926
7 0.748177 0.346296 0.007812 0.055556
7 0.753125 0.356481 0.009375 0.035185
4 0.764062 0.339352 0.021875 0.041667
7 0.767708 0.364352 0.011458 0.043519
7 0.849740 0.409259 0.020313 0.061111
7 0.868490 0.407407 0.023438 0.064815
7 0.874740 0.409722 0.009896 0.032407
7 0.952344 0.557870 0.057813 0.150926