0 0.898177 0.384722 0.045312 0.093519
4 0.911458 0.372685 0.039583 0.108333
0 0.869531 0.409722 0.049479 0.108333
0 0.826042 0.427778 0.112500 0.142593
5 0.753125 0.542593 0.111458 0.237037
6 0.758073 0.477315 0.073438 0.228704
7 0.902604 0.405093 0.017708 0.099074
6 0.935677 0.375463 0.015104 0.049074
6 0.945573 0.360648 0.009896 0.023148
6 0.951562 0.362500 0.018750 0.026852
2 0.988021 0.362037 0.022917 0.042593
0 0.948958 0.468981 0.102083 0.191667
0 0.519271 0.625000 0.365625 0.531481
0 0.184115 0.766667 0.367188 0.466667