4 0.011198 0.375463 0.021354 0.156481
4 0.063802 0.373148 0.126562 0.237037
4 0.215365 0.445370 0.225521 0.366667
4 0.720313 0.559722 0.559375 0.880556
0 0.344010 0.475000 0.082812 0.094444
0 0.410677 0.523611 0.104688 0.152778
5 0.295052 0.465741 0.018229 0.055556
6 0.293750 0.441204 0.016667 0.063889
5 0.323958 0.496759 0.023958 0.069444
6 0.322396 0.474537 0.026042 0.099074
5 0.348438 0.530093 0.054167 0.125000
6 0.344792 0.500000 0.044792 0.150000
6 0.381771 0.439815 0.012500 0.029630
5 0.422656 0.568519 0.074479 0.159259
6 0.419792 0.537963 0.046875 0.196296
4 0.931771 0.396759 0.136458 0.239815