5 0.164323 0.372222 0.011979 0.016667
5 0.170833 0.389815 0.034375 0.044444
7 0.045573 0.347222 0.010937 0.040741
5 0.070833 0.388889 0.019792 0.059259
6 0.071094 0.370833 0.016146 0.058333
5 0.002083 0.361574 0.004167 0.034259
6 0.002344 0.343519 0.004687 0.022222
5 0.014583 0.394907 0.021875 0.065741
0 0.014583 0.371296 0.023958 0.083333
5 0.035417 0.409722 0.036458 0.095370
6 0.034635 0.386111 0.027604 0.103704
2 0.110677 0.408796 0.075521 0.141667
7 0.278646 0.400000 0.018750 0.051852
7 0.291406 0.398148 0.023438 0.061111
10 0.396615 0.859722 0.045312 0.071296
5 0.497656 0.486574 0.021354 0.054630
5 0.590365 0.595370 0.084896 0.192593
6 0.567969 0.496759 0.058854 0.108333
5 0.576302 0.758796 0.235937 0.400926
6 0.533854 0.632870 0.117708 0.382407
6 0.520052 0.437963 0.016146 0.016667