7 0.263021 0.456019 0.010417 0.050926
0 0.003385 0.361111 0.006771 0.025926
0 0.032552 0.398611 0.046354 0.086111
0 0.044271 0.454630 0.052083 0.120370
1 0.159896 0.462500 0.175000 0.310185
0 0.253646 0.476389 0.013542 0.030556
0 0.245573 0.494907 0.019271 0.080556
0 0.259115 0.504167 0.020313 0.084259
1 0.410677 0.428241 0.183854 0.117593
2 0.332552 0.500926 0.146354 0.144444
5 0.203906 0.574074 0.057813 0.192593
6 0.200781 0.508333 0.050521 0.146296
0 0.671615 0.550926 0.066146 0.085185
2 0.786719 0.634259 0.186979 0.250000
7 0.898958 0.599537 0.027083 0.110185
2 0.950260 0.602778 0.099479 0.133333
6 0.978125 0.618519 0.042708 0.107407
0 0.929167 0.819444 0.141667 0.361111
0 0.655208 0.614352 0.194792 0.256481
0 0.492969 0.661111 0.372396 0.420370
10 0.051562 0.533333 0.007292 0.016667
10 0.119531 0.587037 0.005729 0.014815
10 0.054427 0.653704 0.013021 0.024074
10 0.266927 0.696759 0.013021 0.030556
10 0.278385 0.926852 0.028646 0.050000
10 0.748437 0.990741 0.022917 0.018519