5 0.010417 0.421296 0.012500 0.033333
6 0.010417 0.405093 0.011458 0.030556
3 0.044271 0.432407 0.020833 0.037037
6 0.053385 0.405556 0.014063 0.048148
5 0.151302 0.448148 0.008854 0.031481
6 0.143229 0.425926 0.026042 0.051852
7 0.189062 0.437037 0.018750 0.087037
0 0.102604 0.479630 0.131250 0.172222
10 0.062240 0.555093 0.013021 0.023148
5 0.270833 0.542130 0.067708 0.132407
4 0.278125 0.495833 0.055208 0.150926
5 0.522656 0.606481 0.111979 0.187037
6 0.491406 0.549537 0.038021 0.199074
6 0.508594 0.562500 0.038021 0.206481
10 0.621875 0.986111 0.031250 0.020370