7 0.171094 0.408796 0.026562 0.052778
4 0.260677 0.351852 0.023438 0.055556
5 0.287500 0.388426 0.013542 0.050926
6 0.285938 0.371296 0.011458 0.064815
4 0.334635 0.340741 0.102604 0.183333
3 0.384635 0.350926 0.013021 0.022222
7 0.416406 0.342130 0.008854 0.030556
4 0.466146 0.311574 0.062500 0.084259
5 0.462500 0.347222 0.016667 0.038889
6 0.461458 0.337500 0.015625 0.045370
5 0.506510 0.354630 0.027604 0.061111
6 0.504167 0.338889 0.019792 0.066667
5 0.533333 0.323611 0.026042 0.026852
7 0.530729 0.307870 0.009375 0.028704
5 0.601042 0.308333 0.018750 0.029630
5 0.613021 0.307870 0.017708 0.034259
5 0.627344 0.307407 0.022396 0.033333
7 0.219792 0.387037 0.023958 0.074074