7 0.041927 0.389815 0.010937 0.033333
7 0.035417 0.394907 0.011458 0.034259
5 0.153125 0.380556 0.079167 0.079630
5 0.176302 0.379630 0.084896 0.087037
5 0.280208 0.380093 0.076042 0.110185
5 0.299479 0.379630 0.071875 0.114815
5 0.318750 0.389352 0.068750 0.121296
5 0.351302 0.338426 0.026562 0.037963
5 0.375521 0.369907 0.051042 0.097222
5 0.390104 0.345370 0.028125 0.053704
5 0.411719 0.338889 0.031771 0.051852
5 0.434115 0.335648 0.029687 0.036111
5 0.454427 0.330093 0.026562 0.032407
5 0.459896 0.372222 0.063542 0.085185
5 0.516406 0.364352 0.047396 0.108333
5 0.403125 0.404167 0.069792 0.119444