3 0.238542 0.393519 0.027083 0.057407
2 0.196094 0.404630 0.075521 0.114815
5 0.125521 0.407407 0.022917 0.042593
6 0.118229 0.370833 0.025000 0.049074
0 0.062240 0.402778 0.123438 0.151852
5 0.104167 0.452315 0.082292 0.087963
6 0.112760 0.413426 0.070312 0.145370
6 0.239063 0.357407 0.008333 0.018519
0 0.329688 0.371759 0.086458 0.071296
0 0.371354 0.457870 0.202083 0.167593
5 0.322656 0.483333 0.133854 0.138889
6 0.308594 0.438889 0.076563 0.170370
0 0.637240 0.489352 0.338021 0.334259
7 0.245573 0.387500 0.014063 0.071296