7 0.105729 0.376852 0.012500 0.038889
7 0.122656 0.389352 0.019271 0.045370
7 0.136979 0.385648 0.013542 0.047222
7 0.154948 0.384259 0.023438 0.050000
5 0.092969 0.408333 0.052604 0.092593
7 0.253646 0.348148 0.015625 0.057407
5 0.271094 0.360185 0.034896 0.035185
6 0.269792 0.343519 0.016667 0.059259
5 0.347135 0.357407 0.030729 0.050000
6 0.349219 0.342130 0.019271 0.067593
5 0.315365 0.386111 0.035937 0.055556
7 0.313802 0.328704 0.009896 0.040741
6 0.310677 0.365278 0.024479 0.087963
7 0.394531 0.326389 0.009896 0.047222
7 0.406771 0.354630 0.025000 0.101852
7 0.420052 0.350926 0.018229 0.087037
2 0.459375 0.350926 0.075000 0.116667
7 0.470573 0.409722 0.036979 0.082407
7 0.652865 0.378241 0.035937 0.100926
3 0.691406 0.402778 0.089063 0.111111
2 0.726562 0.312963 0.041667 0.079630
6 0.765625 0.326389 0.016667 0.062037
2 0.823958 0.387037 0.112500 0.225926
3 0.983333 0.306944 0.033333 0.125000
7 0.228646 0.527315 0.078125 0.399074