0 0.026042 0.462963 0.051042 0.125926
2 0.095052 0.474074 0.091146 0.151852
6 0.155990 0.430093 0.007812 0.017593
6 0.164062 0.432407 0.008333 0.012963
6 0.205729 0.430093 0.010417 0.013889
6 0.217188 0.429630 0.012500 0.020370
5 0.376042 0.544907 0.059375 0.141667
6 0.367448 0.490278 0.028646 0.097222
0 0.343490 0.544444 0.107813 0.164815
0 0.246615 0.590741 0.296354 0.311111
10 0.066406 0.585648 0.015104 0.026852
10 0.279427 0.770370 0.031771 0.057407
5 0.974479 0.787963 0.051042 0.192593
6 0.984896 0.631481 0.030208 0.211111