0 0.030469 0.381019 0.016146 0.017593
0 0.054167 0.387963 0.022917 0.020370
0 0.087500 0.392130 0.023958 0.019444
5 0.264062 0.427315 0.010417 0.021296
6 0.263542 0.414352 0.009375 0.019444
5 0.287760 0.435185 0.007812 0.018519
6 0.289062 0.424074 0.012500 0.020370
0 0.519271 0.467593 0.081250 0.046296
7 0.604427 0.459259 0.008854 0.035185
7 0.595052 0.462500 0.008854 0.034259
7 0.586198 0.469444 0.006771 0.020370
7 0.578125 0.466667 0.009375 0.016667
7 0.571875 0.468519 0.006250 0.018519
7 0.566667 0.473148 0.009375 0.025926
7 0.790104 0.499537 0.007292 0.019444
5 0.805208 0.510185 0.011458 0.025926
5 0.845052 0.505556 0.018229 0.022222
5 0.816406 0.508796 0.014063 0.028704
5 0.831250 0.506481 0.010417 0.027778
4 0.868229 0.531944 0.263542 0.936111