3 0.860677 0.434722 0.088021 0.095370
7 0.856771 0.371759 0.026042 0.039815
7 0.802344 0.391667 0.017188 0.064815
5 0.889323 0.363426 0.044271 0.032407
6 0.893490 0.344444 0.022396 0.062963
7 0.896875 0.336111 0.015625 0.046296
7 0.926823 0.343519 0.021354 0.048148
3 0.941927 0.420833 0.058854 0.086111
3 0.476302 0.502778 0.114062 0.114815
3 0.355729 0.507870 0.148958 0.152778
2 0.186458 0.426389 0.205208 0.230556
3 0.269010 0.520833 0.049479 0.110185
3 0.209635 0.588426 0.141146 0.204630
7 0.172396 0.419444 0.055208 0.148148
0 0.068750 0.822685 0.136458 0.354630