4 0.955208 0.341667 0.015625 0.016667
1 0.971875 0.344444 0.008333 0.016667
0 0.965625 0.367593 0.018750 0.031481
7 0.928906 0.358333 0.007812 0.020370
2 0.947917 0.359722 0.026042 0.023148
0 0.936979 0.431019 0.081250 0.126852
1 0.985156 0.352315 0.028646 0.137963
7 0.876563 0.363426 0.017708 0.071296
7 0.864062 0.402778 0.030208 0.137037
7 0.803646 0.362500 0.008333 0.058333
7 0.909896 0.437037 0.042708 0.164815
6 0.964844 0.503704 0.061979 0.270370
5 0.963281 0.566667 0.052604 0.162963
5 0.977344 0.662037 0.045312 0.188889
6 0.984896 0.500926 0.027083 0.140741
5 0.584635 0.731944 0.220312 0.519444