0 0.220052 0.419444 0.016146 0.011111
0 0.196094 0.417130 0.018229 0.012037
0 0.237500 0.434722 0.029167 0.036111
0 0.217448 0.437963 0.050521 0.035185
0 0.198958 0.432407 0.043750 0.035185
0 0.042969 0.444907 0.063021 0.065741
0 0.029427 0.465278 0.058854 0.100926
0 0.025000 0.486574 0.050000 0.137963
0 0.109375 0.473148 0.097917 0.085185
0 0.330729 0.538889 0.178125 0.181481
0 0.178906 0.450926 0.164062 0.059259
0 0.007292 0.585185 0.014583 0.131481
0 0.246094 0.679167 0.456771 0.491667
2 0.676823 0.504167 0.198437 0.065741
0 0.707552 0.675463 0.384896 0.326852
0 0.800000 0.697222 0.400000 0.605556