2 0.946875 0.399074 0.015625 0.025926
0 0.918750 0.412963 0.010417 0.024074
6 0.928906 0.414352 0.013021 0.039815
6 0.938542 0.402778 0.009375 0.018519
0 0.931510 0.463426 0.028646 0.113889
5 0.911979 0.493519 0.028125 0.125926
6 0.908073 0.436111 0.029687 0.083333
2 0.968750 0.502315 0.062500 0.225000
5 0.867448 0.557407 0.054688 0.211111
6 0.874479 0.516204 0.069792 0.160185
6 0.851302 0.509259 0.082812 0.218519
5 0.758594 0.480093 0.027604 0.147222
6 0.731250 0.568056 0.083333 0.375000
7 0.492448 0.688889 0.138021 0.581481