0 0.053906 0.566667 0.040104 0.031481
2 0.086198 0.578241 0.016146 0.047222
0 0.093750 0.583796 0.023958 0.058333
0 0.123958 0.612500 0.066667 0.097222
0 0.146094 0.640741 0.045312 0.125926
2 0.207292 0.687963 0.140625 0.257407
7 0.268750 0.574537 0.015625 0.047222
0 0.302344 0.656944 0.090104 0.149074
0 0.386198 0.712500 0.196354 0.232407
2 0.626563 0.733333 0.211458 0.325926
7 0.395052 0.568056 0.018229 0.049074
0 0.040104 0.596296 0.079167 0.057407
4 0.023698 0.555093 0.025521 0.039815
0 0.086198 0.804167 0.171354 0.391667
0 0.808854 0.862037 0.382292 0.275926