0 0.038281 0.562037 0.008854 0.018519
0 0.012500 0.558333 0.014583 0.018519
5 0.025781 0.573611 0.009896 0.019444
6 0.025781 0.560648 0.007812 0.019444
7 0.070312 0.758796 0.078125 0.315741
7 0.133854 0.760185 0.061458 0.298148
9 0.350521 0.656481 0.045833 0.137037
7 0.471615 0.681944 0.040104 0.180556
8 0.578906 0.622685 0.034896 0.078704
7 0.588281 0.623611 0.020313 0.100926
0 0.567708 0.748148 0.132292 0.253704
9 0.819271 0.841204 0.226042 0.317593
0 0.713021 0.590741 0.084375 0.092593
0 0.768750 0.593519 0.072917 0.100000