0 0.926042 0.370833 0.052083 0.056481
0 0.965365 0.384259 0.038021 0.081481
7 0.396615 0.352778 0.024479 0.088889
0 0.102865 0.406481 0.204687 0.244444
7 0.405990 0.346296 0.010937 0.048148
7 0.416667 0.358333 0.021875 0.070370
5 0.479948 0.430093 0.099479 0.156481
5 0.502604 0.546759 0.140625 0.267593
5 0.418229 0.553241 0.132292 0.362037
0 0.195052 0.696296 0.388021 0.607407
5 0.638802 0.468056 0.073438 0.193519
5 0.711719 0.440741 0.042188 0.150000
5 0.778125 0.415278 0.045833 0.110185
5 0.826562 0.456019 0.041667 0.158333
2 0.994010 0.375926 0.011979 0.053704
0 0.907552 0.485648 0.166146 0.236111
5 0.900521 0.719907 0.181250 0.425000
6 0.911979 0.598611 0.140625 0.475000