0 0.151302 0.640278 0.090104 0.156481
0 0.189323 0.681019 0.136979 0.208333
0 0.340625 0.780093 0.313542 0.439815
8 0.542708 0.735185 0.078125 0.207407
6 0.530990 0.653241 0.076563 0.237963
5 0.441927 0.867593 0.225521 0.261111
6 0.408333 0.761574 0.131250 0.334259
6 0.445573 0.806019 0.207813 0.387963
7 0.924479 0.551389 0.048958 0.178704
7 0.969531 0.545833 0.060937 0.117593
0 0.801042 0.787963 0.397917 0.424074
6 0.933854 0.849537 0.132292 0.300926
13 0.016146 0.509259 0.009375 0.014815
2 0.063281 0.697222 0.126562 0.272222
0 0.071875 0.832407 0.142708 0.335185