4 0.505729 0.342130 0.131250 0.126852
4 0.661979 0.325000 0.087500 0.096296
0 0.718490 0.343519 0.049479 0.066667
0 0.761979 0.352778 0.051042 0.046296
0 0.828385 0.357870 0.036979 0.019444
0 0.866146 0.359722 0.031250 0.019444
4 0.570312 0.325463 0.060417 0.097222
5 0.593750 0.361574 0.026042 0.049074
7 0.585677 0.343056 0.007812 0.034259
3 0.425000 0.370370 0.129167 0.131481
7 0.472396 0.333796 0.005208 0.017593
7 0.432292 0.336111 0.008333 0.018519
7 0.419531 0.325463 0.016146 0.043519
0 0.092969 0.429167 0.141146 0.126852
7 0.008333 0.431944 0.015625 0.121296
5 0.011979 0.474537 0.021875 0.091667
5 0.035417 0.479167 0.056250 0.115741
6 0.038542 0.451389 0.040625 0.147222
7 0.039323 0.400463 0.021354 0.076852
7 0.017448 0.415278 0.017188 0.095370