5 0.105990 0.356944 0.035937 0.065741
5 0.140104 0.368981 0.023958 0.045370
5 0.167448 0.360185 0.039062 0.057407
5 0.333073 0.366667 0.056771 0.094444
5 0.418750 0.359722 0.041667 0.073148
5 0.396615 0.365278 0.047396 0.104630
5 0.445833 0.357870 0.028125 0.093519
5 0.491927 0.358796 0.032813 0.078704
5 0.527604 0.364352 0.032292 0.091667
5 0.463802 0.375463 0.042188 0.089815
5 0.564583 0.356019 0.039583 0.089815
5 0.590365 0.372222 0.036979 0.085185
8 0.613021 0.380093 0.044792 0.093519
5 0.646875 0.362037 0.029167 0.098148
5 0.661979 0.378704 0.026042 0.090741
5 0.682552 0.402778 0.032813 0.092593
4 0.802604 0.313426 0.232292 0.434259