7 0.957031 0.356944 0.003646 0.032407
7 0.952083 0.353704 0.005208 0.035185
7 0.944792 0.353704 0.007292 0.033333
2 0.978125 0.393981 0.043750 0.108333
5 0.899740 0.403241 0.026562 0.067593
6 0.904948 0.368981 0.011979 0.039815
6 0.897135 0.385648 0.023438 0.076852
3 0.851562 0.350463 0.032292 0.073148
10 0.889323 0.280093 0.015104 0.026852
10 0.889062 0.299074 0.015625 0.011111
0 0.749479 0.495370 0.211458 0.296296
7 0.612500 0.345833 0.018750 0.065741
7 0.623958 0.396759 0.022917 0.139815
7 0.597396 0.487963 0.039583 0.231481
10 0.632552 0.143056 0.057813 0.100926