4 0.071094 0.389352 0.099479 0.199074
0 0.118229 0.437963 0.014583 0.068519
0 0.057292 0.490741 0.113542 0.172222
0 0.136719 0.431944 0.035937 0.056481
0 0.169792 0.428241 0.036458 0.084259
4 0.203125 0.416204 0.055208 0.156481
1 0.231250 0.436574 0.082292 0.204630
0 0.240885 0.511574 0.074479 0.178704
3 0.136458 0.396296 0.026042 0.024074
5 0.154427 0.466667 0.030729 0.072222
6 0.153906 0.444907 0.022396 0.080556
6 0.149219 0.447222 0.029687 0.098148
1 0.620052 0.500463 0.759896 0.999074
0 0.011198 0.422222 0.022396 0.116667