5 0.076563 0.384722 0.038542 0.058333
5 0.025521 0.391204 0.044792 0.062037
7 0.059375 0.410185 0.026042 0.112963
7 0.847917 0.483796 0.063542 0.236111
0 0.536198 0.559259 0.078646 0.146296
5 0.566667 0.687500 0.229167 0.373148
5 0.873177 0.875463 0.253646 0.249074
6 0.981250 0.797685 0.037500 0.326852
6 0.915885 0.737500 0.123438 0.519444
7 0.799740 0.819907 0.158854 0.360185
5 0.205469 0.763426 0.193229 0.467593
6 0.144531 0.534259 0.064062 0.227778
6 0.142448 0.687963 0.049479 0.468519
6 0.199479 0.657407 0.148958 0.466667