5 0.662500 0.362963 0.006250 0.014815
7 0.621354 0.365278 0.011458 0.039815
7 0.603646 0.426852 0.017708 0.057407
7 0.644531 0.411111 0.022396 0.112963
7 0.670052 0.391204 0.013021 0.025000
7 0.651563 0.426389 0.031250 0.104630
7 0.691146 0.371759 0.012500 0.041667
7 0.810937 0.389815 0.011458 0.031481
7 0.819792 0.393056 0.011458 0.028704
7 0.822396 0.399537 0.019792 0.049074
7 0.870833 0.386574 0.020833 0.047222
4 0.766146 0.399537 0.093750 0.125000
7 0.822396 0.462500 0.017708 0.075000
5 0.715625 0.481019 0.044792 0.115741
6 0.707292 0.413889 0.026042 0.107407
6 0.715625 0.433333 0.046875 0.129630