4 0.475521 0.230093 0.018750 0.028704
4 0.491927 0.235185 0.017188 0.038889
4 0.505729 0.233333 0.013542 0.037037
2 0.478646 0.251389 0.023958 0.030556
0 0.419531 0.260648 0.040104 0.032407
3 0.322135 0.248148 0.030729 0.051852
3 0.363802 0.251389 0.027604 0.039815
5 0.254688 0.278241 0.043750 0.045370
5 0.181510 0.287963 0.035937 0.055556
5 0.170573 0.287037 0.041146 0.061111
5 0.134375 0.282407 0.042708 0.050000
5 0.091146 0.280093 0.038542 0.032407
4 0.563021 0.254167 0.120833 0.295370
7 0.692708 0.294444 0.017708 0.048148
7 0.691667 0.332870 0.028125 0.125000
3 0.805990 0.315278 0.224479 0.225000
0 0.955990 0.345833 0.088021 0.102778
3 0.970052 0.298611 0.059896 0.112037
4 0.028646 0.273611 0.057292 0.376852