0 0.022135 0.422222 0.026562 0.077778
2 0.105990 0.413889 0.023438 0.031481
0 0.069531 0.443519 0.086979 0.112963
0 0.104948 0.419907 0.016146 0.028704
0 0.138802 0.443981 0.063021 0.097222
0 0.322396 0.487500 0.058333 0.110185
0 0.276302 0.493056 0.102604 0.154630
0 0.215885 0.499537 0.179688 0.200926
0 0.490365 0.519907 0.180729 0.200926
7 0.602344 0.549537 0.044271 0.060185
5 0.651042 0.586574 0.039583 0.089815
6 0.662240 0.521296 0.023438 0.092593
0 0.452604 0.546296 0.225000 0.205556
2 0.768490 0.587037 0.229687 0.253704
0 0.831250 0.745833 0.337500 0.465741
10 0.020573 0.478704 0.004687 0.012963
10 0.002083 0.521759 0.004167 0.015741
10 0.089323 0.522222 0.007812 0.016667
10 0.035937 0.555556 0.008333 0.018519
10 0.155990 0.564815 0.009896 0.018519
10 0.100000 0.619444 0.012500 0.024074
10 0.273958 0.637963 0.014583 0.024074
10 0.252344 0.768981 0.023438 0.037963
10 0.641146 0.848148 0.026042 0.044444