7 0.244271 0.320833 0.020833 0.084259
7 0.280469 0.322222 0.032813 0.142593
7 0.275260 0.411574 0.061979 0.234259
7 0.227604 0.443519 0.073958 0.272222
3 0.307031 0.766204 0.366146 0.463889
7 0.820052 0.458333 0.058854 0.212963
7 0.844010 0.452315 0.039062 0.186111
7 0.871094 0.456019 0.030729 0.167593
5 0.914062 0.492593 0.064583 0.187037
5 0.934896 0.395370 0.021875 0.057407
2 0.972396 0.402315 0.037500 0.113889
6 0.920052 0.442593 0.061979 0.177778
5 0.967708 0.480556 0.036458 0.137037
6 0.974740 0.408333 0.027604 0.111111
6 0.967187 0.448611 0.046875 0.197222