4 0.166667 0.306944 0.332292 0.419444
3 0.354167 0.331481 0.102083 0.179630
3 0.411719 0.318519 0.041146 0.146296
3 0.454948 0.341667 0.107813 0.235185
0 0.608333 0.356481 0.108333 0.107407
4 0.600000 0.299074 0.066667 0.085185
3 0.702344 0.324537 0.131771 0.100926
1 0.955469 0.317130 0.054688 0.110185
0 0.986979 0.368981 0.026042 0.069444
4 0.864062 0.319444 0.129167 0.118519
5 0.608333 0.368981 0.038542 0.082407
6 0.624740 0.332407 0.021354 0.077778
5 0.637240 0.385648 0.069271 0.082407
5 0.688802 0.383333 0.050521 0.088889
6 0.652604 0.363889 0.029167 0.118519
6 0.665625 0.357870 0.025000 0.119444
6 0.688021 0.366204 0.026042 0.106481
6 0.633333 0.334722 0.014583 0.052778