5 0.055990 0.301852 0.024479 0.033333
5 0.069531 0.300926 0.011979 0.029630
4 0.130990 0.290741 0.124479 0.111111
7 0.213802 0.306481 0.015104 0.059259
5 0.209115 0.330093 0.017188 0.032407
6 0.204948 0.314815 0.015104 0.044444
7 0.197135 0.311574 0.016146 0.060185
3 0.243229 0.321296 0.048958 0.059259
0 0.305208 0.324537 0.052083 0.080556
0 0.336719 0.298148 0.049479 0.033333
3 0.372135 0.300463 0.096354 0.112037
5 0.560677 0.300463 0.016146 0.032407
5 0.572135 0.301852 0.015104 0.029630
0 0.609635 0.293981 0.076563 0.104630
7 0.645833 0.293519 0.008333 0.024074
7 0.665365 0.316204 0.014063 0.065741
7 0.653385 0.313889 0.016146 0.057407
0 0.603646 0.371759 0.175000 0.071296
3 0.477083 0.268981 0.026042 0.067593
3 0.492188 0.250463 0.019792 0.017593