13 0.056510 0.252778 0.013021 0.057407
13 0.101562 0.281944 0.012500 0.025000
2 0.041406 0.411111 0.035937 0.079630
6 0.021615 0.387037 0.020313 0.033333
5 0.022396 0.425463 0.018750 0.067593
6 0.008073 0.388889 0.015104 0.044444
5 0.010156 0.435185 0.019271 0.072222
2 0.164062 0.438889 0.058333 0.103704
0 0.113802 0.440278 0.109896 0.130556
5 0.120313 0.492593 0.058333 0.112963
6 0.126562 0.451852 0.044792 0.142593
7 0.504427 0.487037 0.040104 0.157407
5 0.938021 0.688889 0.123958 0.196296
6 0.959375 0.640741 0.081250 0.272222