0 0.031250 0.456944 0.016667 0.039815
0 0.115365 0.462500 0.117188 0.134259
0 0.188021 0.452315 0.065625 0.097222
7 0.685937 0.490278 0.022917 0.137963
7 0.720313 0.514815 0.026042 0.153704
0 0.888281 0.470833 0.026562 0.017593
0 0.930729 0.472222 0.019792 0.014815
0 0.875521 0.488426 0.042708 0.032407
0 0.903125 0.489815 0.033333 0.033333
0 0.925000 0.491204 0.031250 0.032407
1 0.968490 0.393519 0.061979 0.250000
5 0.752344 0.600000 0.029687 0.103704
6 0.778125 0.541204 0.027083 0.123148
1 0.451823 0.470833 0.465104 0.469444
0 0.877604 0.752778 0.244792 0.494444
10 0.165885 0.594444 0.009896 0.018519
10 0.077344 0.533796 0.009896 0.021296
10 0.370833 0.731944 0.021875 0.034259