10 0.480208 0.365741 0.007292 0.029630
10 0.462500 0.370370 0.008333 0.035185
10 0.446094 0.368056 0.007812 0.028704
7 0.442448 0.342130 0.007812 0.034259
10 0.426823 0.366204 0.007812 0.025000
10 0.406250 0.362963 0.006250 0.020370
5 0.369792 0.358333 0.017708 0.029630
6 0.371354 0.344907 0.010417 0.037963
7 0.381250 0.345370 0.009375 0.051852
7 0.343229 0.347222 0.013542 0.042593
7 0.331250 0.348611 0.011458 0.037963
10 0.382812 0.376852 0.007292 0.037037
10 0.360938 0.366667 0.003125 0.012963
10 0.300260 0.389815 0.015104 0.046296
2 0.166927 0.420833 0.174479 0.239815