9 0.799479 0.470370 0.028125 0.042593
9 0.813281 0.427778 0.016146 0.027778
9 0.836719 0.454167 0.017188 0.028704
9 0.861979 0.459259 0.025000 0.033333
9 0.888802 0.443056 0.018229 0.032407
9 0.920312 0.430556 0.010417 0.027778
9 0.780729 0.399074 0.012500 0.018519
9 0.801562 0.404167 0.013542 0.025000
9 0.909635 0.409259 0.020313 0.027778
9 0.806771 0.385185 0.014583 0.018519
9 0.769792 0.382870 0.006250 0.023148
9 0.779427 0.373148 0.007812 0.020370
9 0.790885 0.381019 0.009896 0.023148
9 0.796094 0.364352 0.013021 0.017593
9 0.814063 0.367593 0.013542 0.018519
9 0.823438 0.386111 0.009375 0.016667
9 0.826823 0.374074 0.006771 0.024074
9 0.872656 0.393519 0.020313 0.022222
9 0.867188 0.367130 0.014583 0.013889
9 0.887240 0.381481 0.006771 0.018519
9 0.898438 0.374537 0.008333 0.015741
9 0.914323 0.377778 0.011979 0.020370
9 0.929688 0.380556 0.012500 0.012963