2 0.192708 0.395833 0.022917 0.028704
7 0.374219 0.415741 0.009896 0.037037
7 0.384375 0.431481 0.011458 0.057407
7 0.368490 0.411574 0.008854 0.032407
5 0.367708 0.435648 0.028125 0.045370
2 0.489063 0.439815 0.020833 0.053704
5 0.482292 0.450000 0.012500 0.053704
5 0.502865 0.458796 0.022396 0.039815
7 0.502344 0.429167 0.015104 0.026852
0 0.163281 0.500000 0.168229 0.261111
5 0.693750 0.524537 0.070833 0.112037
6 0.694531 0.512500 0.033854 0.149074
2 0.121875 0.638889 0.242708 0.540741
4 0.847656 0.580093 0.304688 0.517593
5 0.970313 0.903704 0.059375 0.192593