2 0.934375 0.460648 0.131250 0.323148
6 0.873958 0.350926 0.016667 0.048148
6 0.857812 0.385185 0.038542 0.124074
5 0.510156 0.495370 0.110937 0.155556
6 0.523958 0.419444 0.068750 0.205556
5 0.621615 0.534259 0.207813 0.214815
6 0.616667 0.490741 0.109375 0.329630
5 0.729167 0.464352 0.066667 0.115741
6 0.721354 0.434259 0.064583 0.198148
6 0.683333 0.421759 0.086458 0.212037
5 0.797917 0.535648 0.190625 0.247222
6 0.774740 0.374074 0.066146 0.120370
6 0.800521 0.494907 0.068750 0.347222
0 0.408333 0.712037 0.814583 0.572222