4 0.036719 0.260648 0.073438 0.391667
0 0.959115 0.336111 0.080729 0.101852
3 0.812760 0.293056 0.224479 0.204630
7 0.698958 0.319907 0.027083 0.119444
4 0.570573 0.240278 0.119271 0.295370
4 0.511458 0.223611 0.018750 0.037963
4 0.494010 0.223148 0.017188 0.038889
4 0.478125 0.213426 0.017708 0.019444
3 0.479427 0.235185 0.027604 0.035185
0 0.423958 0.250000 0.039583 0.029630
3 0.367708 0.239815 0.028125 0.042593
3 0.325521 0.235648 0.030208 0.054630
5 0.262760 0.265741 0.038021 0.046296
5 0.184115 0.275926 0.036979 0.055556
5 0.171354 0.272685 0.042708 0.067593
5 0.150000 0.272685 0.022917 0.054630
5 0.133073 0.269907 0.028646 0.052778
5 0.095052 0.269907 0.041146 0.039815