3 0.013281 0.384259 0.026562 0.024074
6 0.035937 0.395370 0.009375 0.027778
3 0.028906 0.381944 0.015104 0.017593
2 0.055469 0.410648 0.025521 0.054630
0 0.024740 0.432870 0.048438 0.086111
2 0.092969 0.428241 0.038021 0.076852
4 0.159635 0.381944 0.083854 0.136111
5 0.277344 0.506944 0.045312 0.137963
5 0.341406 0.550000 0.082812 0.151852
5 0.375781 0.575926 0.061979 0.194444
7 0.474479 0.516204 0.021875 0.043519
5 0.497135 0.631481 0.135937 0.225926
5 0.663542 0.673148 0.191667 0.318519
5 0.890885 0.671296 0.100521 0.287037
0 0.183073 0.609259 0.252604 0.346296