3 0.982552 0.393519 0.033854 0.140741
5 0.946615 0.564352 0.102604 0.197222
6 0.960677 0.499074 0.066146 0.227778
3 0.916406 0.435185 0.064062 0.066667
7 0.899479 0.455093 0.034375 0.078704
7 0.893750 0.406019 0.018750 0.026852
3 0.861719 0.443519 0.057813 0.070370
3 0.782813 0.466667 0.110417 0.094444
3 0.642448 0.494907 0.151562 0.115741
7 0.569271 0.458333 0.038542 0.138889
3 0.326823 0.552315 0.215104 0.187963
7 0.173177 0.460648 0.057813 0.184259
3 0.080208 0.604630 0.158333 0.194444
5 0.039583 0.777315 0.078125 0.334259