5 0.012760 0.421759 0.010937 0.030556
6 0.011719 0.409722 0.008854 0.032407
5 0.054167 0.429167 0.011458 0.034259
6 0.054167 0.409259 0.010417 0.025926
7 0.064583 0.408796 0.008333 0.034259
5 0.100781 0.443981 0.018229 0.045370
6 0.101042 0.429630 0.016667 0.051852
7 0.250781 0.439815 0.014063 0.059259
5 0.232813 0.454630 0.022917 0.022222
6 0.230469 0.440741 0.023438 0.042593
2 0.182292 0.438889 0.075000 0.053704
7 0.321094 0.444444 0.017188 0.022222
7 0.302344 0.438426 0.021354 0.032407
6 0.380208 0.460185 0.014583 0.014815
0 0.384896 0.587963 0.256250 0.272222
0 0.231510 0.731481 0.461979 0.537037
5 0.603385 0.621759 0.117188 0.167593
6 0.601042 0.572685 0.054167 0.176852
5 0.748177 0.702778 0.179688 0.246296
6 0.739062 0.624074 0.108333 0.281481
5 0.925781 0.735648 0.147396 0.254630
6 0.929427 0.666204 0.082812 0.263889