5 0.078385 0.428704 0.022396 0.064815
6 0.078125 0.414352 0.013542 0.060185
5 0.216406 0.414352 0.008854 0.041667
5 0.204948 0.412963 0.015104 0.040741
1 0.004167 0.354630 0.008333 0.061111
0 0.016146 0.432870 0.032292 0.102778
5 0.284635 0.519907 0.100521 0.136111
6 0.287500 0.500000 0.041667 0.168519
5 0.985417 0.535648 0.025000 0.034259
5 0.976823 0.552778 0.039062 0.079630
5 0.952083 0.566204 0.064583 0.095370
10 0.140625 0.643056 0.015625 0.025000
10 0.260417 0.748148 0.025000 0.040741
10 0.516927 0.946759 0.035937 0.065741