7 0.015885 0.331481 0.011979 0.042593
7 0.027344 0.332870 0.014063 0.039815
7 0.315365 0.313426 0.013021 0.084259
5 0.379427 0.343056 0.039062 0.075000
5 0.411458 0.362037 0.047917 0.088889
5 0.516927 0.357407 0.067187 0.074074
8 0.621875 0.396296 0.062500 0.079630
5 0.316667 0.381019 0.091667 0.099074
5 0.171354 0.418056 0.111458 0.123148
5 0.185677 0.418981 0.079687 0.125000
5 0.205469 0.425000 0.081771 0.120370
5 0.227604 0.425463 0.096875 0.134259
5 0.248438 0.425463 0.105208 0.145370
5 0.272396 0.442593 0.106250 0.140741
5 0.920833 0.421296 0.057292 0.103704
5 0.879687 0.480556 0.104167 0.231481
5 0.992708 0.497685 0.011458 0.145370