0 0.031250 0.347685 0.034375 0.060185
0 0.023177 0.351852 0.038021 0.077778
0 0.103385 0.354167 0.057813 0.076852
7 0.085938 0.347222 0.015625 0.081481
6 0.060417 0.370833 0.022917 0.097222
5 0.063802 0.393981 0.043229 0.089815
2 0.152083 0.348148 0.058333 0.101852
7 0.181510 0.323611 0.023438 0.080556
7 0.218750 0.291667 0.015625 0.031481
0 0.277865 0.357870 0.097396 0.089815
0 0.398438 0.369444 0.155208 0.135185
0 0.562760 0.380556 0.173437 0.116667
0 0.865625 0.464352 0.268750 0.204630
6 0.580208 0.399074 0.042708 0.144444
5 0.588281 0.429630 0.106771 0.129630