5 0.826823 0.663426 0.127604 0.145370
6 0.835677 0.572222 0.068229 0.175926
0 0.886979 0.794444 0.226042 0.411111
0 0.356510 0.470833 0.118229 0.065741
5 0.292708 0.503704 0.037500 0.079630
5 0.276302 0.493981 0.019271 0.082407
6 0.270833 0.443056 0.014583 0.056481
6 0.300000 0.455093 0.034375 0.078704
0 0.471875 0.605556 0.383333 0.442593
2 0.224219 0.460648 0.082812 0.136111
1 0.022396 0.367593 0.043750 0.053704
1 0.092188 0.367593 0.081250 0.048148
0 0.026823 0.398611 0.036979 0.039815
0 0.063021 0.446296 0.075000 0.125926
0 0.167969 0.497685 0.185938 0.226852
0 0.027344 0.550000 0.053646 0.322222