0 0.108073 0.537037 0.011979 0.012963
0 0.070833 0.535185 0.013542 0.027778
0 0.110417 0.628704 0.098958 0.177778
0 0.059635 0.578241 0.025521 0.036111
2 0.042448 0.680093 0.076563 0.284259
0 0.043750 0.825926 0.083333 0.344444
0 0.154427 0.665741 0.153646 0.211111
0 0.297917 0.768056 0.327083 0.445370
6 0.383073 0.786111 0.207813 0.427778
6 0.329688 0.746296 0.105208 0.366667
5 0.293490 0.735648 0.052604 0.047222
7 0.625781 0.605093 0.063021 0.282407
0 0.766146 0.770833 0.466667 0.454630
6 0.894531 0.855093 0.205729 0.286111