3 0.851823 0.342593 0.074479 0.074074
0 0.974479 0.382870 0.051042 0.143519
5 0.695052 0.339352 0.016146 0.023148
6 0.701562 0.321759 0.007292 0.043519
3 0.638542 0.319907 0.075000 0.134259
0 0.539062 0.338889 0.070833 0.085185
0 0.578646 0.372685 0.145833 0.130556
5 0.481771 0.396759 0.083333 0.093519
6 0.478906 0.379167 0.031771 0.137963
7 0.500521 0.344444 0.027083 0.088889
7 0.461979 0.339815 0.027083 0.094444
5 0.439063 0.378704 0.040625 0.087037
6 0.445833 0.332870 0.021875 0.097222
7 0.373437 0.369444 0.036458 0.137037
3 0.299219 0.322685 0.148438 0.162037
3 0.402604 0.311574 0.085417 0.134259
4 0.236458 0.285648 0.196875 0.210185
5 0.081250 0.315278 0.023958 0.043519
5 0.076302 0.318056 0.019271 0.050926
5 0.053906 0.316204 0.021354 0.041667
5 0.065885 0.319444 0.015104 0.048148
2 0.024479 0.333333 0.047917 0.111111