1 0.043750 0.322685 0.086458 0.173148
4 0.284375 0.294907 0.176042 0.075000
6 0.239844 0.251389 0.026562 0.049074
6 0.279687 0.237500 0.016667 0.043519
6 0.295312 0.237963 0.026042 0.050000
0 0.191146 0.373611 0.225000 0.186111
0 0.437500 0.408796 0.275000 0.193519
6 0.395313 0.310185 0.011458 0.011111
0 0.603646 0.369444 0.245833 0.133333
2 0.722917 0.343056 0.080208 0.052778
5 0.427604 0.437037 0.125000 0.151852
6 0.421094 0.389352 0.045312 0.243519
5 0.610938 0.427315 0.145833 0.152778
6 0.618750 0.375000 0.069792 0.203704
0 0.590104 0.640278 0.819792 0.719444