5 0.994271 0.388889 0.011458 0.053704
3 0.972656 0.359722 0.014063 0.017593
10 0.936198 0.300463 0.019271 0.036111
2 0.957552 0.390278 0.032813 0.087963
3 0.909896 0.390278 0.063542 0.121296
7 0.976042 0.424537 0.036458 0.176852
7 0.936979 0.426389 0.039583 0.176852
7 0.887760 0.356019 0.010937 0.025000
7 0.886719 0.425926 0.023438 0.168519
7 0.738542 0.386111 0.016667 0.059259
7 0.729948 0.390278 0.021354 0.050926
0 0.729688 0.431481 0.063542 0.112963
2 0.822917 0.429167 0.130208 0.234259
1 0.465104 0.343056 0.488542 0.480556
0 0.342708 0.718981 0.679167 0.562037