0 0.013281 0.411111 0.026562 0.072222
1 0.083073 0.382870 0.046354 0.043519
7 0.122135 0.401389 0.007812 0.017593
0 0.050521 0.389352 0.036458 0.023148
0 0.044271 0.425463 0.044792 0.069444
0 0.129688 0.423611 0.031250 0.032407
0 0.198177 0.429167 0.047396 0.032407
6 0.268229 0.417130 0.008333 0.017593
4 0.320573 0.436574 0.042188 0.034259
7 0.487240 0.444444 0.011979 0.033333
0 0.090104 0.440278 0.068750 0.089815
0 0.264583 0.490278 0.087500 0.128704
0 0.182552 0.485648 0.138021 0.171296
4 0.413021 0.409722 0.144792 0.112037
0 0.514062 0.527315 0.123958 0.130556
1 0.768490 0.496759 0.463021 0.412037
0 0.410938 0.581944 0.275000 0.276852
5 0.940885 0.619907 0.065104 0.121296
6 0.896875 0.556944 0.084375 0.125000
0 0.772396 0.736111 0.455208 0.527778
5 0.357031 0.674537 0.140104 0.312037
6 0.358073 0.591204 0.090104 0.306481