7 0.890625 0.368981 0.009375 0.017593
7 0.896875 0.378241 0.009375 0.036111
3 0.933594 0.382407 0.035937 0.027778
3 0.932031 0.398148 0.063021 0.033333
3 0.982031 0.407870 0.032813 0.028704
7 0.915885 0.396296 0.016146 0.050000
0 0.835417 0.407870 0.144792 0.117593
13 0.823958 0.211574 0.016667 0.102778
13 0.826302 0.308333 0.015104 0.035185
10 0.847917 0.251389 0.017708 0.071296
6 0.990365 0.402778 0.013021 0.029630
0 0.891146 0.595370 0.214583 0.381481
7 0.542188 0.418519 0.025000 0.209259
7 0.538802 0.446759 0.046354 0.187963
5 0.306250 0.678241 0.309375 0.423148