7 0.070573 0.367130 0.015104 0.025000
7 0.090885 0.357870 0.003646 0.006481
7 0.117448 0.357870 0.004687 0.010185
0 0.094010 0.372685 0.065104 0.026852
5 0.428906 0.344444 0.046354 0.088889
5 0.508073 0.353704 0.057813 0.057407
7 0.533594 0.310185 0.013021 0.059259
6 0.554427 0.348148 0.023438 0.096296
5 0.537500 0.358333 0.027083 0.079630
7 0.566406 0.289352 0.004687 0.017593
7 0.563802 0.338889 0.011979 0.096296
7 0.584635 0.338426 0.013021 0.084259
7 0.618490 0.336574 0.013021 0.104630
7 0.609635 0.357407 0.021354 0.109259
0 0.653646 0.328241 0.071875 0.047222
7 0.650521 0.355093 0.029167 0.086111
7 0.707031 0.366204 0.022396 0.121296
5 0.818490 0.347222 0.028646 0.037037
6 0.826823 0.333796 0.015104 0.041667
5 0.963281 0.452315 0.071354 0.097222
6 0.970052 0.403241 0.033854 0.084259
7 0.587760 0.495370 0.051562 0.292593
7 0.610417 0.551852 0.040625 0.198148
7 0.162240 0.372222 0.018229 0.064815
7 0.142708 0.427315 0.035417 0.187963
7 0.248698 0.471296 0.043229 0.266667
7 0.245052 0.398611 0.026562 0.097222
7 0.208854 0.472685 0.036458 0.260185
7 0.180208 0.493519 0.048958 0.327778
7 0.236719 0.521296 0.043229 0.242593
7 0.248177 0.571759 0.031771 0.202778
7 0.298958 0.518056 0.066667 0.326852
7 0.289844 0.476852 0.047396 0.175926
7 0.390625 0.506019 0.041667 0.117593
7 0.379948 0.546759 0.066146 0.128704