5 0.097656 0.745370 0.194271 0.325926
6 0.037500 0.752315 0.073958 0.075000
5 0.162500 0.852315 0.323958 0.295370
6 0.057292 0.927778 0.113542 0.085185
1 0.992708 0.314815 0.014583 0.033333
4 0.962500 0.324537 0.048958 0.076852
0 0.983073 0.342130 0.033854 0.026852
0 0.980208 0.382870 0.039583 0.063889
0 0.957031 0.446759 0.085938 0.184259
6 0.944271 0.351852 0.008333 0.022222
6 0.937500 0.352315 0.011458 0.019444
6 0.925000 0.353704 0.008333 0.024074
6 0.917708 0.346759 0.008333 0.012037
1 0.663281 0.473611 0.533854 0.945370