1 0.031250 0.371296 0.061458 0.051852
0 0.004948 0.405556 0.009896 0.053704
0 0.036979 0.393056 0.048958 0.025000
1 0.093229 0.374537 0.064583 0.026852
0 0.150521 0.414352 0.009375 0.032407
0 0.097656 0.432870 0.070312 0.108333
0 0.041406 0.447685 0.082812 0.102778
1 0.358594 0.473148 0.222396 0.251852
1 0.226823 0.490278 0.135937 0.186111
2 0.733594 0.488426 0.141146 0.047222
0 0.872135 0.601852 0.214062 0.222222
0 0.730729 0.686111 0.480208 0.431481
10 0.008594 0.527315 0.008854 0.015741
10 0.007812 0.479167 0.005208 0.012037
10 0.048698 0.501389 0.006771 0.012037
10 0.079167 0.581019 0.010417 0.019444
10 0.111719 0.536111 0.008854 0.014815
10 0.221875 0.594444 0.010417 0.020370
10 0.227865 0.690741 0.017188 0.025926
10 0.455729 0.711111 0.017708 0.029630
10 0.558854 0.905093 0.027083 0.045370
0 0.010156 0.630556 0.020313 0.216667