3 0.196615 0.352315 0.190104 0.204630
4 0.145833 0.484259 0.290625 0.874074
5 0.452083 0.488889 0.097917 0.098148
5 0.418229 0.539815 0.160417 0.137037
7 0.362240 0.489352 0.046354 0.295370
6 0.431510 0.501852 0.064062 0.259259
7 0.394531 0.479167 0.033854 0.258333
0 0.622656 0.366204 0.018229 0.062037
5 0.884375 0.393056 0.062500 0.080556
6 0.888542 0.381019 0.019792 0.091667
6 0.902083 0.377315 0.019792 0.080556
5 0.924479 0.372685 0.013542 0.039815
5 0.945573 0.365741 0.031771 0.050000
5 0.942187 0.551852 0.078125 0.212963
6 0.943750 0.515278 0.067708 0.276852