7 0.561198 0.420370 0.024479 0.075926
7 0.612500 0.418981 0.020833 0.062037
7 0.639323 0.413889 0.020313 0.064815
7 0.736719 0.396296 0.014063 0.053704
7 0.748958 0.395370 0.013542 0.051852
7 0.810677 0.392593 0.011979 0.033333
7 0.839063 0.388426 0.009375 0.015741
7 0.869271 0.386574 0.006250 0.012037
7 0.877604 0.387500 0.005208 0.010185
0 0.823698 0.399537 0.031771 0.010185
5 0.986719 0.387500 0.018229 0.037963
6 0.987240 0.379630 0.011979 0.040741
10 0.984635 0.339815 0.008854 0.012963
0 0.996875 0.409259 0.005208 0.059259