7 0.873958 0.390278 0.033333 0.112037
5 0.989323 0.357870 0.021354 0.069444
5 0.966927 0.370370 0.066146 0.090741
5 0.929948 0.393519 0.109896 0.118519
5 0.934375 0.462500 0.131250 0.149074
5 0.946875 0.489815 0.102083 0.164815
7 0.622656 0.327778 0.029687 0.172222
7 0.599479 0.350926 0.039583 0.179630
7 0.569010 0.339352 0.043229 0.191667
5 0.403906 0.522222 0.068229 0.120370
7 0.367188 0.465741 0.075000 0.240741
7 0.580469 0.489815 0.061979 0.233333
7 0.624479 0.511574 0.072917 0.245370
6 0.177604 0.572685 0.106250 0.297222
7 0.685937 0.531481 0.069792 0.222222
7 0.821615 0.456481 0.079687 0.329630
5 0.863542 0.629167 0.226042 0.382407