4 0.457292 0.337500 0.119792 0.123148
4 0.585938 0.350926 0.202083 0.131481
2 0.714063 0.381481 0.118750 0.150000
5 0.440625 0.385185 0.062500 0.098148
6 0.450781 0.368519 0.020313 0.114815
5 0.522396 0.386111 0.062500 0.081481
6 0.530469 0.366204 0.023438 0.099074
5 0.833333 0.400463 0.083333 0.102778
6 0.840885 0.378241 0.032813 0.112037
5 0.947135 0.413426 0.086979 0.095370
6 0.959115 0.391204 0.031771 0.126852
5 0.981250 0.456481 0.037500 0.075926
4 0.165104 0.413889 0.326042 0.490741
5 0.087760 0.768519 0.174479 0.385185
6 0.061458 0.641204 0.115625 0.434259
5 0.623177 0.615278 0.159896 0.206481
6 0.630208 0.562963 0.083333 0.253704
0 0.834896 0.816204 0.330208 0.367593