2 0.478385 0.515278 0.095312 0.156481
4 0.726562 0.495370 0.431250 0.346296
0 0.967708 0.586574 0.063542 0.099074
0 0.804167 0.795370 0.388542 0.409259
6 0.164583 0.413889 0.006250 0.024074
0 0.195312 0.432407 0.080208 0.066667
6 0.290104 0.427778 0.011458 0.012963
0 0.246354 0.579630 0.269792 0.307407
0 0.075781 0.497685 0.117188 0.199074
6 0.020573 0.405093 0.025521 0.041667
6 0.057813 0.395370 0.019792 0.022222
6 0.010937 0.400926 0.018750 0.057407
0 0.010677 0.397685 0.017188 0.039815
0 0.065885 0.695370 0.130729 0.555556