0 0.009115 0.368981 0.009896 0.012037
0 0.017188 0.368981 0.017708 0.015741
6 0.026562 0.368519 0.009375 0.016667
0 0.048958 0.375000 0.022917 0.018519
5 0.079948 0.384722 0.008854 0.008333
6 0.079687 0.377778 0.008333 0.018519
5 0.225260 0.411111 0.009896 0.016667
6 0.223438 0.400463 0.014583 0.026852
5 0.249740 0.413889 0.010937 0.020370
6 0.247917 0.406481 0.011458 0.024074
7 0.522656 0.444444 0.008854 0.016667
7 0.530469 0.444907 0.007812 0.017593
7 0.561719 0.440278 0.009896 0.043519
7 0.535417 0.449074 0.009375 0.018519
7 0.542448 0.450000 0.010937 0.024074
7 0.587760 0.448611 0.011979 0.032407
7 0.746094 0.481019 0.013021 0.025000
0 0.478646 0.447685 0.086458 0.041667
4 0.829427 0.512500 0.339062 0.975000