0 0.063281 0.406019 0.023438 0.045370
6 0.069531 0.375000 0.016146 0.031481
6 0.074219 0.381019 0.011979 0.032407
6 0.095312 0.371759 0.012500 0.013889
6 0.077865 0.411574 0.040104 0.099074
6 0.087500 0.415741 0.033333 0.090741
5 0.074219 0.432870 0.018229 0.028704
0 0.133073 0.406019 0.061979 0.060185
0 0.217188 0.414815 0.157292 0.059259
6 0.221875 0.401852 0.031250 0.057407
6 0.113281 0.403704 0.053646 0.077778
0 0.033594 0.443981 0.066146 0.239815
0 0.625521 0.527315 0.139583 0.163889
0 0.465104 0.565278 0.257292 0.312037
0 0.245052 0.712963 0.486979 0.574074
0 0.812240 0.681481 0.375521 0.375926
3 0.901302 0.757407 0.197396 0.485185