5 0.007031 0.334722 0.013021 0.039815
5 0.026562 0.336574 0.014583 0.039815
4 0.116667 0.354167 0.178125 0.265741
0 0.195312 0.297685 0.054167 0.076852
5 0.224219 0.351389 0.058854 0.087963
5 0.283333 0.325463 0.027083 0.075000
5 0.315104 0.330556 0.053125 0.051852
5 0.329427 0.490741 0.088021 0.238889
6 0.351042 0.408796 0.043750 0.199074
6 0.338802 0.453704 0.089063 0.272222
7 0.505208 0.334722 0.019792 0.110185
7 0.547135 0.337037 0.018229 0.098148
5 0.130729 0.518056 0.094792 0.223148
6 0.141406 0.461111 0.081771 0.300000
3 0.740885 0.356481 0.132812 0.253704
5 0.838542 0.395833 0.023958 0.102778
5 0.921354 0.442593 0.153125 0.216667
7 0.627083 0.522685 0.088542 0.380556
5 0.792969 0.646759 0.284896 0.323148
6 0.787240 0.569907 0.126562 0.489815
7 0.980990 0.357407 0.025521 0.068519