0 0.146615 0.317130 0.110937 0.095370
0 0.211979 0.318981 0.084375 0.075000
6 0.147656 0.294444 0.041146 0.074074
5 0.151042 0.338426 0.042708 0.062037
6 0.201823 0.314815 0.023438 0.066667
5 0.208073 0.335185 0.021354 0.061111
6 0.257031 0.283333 0.022396 0.085185
6 0.280469 0.293981 0.040104 0.063889
6 0.323698 0.299537 0.019271 0.049074
5 0.333333 0.312963 0.021875 0.016667
2 0.385156 0.303704 0.088021 0.088889
6 0.473177 0.302778 0.020313 0.038889
5 0.489063 0.327315 0.045833 0.043519
6 0.749219 0.285185 0.023438 0.051852
0 0.920573 0.323148 0.074479 0.074074
0 0.583333 0.563889 0.565625 0.546296
6 0.068750 0.427315 0.111458 0.317593
5 0.087240 0.526852 0.152604 0.259259