2 0.057031 0.606944 0.111979 0.093519
0 0.119792 0.581944 0.031250 0.032407
0 0.143229 0.616667 0.076042 0.079630
0 0.098177 0.806944 0.195312 0.386111
0 0.175781 0.682870 0.114062 0.187963
0 0.225000 0.631019 0.066667 0.115741
2 0.305729 0.631019 0.090625 0.128704
0 0.390365 0.763889 0.299479 0.392593
0 0.528906 0.710648 0.190104 0.213889
7 0.555729 0.607870 0.027083 0.075000
7 0.812240 0.655093 0.038021 0.078704
7 0.838542 0.625000 0.051042 0.150000
7 0.876823 0.631019 0.046354 0.117593
0 0.683333 0.797222 0.633333 0.405556
6 0.020313 0.552778 0.011458 0.018519