7 0.612760 0.395833 0.030729 0.189815
7 0.589583 0.399074 0.039583 0.164815
7 0.559375 0.409259 0.040625 0.218519
5 0.396615 0.585648 0.068229 0.128704
7 0.359375 0.531481 0.075000 0.244444
7 0.171615 0.643519 0.101562 0.301852
7 0.862240 0.457407 0.038021 0.112963
7 0.807292 0.520833 0.066667 0.325000
7 0.572917 0.552315 0.057292 0.243519
7 0.618750 0.574074 0.073958 0.244444
7 0.681510 0.594907 0.071354 0.223148
5 0.963802 0.439352 0.072396 0.093519
5 0.928385 0.444444 0.022396 0.035185
5 0.901563 0.464352 0.076042 0.130556
5 0.928646 0.528241 0.142708 0.141667
5 0.938281 0.556019 0.101562 0.182407
5 0.858594 0.694444 0.218229 0.379630