4 0.008594 0.351852 0.017188 0.035185
0 0.060937 0.411111 0.040625 0.066667
0 0.089063 0.418519 0.022917 0.020370
6 0.085417 0.418981 0.007292 0.028704
6 0.093490 0.412500 0.008854 0.017593
0 0.067448 0.439352 0.018229 0.045370
0 0.096615 0.475000 0.046354 0.120370
0 0.020052 0.375926 0.040104 0.022222
0 0.039583 0.472222 0.079167 0.187037
0 0.744271 0.583796 0.106250 0.167593
0 0.907292 0.513426 0.183333 0.143519
1 0.410677 0.448148 0.625521 0.575926
0 0.309375 0.651389 0.375000 0.460185
0 0.791667 0.779167 0.416667 0.441667
10 0.006250 0.593519 0.012500 0.020370
10 0.050781 0.645370 0.015104 0.027778
10 0.135937 0.729167 0.018750 0.032407
10 0.285938 0.889815 0.030208 0.059259