7 0.006510 0.331481 0.010937 0.050000
6 0.004687 0.380093 0.008333 0.080556
5 0.001563 0.397685 0.003125 0.058333
5 0.131250 0.370370 0.026042 0.038889
6 0.030469 0.356019 0.015104 0.065741
5 0.029948 0.373611 0.017188 0.058333
2 0.069792 0.392593 0.075000 0.138889
7 0.234635 0.385648 0.016146 0.060185
7 0.248177 0.408333 0.021354 0.114815
5 0.970052 0.889352 0.054688 0.213889
6 0.471094 0.426389 0.016146 0.025000
6 0.514583 0.482870 0.069792 0.128704
5 0.533854 0.582870 0.097917 0.197222
6 0.479427 0.624074 0.120313 0.398148
5 0.517969 0.741667 0.227604 0.394444