5 0.133333 0.310185 0.043750 0.055556
5 0.197656 0.311111 0.040104 0.050000
6 0.188542 0.275463 0.011458 0.050926
6 0.198437 0.276389 0.010417 0.045370
5 0.199219 0.310648 0.019271 0.062037
7 0.251823 0.274074 0.011979 0.025926
7 0.250781 0.277315 0.009896 0.026852
7 0.243750 0.300463 0.012500 0.076852
7 0.237760 0.303241 0.014063 0.067593
3 0.402344 0.279167 0.050521 0.076852
5 0.151562 0.388889 0.117708 0.150000
6 0.430729 0.311111 0.017708 0.044444
7 0.463281 0.313426 0.024479 0.037963
5 0.432552 0.341667 0.057813 0.092593
3 0.319010 0.344907 0.122396 0.237963
5 0.380729 0.415278 0.134375 0.169444
7 0.498698 0.359259 0.022396 0.070370
7 0.544531 0.339815 0.029687 0.120370
5 0.658333 0.377778 0.101042 0.135185
5 0.741667 0.393519 0.080208 0.129630
5 0.816146 0.400000 0.076042 0.159259