7 0.067448 0.519444 0.060937 0.127778
7 0.159635 0.524537 0.045312 0.136111
7 0.271094 0.455556 0.022396 0.042593
7 0.278646 0.487500 0.036458 0.119444
7 0.297917 0.436111 0.019792 0.031481
7 0.309115 0.511574 0.047396 0.136111
9 0.316146 0.664815 0.070833 0.081481
5 0.645052 0.828704 0.293229 0.333333
6 0.566667 0.667593 0.409375 0.653704
2 0.616406 0.406481 0.067187 0.074074
7 0.748958 0.614815 0.029167 0.085185
7 0.875521 0.618056 0.052083 0.084259
7 0.844010 0.456019 0.025521 0.113889
7 0.882292 0.512037 0.027083 0.120370
7 0.934635 0.460648 0.038021 0.123148
7 0.975000 0.529167 0.035417 0.121296
7 0.950521 0.524074 0.050000 0.137037