2 0.021615 0.588889 0.043229 0.057407
2 0.052344 0.558333 0.023438 0.024074
6 0.049740 0.567593 0.009896 0.029630
2 0.118229 0.562963 0.026042 0.029630
6 0.111198 0.569444 0.016146 0.031481
0 0.153125 0.558796 0.026042 0.028704
0 0.083333 0.574074 0.063542 0.037037
0 0.070833 0.613889 0.137500 0.094444
0 0.129948 0.599537 0.035937 0.082407
0 0.153906 0.625000 0.049479 0.127778
2 0.173177 0.567593 0.025521 0.037037
6 0.195573 0.570370 0.009896 0.020370
0 0.241927 0.569907 0.081771 0.047222
0 0.191406 0.643519 0.066146 0.148148
0 0.243229 0.703241 0.161458 0.239815
0 0.330990 0.622222 0.070312 0.070370
0 0.348438 0.815741 0.241667 0.368519
2 0.660937 0.786111 0.678125 0.427778
0 0.955469 0.640278 0.089063 0.106481
0 0.088542 0.787963 0.176042 0.424074
7 0.334375 0.574537 0.015625 0.047222