6 0.043490 0.367593 0.008854 0.011111
0 0.022917 0.383333 0.021875 0.031481
1 0.006771 0.371759 0.013542 0.056481
5 0.009115 0.418519 0.017188 0.079630
6 0.007031 0.382870 0.014063 0.056481
5 0.019531 0.427315 0.031771 0.045370
6 0.017969 0.396296 0.024479 0.066667
4 0.092969 0.400926 0.089063 0.268519
5 0.006510 0.432407 0.011979 0.012963
6 0.001823 0.512963 0.002604 0.072222
5 0.053385 0.633333 0.089063 0.287037
6 0.050781 0.534259 0.088021 0.329630
1 0.553385 0.372222 0.216146 0.118519
4 0.419271 0.352778 0.072917 0.085185
1 0.830990 0.521296 0.338021 0.394444
5 0.771875 0.528241 0.011458 0.030556
6 0.732031 0.482407 0.031771 0.077778
5 0.930208 0.706944 0.139583 0.195370
6 0.954167 0.670833 0.088542 0.358333
0 0.658854 0.642130 0.451042 0.506481
4 0.307552 0.518056 0.350521 0.630556