7 0.451562 0.322685 0.005208 0.017593
7 0.475521 0.344907 0.007292 0.037963
5 0.701302 0.362500 0.016146 0.049074
6 0.689583 0.353241 0.013542 0.058333
7 0.427344 0.321296 0.005729 0.033333
7 0.410417 0.346296 0.007292 0.044444
7 0.370052 0.321296 0.007812 0.025926
7 0.356771 0.345370 0.009375 0.044444
7 0.169531 0.352315 0.007812 0.043519
7 0.195833 0.353704 0.010417 0.046296
7 0.144271 0.381481 0.011458 0.083333
7 0.169010 0.400000 0.010937 0.033333
5 0.191667 0.392130 0.053125 0.082407
5 0.232813 0.399074 0.044792 0.070370
6 0.232292 0.375000 0.026042 0.079630
7 0.117708 0.393981 0.025000 0.060185
7 0.060937 0.396759 0.017708 0.058333
7 0.077344 0.410648 0.027604 0.145370
5 0.040104 0.443056 0.060417 0.104630
6 0.040365 0.418519 0.038021 0.144444
7 0.009635 0.413889 0.018229 0.157407