3 0.040104 0.408796 0.066667 0.099074
4 0.648438 0.379630 0.067708 0.088889
2 0.704688 0.403704 0.052083 0.061111
0 0.747396 0.412037 0.055208 0.048148
5 0.586198 0.431481 0.016146 0.051852
4 0.490885 0.408333 0.127604 0.138889
3 0.410417 0.428704 0.132292 0.138889
6 0.409375 0.382407 0.021875 0.046296
3 0.203385 0.425463 0.020313 0.063889
0 0.093750 0.491204 0.117708 0.134259
7 0.028646 0.455556 0.026042 0.072222
7 0.006771 0.464815 0.013542 0.081481
5 0.027604 0.542130 0.053125 0.128704
6 0.027604 0.512037 0.041667 0.157407