0 0.032292 0.413889 0.025000 0.040741
0 0.013542 0.415278 0.026042 0.045370
6 0.052344 0.400926 0.007812 0.016667
6 0.055990 0.407407 0.007812 0.012963
5 0.012500 0.442130 0.018750 0.043519
6 0.015365 0.422222 0.018229 0.055556
0 0.091146 0.492593 0.145833 0.174074
5 0.362500 0.552778 0.048958 0.142593
6 0.345313 0.471296 0.032292 0.051852
5 0.322135 0.565278 0.095312 0.193519
6 0.319010 0.520833 0.058854 0.202778
5 0.446615 0.656481 0.136979 0.237037
6 0.440104 0.574537 0.080208 0.245370
5 0.711719 0.683796 0.183854 0.225000
6 0.694271 0.610185 0.077083 0.257407
10 0.009115 0.519444 0.007812 0.012963
10 0.034115 0.541667 0.008854 0.018519
10 0.073177 0.573611 0.010937 0.017593
10 0.122917 0.619444 0.014583 0.022222
10 0.205469 0.687963 0.018229 0.031481
10 0.376302 0.818981 0.032813 0.045370