7 0.034896 0.310185 0.013542 0.027778
7 0.048438 0.301389 0.012500 0.025000
5 0.059635 0.356481 0.048438 0.057407
6 0.054948 0.321759 0.015104 0.039815
5 0.096094 0.350463 0.028646 0.054630
5 0.155729 0.348611 0.076042 0.052778
6 0.139323 0.325000 0.008854 0.044444
7 0.130208 0.299074 0.011458 0.050000
7 0.114323 0.291204 0.010937 0.067593
7 0.166146 0.419907 0.051042 0.243519
0 0.402865 0.341667 0.167187 0.170370
7 0.343490 0.362963 0.027604 0.151852
6 0.315885 0.383333 0.039062 0.112963
5 0.570052 0.367130 0.031771 0.078704
4 0.785417 0.443981 0.422917 0.586111
5 0.577083 0.406019 0.012500 0.062037
0 0.024740 0.493056 0.049479 0.215741