4 0.300260 0.416667 0.055729 0.124074
5 0.223698 0.445370 0.019271 0.061111
6 0.225521 0.430556 0.015625 0.066667
7 0.120052 0.414352 0.014063 0.075000
7 0.098437 0.397222 0.013542 0.079630
5 0.016927 0.447222 0.020313 0.057407
2 0.058073 0.436574 0.069271 0.110185
5 0.265625 0.463889 0.051042 0.074074
5 0.245833 0.475926 0.036458 0.103704
7 0.205729 0.492130 0.037500 0.215741
5 0.159896 0.737037 0.158333 0.407407
6 0.169271 0.606019 0.134375 0.434259
3 0.483073 0.636574 0.234896 0.289815
3 0.813542 0.663889 0.372917 0.672222